0 0.31334459459459457 0.39864864864864863 0.04054054054054054 0.13344594594594594
0 0.10641891891891891 0.45861486486486486 0.03209459459459459 0.11148648648648649
0 0.21283783783783783 0.43158783783783783 0.057432432432432436 0.15202702702702703
0 0.2981418918918919 0.41047297297297297 0.033783783783783786 0.1097972972972973
0 0.5143581081081081 0.3623310810810811 0.02533783783783784 0.06925675675675676
0 0.53125 0.3581081081081081 0.02702702702702703 0.08614864864864864
0 0.4839527027027027 0.3716216216216216 0.04222972972972973 0.11148648648648649
0 0.549831081081081 0.36486486486486486 0.02364864864864865 0.07601351351351351
0 0.5625 0.36486486486486486 0.02364864864864865 0.07094594594594594
0 0.8724662162162162 0.30236486486486486 0.09121621621621621 0.30743243243243246
0 0.9003378378378378 0.31925675675675674 0.16216216216216217 0.589527027027027
0 0.8184121621621622 0.33952702702702703 0.1266891891891892 0.3547297297297297
0 0.41807432432432434 0.5 0.28885135135135137 1
0 0.6368243243243243 0.47466216216216217 0.30405405405405406 0.9459459459459459