0 0.30438311688311687 0.4431818181818182 0.03409090909090909 0.12824675324675325
0 0.11201298701298701 0.515422077922078 0.024350649350649352 0.10551948051948051
0 0.21185064935064934 0.48214285714285715 0.048701298701298704 0.14285714285714285
0 0.2913961038961039 0.45535714285714285 0.027597402597402596 0.1038961038961039
0 0.4943181818181818 0.3944805194805195 0.01948051948051948 0.06493506493506493
0 0.5089285714285714 0.38961038961038963 0.024350649350649352 0.08116883116883117
0 0.4650974025974026 0.40584415584415584 0.03571428571428571 0.10714285714285714
0 0.5275974025974026 0.3944805194805195 0.021103896103896104 0.07142857142857142
0 0.5397727272727273 0.39285714285714285 0.01948051948051948 0.06655844155844155
0 0.8311688311688312 0.3116883116883117 0.07467532467532467 0.29383116883116883
0 0.859577922077922 0.3198051948051948 0.1314935064935065 0.5746753246753247
0 0.7832792207792207 0.35064935064935066 0.10714285714285714 0.33766233766233766
0 0.41233766233766234 0.5284090909090909 0.237012987012987 0.9431818181818182
0 0.6209415584415584 0.476461038961039 0.25487012987012986 0.9366883116883117