0 0.2642857142857143 0.43214285714285716 0.04107142857142857 0.14107142857142857
0 0.055357142857142855 0.51875 0.03214285714285714 0.11785714285714285
0 0.16339285714285715 0.4785714285714286 0.05892857142857143 0.15892857142857142
0 0.25 0.4455357142857143 0.033928571428571426 0.11607142857142858
0 0.4714285714285714 0.37142857142857144 0.025 0.07321428571428572
0 0.48660714285714285 0.3651785714285714 0.02857142857142857 0.09107142857142857
0 0.4392857142857143 0.3848214285714286 0.04285714285714286 0.11785714285714285
0 0.5080357142857143 0.36964285714285716 0.025 0.08035714285714286
0 0.5214285714285715 0.3678571428571429 0.025 0.075
0 0.8383928571428572 0.2669642857142857 0.09285714285714286 0.325
0 0.86875 0.29642857142857143 0.16607142857142856 0.5928571428571429
0 0.7866071428571428 0.31160714285714286 0.13035714285714287 0.375
0 0.3848214285714286 0.5008928571428571 0.29464285714285715 0.9982142857142857
0 0.6133928571428572 0.48660714285714285 0.3125 0.9732142857142857