0 0.3179530201342282 0.43791946308724833 0.031879194630872486 0.13087248322147652
0 0.1174496644295302 0.511744966442953 0.02348993288590604 0.10906040268456375
0 0.22063758389261745 0.4773489932885906 0.04697986577181208 0.1476510067114094
0 0.3036912751677852 0.45050335570469796 0.026845637583892617 0.10738255033557047
0 0.5151006711409396 0.3875838926174497 0.020134228187919462 0.06711409395973154
0 0.5310402684563759 0.3825503355704698 0.02181208053691275 0.08389261744966443
0 0.4848993288590604 0.39932885906040266 0.03523489932885906 0.10906040268456375
0 0.5503355704697986 0.3875838926174497 0.018456375838926176 0.0738255033557047
0 0.5629194630872483 0.38674496644295303 0.018456375838926176 0.06879194630872483
0 0.8657718120805369 0.3036912751677852 0.07046979865771812 0.30201342281879195
0 0.8942953020134228 0.31291946308724833 0.12080536912751678 0.5906040268456376
0 0.8145973154362416 0.34395973154362414 0.10234899328859061 0.34563758389261745
0 0.4286912751677852 0.5209731543624161 0.2197986577181208 0.9580536912751678
0 0.6442953020134228 0.47651006711409394 0.23825503355704697 0.9530201342281879