0 0.15363636363636363 0.38272727272727275 0.06545454545454546 0.15272727272727274
0 0.07818181818181819 0.37454545454545457 0.08545454545454545 0.22181818181818183
0 0.03727272727272727 0.36818181818181817 0.07454545454545454 0.20363636363636364
0 0.7918181818181819 0.5672727272727273 0.08727272727272728 0.26
0 0.9390909090909091 0.6118181818181818 0.11454545454545455 0.32545454545454544
0 0.9718181818181818 0.6263636363636363 0.056363636363636366 0.30727272727272725
0 0.2736363636363636 0.47454545454545455 0.13454545454545455 0.45454545454545453
0 0.5181818181818182 0.5454545454545454 0.12727272727272726 0.35818181818181816
0 0.5745454545454546 0.5572727272727273 0.10363636363636364 0.3145454545454546
0 0.6427272727272727 0.5781818181818181 0.09454545454545454 0.3145454545454546
0 0.6045454545454545 0.5718181818181818 0.11818181818181818 0.3709090909090909
0 0.38 0.5418181818181819 0.3709090909090909 0.9163636363636364
0 0.8545454545454545 0.6454545454545455 0.2690909090909091 0.6654545454545454
0 0.22818181818181818 0.5472727272727272 0.12181818181818181 0.36363636363636365
0 0.7145454545454546 0.6572727272727272 0.22727272727272727 0.6618181818181819