0 0.11458333333333333 0.5199652777777778 0.059027777777777776 0.1440972222222222
0 0.041666666666666664 0.5364583333333334 0.0763888888888889 0.21006944444444445
0 0.018229166666666668 0.5442708333333334 0.036458333333333336 0.1892361111111111
0 0.7230902777777778 0.4835069444444444 0.0763888888888889 0.24305555555555555
0 0.8628472222222222 0.4774305555555556 0.10243055555555555 0.3072916666666667
0 0.9105902777777778 0.4739583333333333 0.07465277777777778 0.2934027777777778
0 0.2282986111111111 0.5668402777777778 0.11458333333333333 0.4305555555555556
0 0.4618055555555556 0.5529513888888888 0.1111111111111111 0.3368055555555556
0 0.5147569444444444 0.546875 0.09027777777777778 0.2986111111111111
0 0.5807291666666666 0.5425347222222222 0.08159722222222222 0.2986111111111111
0 0.5442708333333334 0.5512152777777778 0.10416666666666667 0.3524305555555556
0 0.3342013888888889 0.5807291666666666 0.3263888888888889 0.8298611111111112
0 0.7847222222222222 0.5703125 0.24305555555555555 0.6927083333333334
0 0.18489583333333334 0.6519097222222222 0.1076388888888889 0.3420138888888889
0 0.6501736111111112 0.609375 0.2013888888888889 0.6510416666666666