0 0.1939935064935065 0.5900974025974026 0.05357142857142857 0.13474025974025974
0 0.12905844155844157 0.6152597402597403 0.06818181818181818 0.19480519480519481
0 0.09496753246753246 0.627435064935065 0.05844155844155844 0.17857142857142858
0 0.75 0.4667207792207792 0.06818181818181818 0.22727272727272727
0 0.8782467532467533 0.4407467532467532 0.09090909090909091 0.28733766233766234
0 0.922077922077922 0.4301948051948052 0.06655844155844155 0.27435064935064934
0 0.3051948051948052 0.6160714285714286 0.10064935064935066 0.4025974025974026
0 0.5194805194805194 0.5698051948051948 0.09902597402597403 0.31493506493506496
0 0.5673701298701299 0.5551948051948052 0.07954545454545454 0.2775974025974026
0 0.627435064935065 0.5422077922077922 0.07142857142857142 0.2792207792207792
0 0.5949675324675324 0.5551948051948052 0.09253246753246754 0.32954545454545453
0 0.4050324675324675 0.6128246753246753 0.29383116883116883 0.7743506493506493
0 0.8198051948051948 0.5381493506493507 0.2159090909090909 0.6444805194805194
0 0.2784090909090909 0.7012987012987013 0.09415584415584416 0.3198051948051948
0 0.7012987012987013 0.5933441558441559 0.17857142857142858 0.6071428571428571