0 0.08181818181818182 0.47454545454545455 0.06 0.1509090909090909
0 0.02181818181818182 0.4618181818181818 0.04363636363636364 0.21818181818181817
0 0.7127272727272728 0.6818181818181818 0.07818181818181819 0.2581818181818182
0 0.8581818181818182 0.7318181818181818 0.10363636363636364 0.32181818181818184
0 0.9072727272727272 0.7472727272727273 0.07818181818181819 0.30727272727272725
0 0.19818181818181818 0.5709090909090909 0.12 0.4509090909090909
0 0.4409090909090909 0.6509090909090909 0.11454545454545455 0.3563636363636364
0 0.4954545454545455 0.6636363636363637 0.09272727272727273 0.31272727272727274
0 0.5636363636363636 0.6872727272727273 0.08363636363636363 0.31272727272727274
0 0.5254545454545455 0.68 0.10545454545454545 0.3690909090909091
0 0.29818181818181816 0.5936363636363636 0.33454545454545453 0.8127272727272727
0 0.7709090909090909 0.7118181818181818 0.24181818181818182 0.56
0 0.1509090909090909 0.6418181818181818 0.10909090909090909 0.36
0 0.63 0.7190909090909091 0.2 0.5581818181818182