0 0.7662116040955631 0.16382252559726962 0.08191126279863481 0.31399317406143346
0 0.8993174061433447 0.15187713310580206 0.07508532423208192 0.3037542662116041
0 0.7201365187713311 0.20648464163822525 0.08191126279863481 0.2901023890784983
0 0.5674061433447098 0.27474402730375425 0.09897610921501707 0.3873720136518771
0 0.7235494880546075 0.32764505119453924 0.07679180887372014 0.32764505119453924
0 0.5443686006825939 0.378839590443686 0.09044368600682594 0.2901023890784983
0 0.8250853242320819 0.32081911262798635 0.1075085324232082 0.3822525597269625
0 0.8924914675767918 0.3054607508532423 0.10238907849829351 0.37542662116040953
0 0.697098976109215 0.363481228668942 0.07508532423208192 0.3361774744027304
0 0.6203071672354948 0.3856655290102389 0.09044368600682594 0.37542662116040953
0 0.23720136518771331 0.5102389078498294 0.10921501706484642 0.34812286689419797
0 0.44880546075085326 0.46245733788395904 0.07167235494880546 0.27986348122866894
0 0.5025597269624573 0.4778156996587031 0.10238907849829351 0.37372013651877134
0 0.40955631399317405 0.5546075085324232 0.15017064846416384 0.40273037542662116
0 0.3191126279863481 0.6322525597269625 0.13822525597269625 0.4351535836177474
0 0.25426621160409557 0.6621160409556314 0.06655290102389079 0.3430034129692833
0 0.6988054607508533 0.5639931740614335 0.12798634812286688 0.40273037542662116
0 0.8020477815699659 0.5392491467576792 0.15017064846416384 0.4402730375426621
0 0.22525597269624573 0.6911262798634812 0.10238907849829351 0.4112627986348123
0 0.40955631399317405 0.6467576791808873 0.12286689419795221 0.40784982935153585
0 0.18430034129692832 0.7039249146757679 0.10580204778156997 0.45051194539249145
0 0.32849829351535836 0.6962457337883959 0.09556313993174062 0.36860068259385664
0 0.552901023890785 0.6518771331058021 0.11774744027303755 0.431740614334471
0 0.4812286689419795 0.6945392491467577 0.11433447098976109 0.3839590443686007