0 0.6926910299003323 0.1569767441860465 0.10465116279069768 0.3122923588039867
0 0.8181063122923588 0.13538205980066445 0.09800664451827243 0.2707641196013289
0 0.6519933554817275 0.2059800664451827 0.10299003322259136 0.28903654485049834
0 0.5099667774086378 0.3014950166112957 0.12624584717607973 0.38372093023255816
0 0.665282392026578 0.3239202657807309 0.10132890365448505 0.3239202657807309
0 0.49667774086378735 0.4069767441860465 0.10963455149501661 0.29069767441860467
0 0.760797342192691 0.29817275747508304 0.1345514950166113 0.3803986710963455
0 0.8255813953488372 0.27159468438538203 0.12790697674418605 0.3754152823920266
0 0.6420265780730897 0.3637873754152824 0.09966777408637874 0.33222591362126247
0 0.5714285714285714 0.3995016611295681 0.11627906976744186 0.3687707641196013
0 0.21345514950166114 0.590531561461794 0.13122923588039867 0.3488372093023256
0 0.4119601328903654 0.5049833887043189 0.08970099667774087 0.27906976744186046
0 0.4659468438538206 0.5099667774086378 0.12790697674418605 0.37209302325581395
0 0.38205980066445183 0.6013289036544851 0.1760797342192691 0.40863787375415284
0 0.3014950166112957 0.6935215946843853 0.16777408637873753 0.43521594684385384
0 0.24169435215946844 0.7350498338870431 0.09136212624584718 0.33554817275747506
0 0.659468438538206 0.5573089700996677 0.15448504983388706 0.40365448504983387
0 0.7574750830564784 0.5141196013289037 0.17940199335548174 0.44518272425249167
0 0.2159468438538206 0.7699335548172758 0.132890365448505 0.4069767441860465
0 0.38953488372093026 0.6910299003322259 0.15282392026578073 0.40863787375415284
0 0.1760797342192691 0.7832225913621262 0.1362126245847176 0.4335548172757475
0 0.31561461794019935 0.7541528239202658 0.12292358803986711 0.3654485049833887
0 0.5274086378737541 0.6694352159468439 0.1478405315614618 0.42857142857142855
0 0.46179401993355484 0.7250830564784053 0.13953488372093023 0.38372093023255816