0 0.6790540540540541 0.15118243243243243 0.0945945945945946 0.30236486486486486
0 0.808277027027027 0.13260135135135134 0.08952702702702703 0.2652027027027027
0 0.6351351351351351 0.19425675675675674 0.0945945945945946 0.2922297297297297
0 0.48817567567567566 0.28547297297297297 0.11486486486486487 0.38682432432432434
0 0.6444256756756757 0.3141891891891892 0.0929054054054054 0.3277027027027027
0 0.47128378378378377 0.3927364864864865 0.10135135135135136 0.2939189189189189
0 0.7432432432432432 0.29138513513513514 0.12331081081081081 0.38344594594594594
0 0.8099662162162162 0.2668918918918919 0.11824324324324324 0.3783783783783784
0 0.6199324324324325 0.35388513513513514 0.08952702702702703 0.3344594594594595
0 0.5464527027027027 0.3876689189189189 0.10641891891891891 0.3733108108108108
0 0.17652027027027026 0.5692567567567568 0.12162162162162163 0.35135135135135137
0 0.38091216216216217 0.48986486486486486 0.08277027027027027 0.28040540540540543
0 0.4358108108108108 0.4966216216216216 0.11824324324324324 0.375
0 0.3471283783783784 0.5861486486486487 0.16385135135135134 0.41047297297297297
0 0.26182432432432434 0.6773648648648649 0.1554054054054054 0.4391891891891892
0 0.20016891891891891 0.7179054054054054 0.08108108108108109 0.33952702702702703
0 0.6309121621621622 0.5515202702702703 0.14358108108108109 0.40709459459459457
0 0.7322635135135135 0.5109797297297297 0.16722972972972974 0.44763513513513514
0 0.17229729729729729 0.7516891891891891 0.11993243243243243 0.41047297297297297
0 0.35135135135135137 0.6773648648648649 0.14020270270270271 0.41047297297297297
0 0.13260135135135134 0.7694256756756757 0.12331081081081081 0.44763513513513514
0 0.27449324324324326 0.7398648648648649 0.11317567567567567 0.36824324324324326
0 0.49324324324324326 0.660472972972973 0.13513513513513514 0.43243243243243246
0 0.4239864864864865 0.714527027027027 0.12837837837837837 0.38682432432432434