0 0.20446735395189003 0.23883161512027493 0.07216494845360824 0.30927835051546393
0 0.070446735395189 0.25945017182130586 0.06529209621993128 0.32130584192439865
0 0.25687285223367695 0.2663230240549828 0.07216494845360824 0.2852233676975945
0 0.4183848797250859 0.28350515463917525 0.0859106529209622 0.3797250859106529
0 0.27491408934707906 0.3857388316151203 0.06701030927835051 0.3230240549828179
0 0.4587628865979381 0.3788659793814433 0.08075601374570447 0.281786941580756
0 0.17525773195876287 0.4106529209621993 0.09450171821305842 0.37285223367697595
0 0.10652920962199312 0.41924398625429554 0.09106529209621993 0.36769759450171824
0 0.3075601374570447 0.41237113402061853 0.06357388316151202 0.3316151202749141
0 0.3848797250859107 0.4097938144329897 0.07731958762886598 0.3711340206185567
0 0.7809278350515464 0.40893470790378006 0.0979381443298969 0.3384879725085911
0 0.5661512027491409 0.42955326460481097 0.061855670103092786 0.27319587628865977
0 0.5163230240549829 0.4630584192439863 0.09106529209621993 0.3642611683848797
0 0.6202749140893471 0.506872852233677 0.13745704467353953 0.3848797250859107
0 0.7225085910652921 0.5549828178694158 0.1254295532646048 0.4209621993127148
0 0.7903780068728522 0.5644329896907216 0.054982817869415807 0.34192439862542956
0 0.3402061855670103 0.6091065292096219 0.11512027491408934 0.3900343642611684
0 0.23539518900343642 0.6185567010309279 0.13745704467353953 0.4261168384879725
0 0.8247422680412371 0.5833333333333334 0.08934707903780069 0.40378006872852235
0 0.6365979381443299 0.5979381443298969 0.11168384879725086 0.39690721649484534
0 0.8668384879725086 0.5816151202749141 0.09106529209621993 0.44329896907216493
0 0.7242268041237113 0.6202749140893471 0.08419243986254296 0.36082474226804123
0 0.49742268041237114 0.6494845360824743 0.10309278350515463 0.422680412371134
0 0.5756013745704467 0.6675257731958762 0.1013745704467354 0.3745704467353952