0 0.2634228187919463 0.2558724832214765 0.07046979865771812 0.30201342281879195
0 0.13087248322147652 0.2575503355704698 0.06375838926174497 0.313758389261745
0 0.3104026845637584 0.28942953020134227 0.07046979865771812 0.2785234899328859
0 0.4639261744966443 0.32802013422818793 0.08389261744966443 0.37080536912751677
0 0.311241610738255 0.40687919463087246 0.06543624161073826 0.31543624161073824
0 0.4899328859060403 0.42533557046979864 0.07885906040268456 0.2751677852348993
0 0.21140939597315436 0.41778523489932884 0.09228187919463088 0.3640939597315436
0 0.14429530201342283 0.4161073825503356 0.08892617449664429 0.35906040268456374
0 0.33976510067114096 0.43708053691275167 0.06208053691275168 0.3238255033557047
0 0.41442953020134227 0.44546979865771813 0.07550335570469799 0.3624161073825503
0 0.7978187919463087 0.4983221476510067 0.09563758389261745 0.33053691275167785
0 0.587248322147651 0.4890939597315436 0.06040268456375839 0.26677852348993286
0 0.5343959731543624 0.514261744966443 0.08892617449664429 0.35570469798657717
0 0.6283557046979866 0.5713087248322147 0.1342281879194631 0.37583892617449666
0 0.7214765100671141 0.6317114093959731 0.12248322147651007 0.4110738255033557
0 0.785234899328859 0.6493288590604027 0.053691275167785234 0.3338926174496644
0 0.3447986577181208 0.6317114093959731 0.11241610738255034 0.3808724832214765
0 0.24161073825503357 0.6266778523489933 0.1342281879194631 0.4161073825503356
0 0.8162751677852349 0.6728187919463087 0.087248322147651 0.39429530201342283
0 0.6325503355704698 0.6610738255033557 0.10906040268456375 0.3875838926174497
0 0.8565436241610739 0.677013422818792 0.08892617449664429 0.43288590604026844
0 0.7139261744966443 0.6946308724832215 0.08221476510067115 0.3523489932885906
0 0.49077181208053694 0.6921140939597316 0.10067114093959731 0.412751677852349
0 0.5637583892617449 0.7206375838926175 0.09899328859060402 0.36577181208053694