0 0.8090277777777778 0.1814236111111111 0.09027777777777778 0.3211805555555556
0 0.9444444444444444 0.17881944444444445 0.08159722222222222 0.3159722222222222
0 0.7578125 0.2204861111111111 0.08854166666666667 0.296875
0 0.5972222222222222 0.2760416666666667 0.1076388888888889 0.3940972222222222
0 0.7508680555555556 0.34375 0.08333333333333333 0.3350694444444444
0 0.5642361111111112 0.3802083333333333 0.09722222222222222 0.2951388888888889
0 0.8541666666666666 0.3454861111111111 0.11631944444444445 0.390625
0 0.9244791666666666 0.3359375 0.109375 0.3819444444444444
0 0.7204861111111112 0.3776041666666667 0.08159722222222222 0.34375
0 0.6414930555555556 0.3932291666666667 0.09722222222222222 0.3836805555555556
0 0.24131944444444445 0.4852430555555556 0.11631944444444445 0.3559027777777778
0 0.4609375 0.4565972222222222 0.0763888888888889 0.2864583333333333
0 0.5130208333333334 0.4765625 0.109375 0.3802083333333333
0 0.4123263888888889 0.5460069444444444 0.1597222222222222 0.4114583333333333
0 0.3142361111111111 0.6171875 0.14756944444444445 0.4444444444444444
0 0.2456597222222222 0.6414930555555556 0.07291666666666667 0.3489583333333333
0 0.7039930555555556 0.5807291666666666 0.1371527777777778 0.4114583333333333
0 0.8116319444444444 0.5651041666666666 0.1597222222222222 0.4496527777777778
0 0.2126736111111111 0.6684027777777778 0.1111111111111111 0.4184027777777778
0 0.4036458333333333 0.6388888888888888 0.13194444444444445 0.4166666666666667
0 0.17100694444444445 0.6770833333333334 0.11631944444444445 0.4583333333333333
0 0.3177083333333333 0.6822916666666666 0.10416666666666667 0.375
0 0.5494791666666666 0.6571180555555556 0.1267361111111111 0.4409722222222222
0 0.4722222222222222 0.6944444444444444 0.1232638888888889 0.3923611111111111