0 0.22440273037542663 0.40955631399317405 0.01877133105802048 0.04607508532423208
0 0.11604095563139932 0.42918088737201365 0.030716723549488054 0.10580204778156997
0 0.3174061433447099 0.4974402730375427 0.09215017064846416 0.39761092150170646
0 0.514505119453925 0.4778156996587031 0.07679180887372014 0.40955631399317405
0 0.47440273037542663 0.4931740614334471 0.10409556313993173 0.45051194539249145
0 0.7081911262798635 0.4803754266211604 0.09215017064846416 0.4129692832764505
0 0.45307167235494883 0.5119453924914675 0.1296928327645051 0.5341296928327645
0 0.8643344709897611 0.4863481228668942 0.10409556313993173 0.45051194539249145
0 0.7337883959044369 0.5025597269624573 0.11262798634812286 0.4129692832764505
0 0.3677474402730375 0.5418088737201365 0.1757679180887372 0.6126279863481229
0 0.8020477815699659 0.4991467576791809 0.11604095563139932 0.4402730375426621
0 0.6527303754266212 0.5136518771331058 0.12116040955631399 0.4249146757679181
0 0.5546075085324232 0.5341296928327645 0.14675767918088736 0.5034129692832765
0 0.9291808873720137 0.5008532423208191 0.12116040955631399 0.5273037542662116