0 0.7458745874587459 0.4315181518151815 0.0165016501650165 0.0429042904290429
0 0.8514851485148515 0.4397689768976898 0.0231023102310231 0.09735973597359736
0 0.6584158415841584 0.5247524752475248 0.06765676567656766 0.3795379537953795
0 0.46782178217821785 0.5272277227722773 0.052805280528052806 0.3943894389438944
0 0.5074257425742574 0.5379537953795379 0.07590759075907591 0.4273927392739274
0 0.28217821782178215 0.5486798679867987 0.066006600660066 0.3943894389438944
0 0.528052805280528 0.5544554455445545 0.09735973597359736 0.5066006600660066
0 0.13283828382838284 0.5717821782178217 0.07590759075907591 0.4273927392739274
0 0.25825082508250824 0.5734323432343235 0.08745874587458746 0.3910891089108911
0 0.6113861386138614 0.5734323432343235 0.14026402640264027 0.5775577557755776
0 0.19224422442244224 0.5775577557755776 0.0891089108910891 0.4141914191419142
0 0.3358085808580858 0.5767326732673267 0.09405940594059406 0.40264026402640263
0 0.4315181518151815 0.5866336633663366 0.11551155115511551 0.4752475247524752
0 0.07013201320132013 0.5915841584158416 0.09075907590759076 0.5