0 0.7531746031746032 0.423015873015873 0.014285714285714285 0.04126984126984127
0 0.8547619047619047 0.43333333333333335 0.020634920634920634 0.09365079365079365
0 0.6674603174603174 0.5119047619047619 0.05873015873015873 0.36507936507936506
0 0.48412698412698413 0.5111111111111111 0.044444444444444446 0.37777777777777777
0 0.5214285714285715 0.5222222222222223 0.06507936507936508 0.4111111111111111
0 0.3055555555555556 0.5285714285714286 0.05714285714285714 0.37936507936507935
0 0.542063492063492 0.5380952380952381 0.08412698412698413 0.4873015873015873
0 0.16111111111111112 0.5476190476190477 0.06507936507936508 0.4111111111111111
0 0.28174603174603174 0.5523809523809524 0.07777777777777778 0.3761904761904762
0 0.6214285714285714 0.557936507936508 0.1253968253968254 0.553968253968254
0 0.21825396825396826 0.5547619047619048 0.07777777777777778 0.3984126984126984
0 0.35634920634920636 0.5563492063492064 0.08412698412698413 0.38571428571428573
0 0.44761904761904764 0.5674603174603174 0.10317460317460317 0.45555555555555555
0 0.1 0.5666666666666667 0.07777777777777778 0.48095238095238096