0 0.5532258064516129 0.5330645161290323 0.13709677419354838 0.6112903225806452
0 0.3895161290322581 0.5080645161290323 0.11129032258064517 0.49193548387096775
0 0.7919354838709678 0.5766129032258065 0.07741935483870968 0.3580645161290323
0 0.910483870967742 0.5991935483870968 0.07419354838709677 0.3467741935483871
0 0.031451612903225803 0.45241935483870965 0.06290322580645161 0.43709677419354837
0 0.19919354838709677 0.4967741935483871 0.1435483870967742 0.582258064516129
0 0.9338709677419355 0.6266129032258064 0.13225806451612904 0.47580645161290325
0 0.2435483870967742 0.5153225806451613 0.17096774193548386 0.6274193548387097
0 0.9483870967741935 0.6475806451612903 0.1032258064516129 0.5790322580645161
0 0.12419354838709677 0.510483870967742 0.1064516129032258 0.5435483870967742
0 0.09919354838709678 0.5064516129032258 0.08709677419354839 0.3741935483870968
0 0.8241935483870968 0.6266129032258064 0.21129032258064517 0.7032258064516129
0 0.05161290322580645 0.4975806451612903 0.1032258064516129 0.4854838709677419
0 0.7338709677419355 0.6193548387096774 0.17580645161290323 0.614516129032258
0 0.3024193548387097 0.55 0.12580645161290321 0.482258064516129
0 0.17258064516129032 0.532258064516129 0.14838709677419354 0.5935483870967742
0 0.5903225806451613 0.6008064516129032 0.12741935483870967 0.6129032258064516
0 0.43306451612903224 0.5693548387096774 0.2661290322580645 0.8612903225806452
0 0.6306451612903226 0.6185483870967742 0.2 0.6629032258064517