0 0.4172297297297297 0.49746621621621623 0.19763513513513514 0.6537162162162162
0 0.581081081081081 0.5768581081081081 0.15878378378378377 0.5236486486486487
0 0.17567567567567569 0.3918918918918919 0.11148648648648649 0.38006756756756754
0 0.057432432432432436 0.3403716216216216 0.10810810810810811 0.36824324324324326
0 0.9425675675675675 0.7516891891891891 0.11317567567567567 0.46621621621621623
0 0.7677364864864865 0.683277027027027 0.19932432432432431 0.625
0 0.057432432432432436 0.35388513513513514 0.11486486486486487 0.5152027027027027
0 0.7195945945945946 0.6672297297297297 0.23310810810810811 0.6655405405405406
0 0.04307432432432432 0.3589527027027027 0.08614864864864864 0.6097972972972973
0 0.8353040540540541 0.7263513513513513 0.16047297297297297 0.5472972972972973
0 0.8597972972972973 0.7533783783783784 0.125 0.40033783783783783
0 0.13597972972972974 0.4189189189189189 0.2719594594594595 0.7668918918918919
0 0.9138513513513513 0.7609797297297297 0.16891891891891891 0.4780405405405405
0 0.2195945945945946 0.46959459459459457 0.23817567567567569 0.668918918918919
0 0.652027027027027 0.6697635135135135 0.17229729729729729 0.5202702702702703
0 0.7829391891891891 0.706081081081081 0.20777027027027026 0.5878378378378378
0 0.36317567567567566 0.5413851351351351 0.1875 0.652027027027027
0 0.5219594594594594 0.5675675675675675 0.35135135135135137 0.8648648648648649
0 0.31841216216216217 0.53125 0.2668918918918919 0.722972972972973