0 0.4012027491408935 0.5240549828178694 0.19072164948453607 0.6632302405498282
0 0.5764604810996563 0.5833333333333334 0.15292096219931273 0.5309278350515464
0 0.14432989690721648 0.4475945017182131 0.10824742268041238 0.3848797250859107
0 0.03436426116838488 0.40807560137457044 0.06872852233676977 0.37285223367697595
0 0.9553264604810997 0.7156357388316151 0.08934707903780069 0.4725085910652921
0 0.7783505154639175 0.6675257731958762 0.19243986254295534 0.6323024054982818
0 0.036941580756013746 0.422680412371134 0.07388316151202749 0.5223367697594502
0 0.7276632302405498 0.6563573883161512 0.22508591065292097 0.6718213058419243
0 0.023195876288659795 0.43041237113402064 0.04639175257731959 0.6202749140893471
0 0.8530927835051546 0.7053264604810997 0.15292096219931273 0.5584192439862543
0 0.8797250859106529 0.7276632302405498 0.12027491408934708 0.4072164948453608
0 0.11941580756013746 0.48109965635738833 0.23883161512027493 0.7766323024054983
0 0.9286941580756014 0.7319587628865979 0.14261168384879724 0.4948453608247423
0 0.19845360824742267 0.5197594501718213 0.23024054982817868 0.6769759450171822
0 0.6606529209621993 0.6692439862542955 0.16666666666666666 0.5274914089347079
0 0.7972508591065293 0.6898625429553265 0.19931271477663232 0.5979381443298969
0 0.35223367697594504 0.5747422680412371 0.18041237113402062 0.6615120274914089
0 0.5163230240549829 0.5721649484536082 0.34192439862542956 0.8556701030927835
0 0.30584192439862545 0.570446735395189 0.25945017182130586 0.7319587628865979