0 0.820957095709571 0.5536303630363036 0.04785478547854786 0.19636963696369636
0 0.7937293729372937 0.5693069306930693 0.0627062706270627 0.26567656765676567
0 0.5371287128712872 0.5371287128712872 0.05115511551155116 0.22442244224422442
0 0.8506600660066007 0.5957095709570958 0.057755775577557754 0.24092409240924093
0 0.5132013201320133 0.5420792079207921 0.07920792079207921 0.28052805280528054
0 0.42244224422442245 0.5396039603960396 0.07425742574257425 0.2871287128712871
0 0.5693069306930693 0.5676567656765676 0.07260726072607261 0.26897689768976896
0 0.2665016501650165 0.5305280528052805 0.08250825082508251 0.36633663366336633
0 0.1476897689768977 0.5222772277227723 0.1353135313531353 0.43399339933993397
0 0.21287128712871287 0.5437293729372937 0.10561056105610561 0.44884488448844884
0 0.4018151815181518 0.58003300330033 0.1188118811881188 0.35973597359735976
0 0.46864686468646866 0.5932343234323433 0.10891089108910891 0.3844884488448845
0 0.2929042904290429 0.5726072607260726 0.11221122112211221 0.44884488448844884
0 0.34983498349834985 0.599009900990099 0.132013201320132 0.45544554455445546
0 0.608085808580858 0.6584158415841584 0.15016501650165018 0.5412541254125413
0 0.6534653465346535 0.6773927392739274 0.15676567656765678 0.5841584158415841
0 0.7128712871287128 0.7186468646864687 0.15676567656765678 0.5528052805280528