0 0.13386524822695037 0.5691489361702128 0.05851063829787234 0.2127659574468085
0 0.16400709219858156 0.5815602836879432 0.07624113475177305 0.28900709219858156
0 0.43439716312056736 0.5053191489361702 0.06205673758865248 0.24113475177304963
0 0.10638297872340426 0.6179078014184397 0.07092198581560284 0.25886524822695034
0 0.46099290780141844 0.5079787234042553 0.09574468085106383 0.3049645390070922
0 0.5558510638297872 0.49024822695035464 0.09042553191489362 0.3120567375886525
0 0.4024822695035461 0.5434397163120568 0.0851063829787234 0.2925531914893617
0 0.7216312056737588 0.45567375886524825 0.10283687943262411 0.3953900709219858
0 0.8475177304964538 0.42641843971631205 0.16312056737588654 0.4716312056737589
0 0.7801418439716312 0.46099290780141844 0.13297872340425532 0.4858156028368794
0 0.5833333333333334 0.5301418439716312 0.14361702127659576 0.39184397163120566
0 0.5132978723404256 0.5549645390070922 0.13120567375886524 0.41843971631205673
0 0.6976950354609929 0.5035460992907801 0.13829787234042554 0.48404255319148937
0 0.6409574468085106 0.5425531914893617 0.15780141843971632 0.49822695035460995
0 0.3723404255319149 0.6471631205673759 0.18262411347517732 0.5851063829787234
0 0.3262411347517731 0.6737588652482269 0.19148936170212766 0.6329787234042553
0 0.26595744680851063 0.7136524822695035 0.1879432624113475 0.5726950354609929