1 0.26348920863309355 0.3102517985611511 0.5269784172661871 0.6205035971223022
1 0.6312949640287769 0.32014388489208634 0.2949640287769784 0.6384892086330936
1 0.8498201438848921 0.3363309352517986 0.30035971223021585 0.6402877697841727
1 0.18525179856115107 0.9424460431654677 0.02877697841726619 0.07553956834532374
1 0.11510791366906475 0.9010791366906474 0.025179856115107913 0.06294964028776978
1 0.29856115107913667 0.9640287769784173 0.0341726618705036 0.048561151079136694
1 0.37589928057553956 0.8767985611510791 0.02697841726618705 0.06654676258992806
1 0.35251798561151076 0.9424460431654677 0.048561151079136694 0.09532374100719425
1 0.18884892086330934 0.7913669064748201 0.03237410071942446 0.08812949640287769
1 0.047661870503597124 0.810251798561151 0.03237410071942446 0.08093525179856115
1 0.08543165467625899 0.6960431654676259 0.02158273381294964 0.06654676258992806
1 0.0035971223021582736 0.9379496402877698 0.007194244604316547 0.05575539568345324
1 0.4595323741007194 0.7535971223021583 0.030575539568345324 0.08273381294964029
1 0.43615107913669066 0.9640287769784173 0.0341726618705036 0.06654676258992806
1 0.31115107913669066 0.9055755395683454 0.02877697841726619 0.07553956834532374
1 0.2841726618705036 0.7724820143884892 0.02697841726618705 0.07014388489208633
1 0.01079136690647482 0.8345323741007195 0.02158273381294964 0.08273381294964029
1 0.33723021582733814 0.8579136690647482 0.023381294964028777 0.06474820143884892
1 0.25539568345323743 0.7697841726618705 0.030575539568345324 0.0737410071942446
1 0.36151079136690645 0.7014388489208633 0.03237410071942446 0.07014388489208633
1 0.4523381294964029 0.8767985611510791 0.025179856115107913 0.06294964028776978
1 0.014388489208633094 0.9100719424460432 0.02877697841726619 0.08273381294964029
1 0.3606115107913669 0.6303956834532374 0.025179856115107913 0.03597122302158273
1 0.22482014388489208 0.7086330935251799 0.02877697841726619 0.07733812949640288
1 0.44514388489208634 0.8300359712230215 0.025179856115107913 0.06115107913669065
1 0.0035971223021582736 0.7535971223021583 0.007194244604316547 0.08633093525179857
1 0.28776978417266186 0.9109712230215827 0.02877697841726619 0.07014388489208633
1 0.256294964028777 0.9640287769784173 0.025179856115107913 0.04136690647482014
1 0.029676258992805755 0.954136690647482 0.02877697841726619 0.030575539568345324
1 0.3183453237410072 0.7940647482014388 0.0341726618705036 0.07553956834532374
1 0.25359712230215825 0.9199640287769785 0.03237410071942446 0.07194244604316546
1 0.21942446043165467 0.8651079136690647 0.0341726618705036 0.08453237410071943
1 0.39388489208633093 0.9487410071942446 0.0539568345323741 0.09352517985611511
1 0.3534172661870504 0.7994604316546763 0.023381294964028777 0.0683453237410072
1 0.7230215827338129 0.810251798561151 0.5323741007194245 0.37949640287769787
1 0.8579136690647482 0.8201438848920863 0.26258992805755393 0.3597122302158273