1 0.28634751773049644 0.34574468085106386 0.5726950354609929 0.6914893617021277
1 0.6737588652482269 0.3262411347517731 0.29432624113475175 0.6524822695035462
1 0.8687943262411347 0.3191489361702128 0.2624113475177305 0.6382978723404256
1 0.32358156028368795 0.9849290780141844 0.026595744680851064 0.030141843971631204
1 0.25 0.9725177304964538 0.024822695035460994 0.0549645390070922
1 0.031914893617021274 0.9379432624113475 0.010638297872340425 0.07092198581560284
1 0.5026595744680851 0.9175531914893617 0.026595744680851064 0.06560283687943262
1 0.4867021276595745 0.9680851063829787 0.044326241134751775 0.06382978723404255
1 0.3076241134751773 0.8590425531914894 0.031914893617021274 0.08687943262411348
1 0.17198581560283688 0.8971631205673759 0.031914893617021274 0.0797872340425532
1 0.19326241134751773 0.7810283687943262 0.02127659574468085 0.06560283687943262
1 0.5673758865248227 0.7854609929078015 0.030141843971631204 0.08156028368794327
1 0.11790780141843972 0.9663120567375887 0.03368794326241135 0.0673758865248227
1 0.5718085106382979 0.9796099290780141 0.031914893617021274 0.03546099290780142
1 0.4432624113475177 0.9547872340425532 0.028368794326241134 0.07446808510638298
1 0.061170212765957445 0.8900709219858156 0.028368794326241134 0.07092198581560284
1 0.39893617021276595 0.8280141843971631 0.026595744680851064 0.06914893617021277
1 0.13829787234042554 0.9273049645390071 0.024822695035460994 0.08156028368794327
1 0.03368794326241135 0.87677304964539 0.02304964539007092 0.0851063829787234
1 0.46187943262411346 0.9042553191489362 0.02304964539007092 0.06382978723404255
1 0.37056737588652483 0.8289007092198581 0.030141843971631204 0.0726950354609929
1 0.46365248226950356 0.74822695035461 0.031914893617021274 0.06914893617021277
1 0.5762411347517731 0.9069148936170213 0.024822695035460994 0.06205673758865248
1 0.15159574468085107 0.9796099290780141 0.030141843971631204 0.040780141843971635
1 0.4530141843971631 0.6781914893617021 0.024822695035460994 0.03546099290780142
1 0.33156028368794327 0.773936170212766 0.028368794326241134 0.07624113475177305
1 0.5638297872340425 0.8617021276595744 0.024822695035460994 0.06028368794326241
1 0.11170212765957446 0.851063829787234 0.030141843971631204 0.0851063829787234
1 0.42021276595744683 0.9627659574468085 0.028368794326241134 0.06914893617021277
1 0.038120567375886524 0.7535460992907801 0.02304964539007092 0.06205673758865248
1 0.08244680851063829 0.9804964539007093 0.03723404255319149 0.03900709219858156
1 0.43439716312056736 0.8439716312056738 0.03368794326241135 0.07446808510638298
1 0.3882978723404255 0.9698581560283688 0.031914893617021274 0.06028368794326241
1 0.3475177304964539 0.9273049645390071 0.03368794326241135 0.08333333333333333
1 0.5274822695035462 0.9689716312056738 0.051418439716312055 0.06205673758865248
1 0.4698581560283688 0.8448581560283688 0.02304964539007092 0.0673758865248227
1 0.7863475177304965 0.8085106382978723 0.42730496453900707 0.3723404255319149
1 0.9193262411347518 0.7987588652482269 0.16134751773049646 0.3528368794326241