0 0.06045751633986928 0.826797385620915 0.10784313725490197 0.3464052287581699
0 0.15196078431372548 0.7687908496732027 0.21895424836601307 0.4624183006535948
0 0.04330065359477124 0.5310457516339869 0.08660130718954248 0.34967320261437906
0 0.03594771241830065 0.4616013071895425 0.0718954248366013 0.26633986928104575
0 0.3194444444444444 0.8120915032679739 0.26633986928104575 0.3758169934640523
0 0.4665032679738562 0.8071895424836601 0.22058823529411764 0.38562091503267976
0 0.6217320261437909 0.8415032679738562 0.22058823529411764 0.315359477124183
0 0.7009803921568627 0.75 0.2369281045751634 0.49019607843137253
0 0.8733660130718954 0.7606209150326797 0.25326797385620914 0.4493464052287582
0 0.8537581699346405 0.6535947712418301 0.23039215686274508 0.44281045751633985
0 0.9011437908496732 0.6045751633986928 0.1454248366013072 0.369281045751634
0 0.7655228758169934 0.5359477124183006 0.14705882352941177 0.45588235294117646
0 0.696078431372549 0.5408496732026143 0.11437908496732026 0.35130718954248363
0 0.5506535947712419 0.5253267973856209 0.16176470588235295 0.28104575163398693
0 0.3946078431372549 0.6029411764705882 0.17483660130718953 0.5049019607843137
0 0.21895424836601307 0.5825163398692811 0.21895424836601307 0.6160130718954249
0 0.13725490196078433 0.4477124183006536 0.08660130718954248 0.3202614379084967
0 0.12908496732026145 0.39133986928104575 0.11764705882352941 0.3758169934640523
0 0.3611111111111111 0.3815359477124183 0.14052287581699346 0.47549019607843135
0 0.45179738562091504 0.33251633986928103 0.15359477124183007 0.4950980392156863
0 0.5187908496732027 0.43137254901960786 0.119281045751634 0.2549019607843137
0 0.5898692810457516 0.4019607843137255 0.11601307189542484 0.2549019607843137
0 0.6674836601307189 0.309640522875817 0.10457516339869281 0.4084967320261438
0 0.8382352941176471 0.33578431372549017 0.13725490196078433 0.2581699346405229
0 0.9468954248366013 0.47630718954248363 0.10620915032679738 0.6290849673202614
0 0.9681372549019608 0.16584967320261437 0.0392156862745098 0.19444444444444445
0 0.9354575163398693 0.25245098039215685 0.11274509803921569 0.4199346405228758
0 0.9558823529411765 0.07107843137254902 0.05228758169934641 0.14215686274509803
0 0.8946078431372549 0.15522875816993464 0.06862745098039216 0.29411764705882354
0 0.8276143790849673 0.04738562091503268 0.05065359477124183 0.09477124183006536
0 0.8562091503267973 0.12418300653594772 0.06862745098039216 0.19117647058823528
0 0.8194444444444444 0.1576797385620915 0.06699346405228758 0.13725490196078433
0 0.7728758169934641 0.20588235294117646 0.07026143790849673 0.25
0 0.7205882352941176 0.22875816993464052 0.08496732026143791 0.21895424836601307
0 0.5588235294117647 0.2949346405228758 0.09640522875816994 0.28431372549019607
0 0.630718954248366 0.2777777777777778 0.06535947712418301 0.3431372549019608
0 0.5996732026143791 0.26633986928104575 0.08169934640522876 0.2973856209150327
0 0.5449346405228758 0.20098039215686275 0.07516339869281045 0.17973856209150327
0 0.5825163398692811 0.1184640522875817 0.03758169934640523 0.08333333333333333
0 0.46977124183006536 0.1854575163398693 0.07516339869281045 0.3415032679738562
0 0.4076797385620915 0.08169934640522876 0.058823529411764705 0.13398692810457516
0 0.5138888888888888 0.17565359477124182 0.06045751633986928 0.2173202614379085
0 0.2777777777777778 0.19526143790849673 0.06045751633986928 0.17320261437908496
0 0.2883986928104575 0.136437908496732 0.042483660130718956 0.08986928104575163
0 0.3602941176470588 0.21405228758169934 0.06372549019607843 0.19117647058823528
0 0.2034313725490196 0.2246732026143791 0.06045751633986928 0.184640522875817
0 0.6405228758169934 0.14133986928104575 0.0392156862745098 0.12745098039215685
0 0.024509803921568627 0.25 0.049019607843137254 0.21241830065359477
0 0.08496732026143791 0.3480392156862745 0.09967320261437909 0.4411764705882353
0 0.12663398692810457 0.21486928104575165 0.06045751633986928 0.16013071895424835
0 0.05310457516339869 0.1895424836601307 0.0392156862745098 0.08986928104575163
0 0.2638888888888889 0.3954248366013072 0.14705882352941177 0.5163398692810458