0 0.019933554817275746 0.5240863787375415 0.03986710963455149 0.26744186046511625
0 0.05813953488372093 0.5548172757475083 0.03820598006644518 0.11129568106312292
0 0.1212624584717608 0.5573089700996677 0.044850498338870434 0.10963455149501661
0 0.15863787375415284 0.5506644518272426 0.06976744186046512 0.12956810631229235
0 0.17857142857142858 0.5473421926910299 0.054817275747508304 0.11960132890365449
0 0.16362126245847175 0.5058139534883721 0.03322259136212625 0.04817275747508306
0 0.26993355481727577 0.5398671096345515 0.046511627906976744 0.09634551495016612
0 0.28820598006644516 0.5398671096345515 0.04152823920265781 0.11129568106312292
0 0.31478405315614616 0.520764119601329 0.036544850498338874 0.08471760797342193
0 0.329734219269103 0.5141196013289037 0.029900332225913623 0.10465116279069768
0 0.34053156146179403 0.5149501661129569 0.02823920265780731 0.10132890365448505
0 0.3538205980066445 0.5141196013289037 0.03322259136212625 0.09634551495016612
0 0.3803986710963455 0.510797342192691 0.03156146179401993 0.08803986710963455
0 0.39867109634551495 0.4958471760797342 0.03156146179401993 0.11461794019933555
0 0.4833887043189369 0.48754152823920266 0.03156146179401993 0.06478405315614617
0 0.5249169435215947 0.5157807308970099 0.03156146179401993 0.07641196013289037
0 0.5523255813953488 0.5049833887043189 0.044850498338870434 0.08305647840531562
0 0.5249169435215947 0.46096345514950166 0.024916943521594685 0.03488372093023256
0 0.5365448504983389 0.45514950166112955 0.023255813953488372 0.03488372093023256
0 0.5581395348837209 0.4543189368770764 0.018272425249169437 0.02159468438538206
0 0.5764119601328903 0.47840531561461797 0.03156146179401993 0.03820598006644518
0 0.5805647840531561 0.4642857142857143 0.014950166112956811 0.02159468438538206
0 0.6926910299003323 0.5016611295681063 0.03156146179401993 0.09634551495016612
0 0.7068106312292359 0.5008305647840532 0.03986710963455149 0.09800664451827243
0 0.8887043189368771 0.5033222591362126 0.03986710963455149 0.05813953488372093
0 0.9169435215946844 0.5074750830564784 0.046511627906976744 0.059800664451827246
0 0.462624584717608 0.5714285714285714 0.10631229235880399 0.2425249169435216
0 0.643687707641196 0.5465116279069767 0.18106312292358803 0.42857142857142855