0 0.9468954248366013 0.6936274509803921 0.049019607843137254 0.09313725490196079
0 0.8161764705882353 0.7263071895424836 0.04411764705882353 0.10947712418300654
0 0.7181372549019608 0.6985294117647058 0.03758169934640523 0.07679738562091504
0 0.5939542483660131 0.7034313725490197 0.0392156862745098 0.09477124183006536
0 0.49264705882352944 0.7124183006535948 0.0392156862745098 0.10457516339869281
0 0.4991830065359477 0.75 0.04411764705882353 0.09477124183006536
0 0.45588235294117646 0.7083333333333334 0.03104575163398693 0.12254901960784313
0 0.4452614379084967 0.6993464052287581 0.027777777777777776 0.07679738562091504
0 0.2630718954248366 0.7598039215686274 0.042483660130718956 0.10947712418300654
0 0.24101307189542484 0.755718954248366 0.04411764705882353 0.10457516339869281
0 0.1527777777777778 0.738562091503268 0.0392156862745098 0.11274509803921569
0 0.23529411764705882 0.6854575163398693 0.03594771241830065 0.0784313725490196
0 0.3202614379084967 0.6944444444444444 0.024509803921568627 0.08660130718954248
0 0.3341503267973856 0.701797385620915 0.026143790849673203 0.07352941176470588
0 0.3897058823529412 0.7075163398692811 0.03758169934640523 0.12418300653594772
0 0.3619281045751634 0.7026143790849673 0.016339869281045753 0.0784313725490196
0 0.3472222222222222 0.6854575163398693 0.04084967320261438 0.10620915032679738