0 0.04112903225806452 0.27661290322580645 0.0467741935483871 0.07419354838709677
0 0.09274193548387097 0.25967741935483873 0.0532258064516129 0.0467741935483871
0 0.3564516129032258 0.32983870967741935 0.05 0.10806451612903226
0 0.3975806451612903 0.3225806451612903 0.05806451612903226 0.10967741935483871
0 0.42258064516129035 0.2846774193548387 0.037096774193548385 0.041935483870967745
0 0.4338709677419355 0.34516129032258064 0.05967741935483871 0.11290322580645161
0 0.4693548387096774 0.33306451612903226 0.04838709677419355 0.12903225806451613
0 0.5258064516129032 0.3403225806451613 0.043548387096774194 0.12258064516129032
0 0.5620967741935484 0.3596774193548387 0.06290322580645161 0.12419354838709677
0 0.635483870967742 0.3685483870967742 0.05806451612903226 0.13870967741935483
0 0.6951612903225807 0.36451612903225805 0.07580645161290323 0.13709677419354838