0 0.32142857142857145 0.5491071428571429 0.1125 0.30714285714285716
0 0.5169642857142858 0.5383928571428571 0.08392857142857142 0.3767857142857143
0 0.015178571428571428 0.5178571428571429 0.030357142857142857 0.19285714285714287
0 0.08035714285714286 0.5125 0.05714285714285714 0.20357142857142857
0 0.05625 0.5089285714285714 0.03571428571428571 0.17142857142857143
0 0.10267857142857142 0.49910714285714286 0.048214285714285716 0.2017857142857143
0 0.1419642857142857 0.48839285714285713 0.033928571428571426 0.1875
0 0.15892857142857142 0.4875 0.060714285714285714 0.18392857142857144
0 0.4125 0.4544642857142857 0.04285714285714286 0.075
0 0.21696428571428572 0.4446428571428571 0.030357142857142857 0.09464285714285714
0 0.19464285714285715 0.44642857142857145 0.02857142857142857 0.09107142857142857
0 0.8839285714285714 0.3982142857142857 0.039285714285714285 0.10892857142857143
0 0.9196428571428571 0.3982142857142857 0.048214285714285716 0.13035714285714287