0 0.06372549019607843 0.6241830065359477 0.12745098039215685 0.23202614379084968
0 0.16748366013071894 0.5816993464052288 0.11764705882352941 0.23529411764705882
0 0.2826797385620915 0.6928104575163399 0.3333333333333333 0.6143790849673203
0 0.27369281045751637 0.42892156862745096 0.14705882352941177 0.16339869281045752
0 0.3055555555555556 0.5392156862745098 0.10130718954248366 0.16666666666666666
0 0.3161764705882353 0.4599673202614379 0.10457516339869281 0.21241830065359477
0 0.4354575163398693 0.7066993464052288 0.29248366013071897 0.5866013071895425
0 0.4117647058823529 0.4215686274509804 0.08333333333333333 0.15196078431372548
0 0.4599673202614379 0.6462418300653595 0.16013071895424835 0.5588235294117647
0 0.5563725490196079 0.6683006535947712 0.1568627450980392 0.6633986928104575
0 0.6184640522875817 0.5866013071895425 0.10784313725490197 0.4542483660130719
0 0.6666666666666666 0.6356209150326797 0.1568627450980392 0.5392156862745098
0 0.7148692810457516 0.613562091503268 0.10947712418300654 0.4591503267973856