0 0.6462418300653595 0.4207516339869281 0.10947712418300654 0.2434640522875817
0 0.9003267973856209 0.39052287581699346 0.09640522875816994 0.31699346405228757
0 0.7156862745098039 0.4477124183006536 0.04084967320261438 0.14869281045751634
0 0.011437908496732025 0.3741830065359477 0.02287581699346405 0.11437908496732026
0 0.12581699346405228 0.3888888888888889 0.04411764705882353 0.119281045751634
0 0.07516339869281045 0.38562091503267976 0.03431372549019608 0.09967320261437909
0 0.45588235294117646 0.42401960784313725 0.026143790849673203 0.08986928104575163
0 0.4959150326797386 0.4207516339869281 0.02287581699346405 0.10130718954248366
0 0.5130718954248366 0.4297385620915033 0.024509803921568627 0.10294117647058823
0 0.7581699346405228 0.4452614379084967 0.03594771241830065 0.1111111111111111
0 0.7908496732026143 0.434640522875817 0.0457516339869281 0.13562091503267973