0 0.9563492063492064 0.8055555555555556 0.0873015873015873 0.25555555555555554
0 0.9222222222222223 0.8293650793650794 0.06507936507936508 0.11428571428571428
0 0.8825396825396825 0.8595238095238096 0.0873015873015873 0.18095238095238095
0 0.8547619047619047 0.8841269841269841 0.07301587301587302 0.14603174603174604
0 0.7873015873015873 0.8849206349206349 0.10158730158730159 0.18095238095238095
0 0.6246031746031746 0.8992063492063492 0.1619047619047619 0.1873015873015873
0 0.46190476190476193 0.5333333333333333 0.7873015873015873 0.9333333333333333
0 0.10714285714285714 0.9722222222222222 0.06825396825396825 0.05555555555555555
0 0.07222222222222222 0.969047619047619 0.046031746031746035 0.06190476190476191
0 0.7468253968253968 0.8936507936507937 0.05238095238095238 0.10476190476190476
0 0.49444444444444446 0.95 0.06825396825396825 0.09841269841269841
0 0.5634920634920635 0.9301587301587302 0.05396825396825397 0.0761904761904762