0 0.026363636363636363 0.36727272727272725 0.04 0.08181818181818182
0 0.05090909090909091 0.16 0.05272727272727273 0.09636363636363636
0 0.1 0.25545454545454543 0.08727272727272728 0.09090909090909091
0 0.15454545454545454 0.2690909090909091 0.08181818181818182 0.08
0 0.4018181818181818 0.2863636363636364 0.11636363636363636 0.10545454545454545
0 0.48454545454545456 0.3009090909090909 0.09818181818181818 0.08
0 0.22 0.2772727272727273 0.09818181818181818 0.06909090909090909
0 0.29545454545454547 0.2881818181818182 0.08363636363636363 0.05272727272727273
0 0.03363636363636364 0.24272727272727274 0.03090909090909091 0.06545454545454546
0 0.9381818181818182 0.6136363636363636 0.11818181818181818 0.14181818181818182
0 0.19727272727272727 0.5490909090909091 0.19636363636363635 0.21636363636363637
0 0.33181818181818185 0.5618181818181818 0.1509090909090909 0.1890909090909091
0 0.5663636363636364 0.5409090909090909 0.4254545454545455 0.6854545454545454