0 0.0954861111111111 0.5842013888888888 0.16666666666666666 0.5399305555555556
0 0.2361111111111111 0.5147569444444444 0.1440972222222222 0.5711805555555556
0 0.3671875 0.4982638888888889 0.19444444444444445 0.6545138888888888
0 0.4149305555555556 0.5954861111111112 0.2013888888888889 0.5954861111111112
0 0.5104166666666666 0.4887152777777778 0.1857638888888889 0.7534722222222222
0 0.6067708333333334 0.6128472222222222 0.203125 0.7725694444444444
0 0.6232638888888888 0.21875 0.09375 0.11458333333333333
0 0.6996527777777778 0.21961805555555555 0.059027777777777776 0.13368055555555555
0 0.7569444444444444 0.2751736111111111 0.1875 0.2847222222222222
0 0.7239583333333334 0.6319444444444444 0.171875 0.7256944444444444
0 0.7925347222222222 0.6979166666666666 0.22395833333333334 0.5902777777777778
0 0.9331597222222222 0.6475694444444444 0.13368055555555555 0.6770833333333334