0 0.3619281045751634 0.5931372549019608 0.11764705882352941 0.28594771241830064
0 0.5392156862745098 0.5686274509803921 0.09477124183006536 0.3464052287581699
0 0.022058823529411766 0.5784313725490197 0.04411764705882353 0.16993464052287582
0 0.03022875816993464 0.6045751633986928 0.05555555555555555 0.11764705882352941
0 0.06862745098039216 0.5906862745098039 0.058823529411764705 0.17973856209150327
0 0.1388888888888889 0.579248366013072 0.06209150326797386 0.18790849673202614
0 0.11683006535947713 0.5784313725490197 0.04084967320261438 0.15849673202614378
0 0.15849673202614378 0.565359477124183 0.05392156862745098 0.18627450980392157
0 0.19362745098039216 0.5522875816993464 0.0392156862745098 0.17320261437908496
0 0.20833333333333334 0.5506535947712419 0.06372549019607843 0.16993464052287582
0 0.43709150326797386 0.5 0.042483660130718956 0.0718954248366013
0 0.2581699346405229 0.5073529411764706 0.032679738562091505 0.08823529411764706
0 0.23774509803921567 0.5098039215686274 0.03104575163398693 0.08496732026143791
0 0.8627450980392157 0.4117647058823529 0.04084967320261438 0.10130718954248366
0 0.8946078431372549 0.4084967320261438 0.05065359477124183 0.12254901960784313