0 0.34596774193548385 0.5604838709677419 0.4129032258064516 0.6241935483870967
0 0.5330645161290323 0.5225806451612903 0.19193548387096773 0.6725806451612903
0 0.06693548387096775 0.23709677419354838 0.1338709677419355 0.32903225806451614
0 0.125 0.10080645161290322 0.12903225806451613 0.1064516129032258
0 0.18467741935483872 0.33145161290322583 0.3096774193548387 0.44193548387096776
0 0.2653225806451613 0.17096774193548386 0.1774193548387097 0.21129032258064517
0 0.33145161290322583 0.1064516129032258 0.1032258064516129 0.11129032258064517
0 0.4096774193548387 0.17661290322580644 0.14193548387096774 0.18548387096774194
0 0.5951612903225807 0.1435483870967742 0.19032258064516128 0.2870967741935484
0 0.8209677419354838 0.1064516129032258 0.17903225806451614 0.19032258064516128
0 0.8379032258064516 0.25887096774193546 0.26129032258064516 0.4290322580645161
0 0.8935483870967742 0.4935483870967742 0.2129032258064516 0.7161290322580646
0 0.9459677419354838 0.12096774193548387 0.09838709677419355 0.19838709677419356
0 0.9483870967741935 0.03467741935483871 0.08709677419354839 0.06935483870967742
0 0.6612903225806451 0.03064516129032258 0.12258064516129032 0.06129032258064516
0 0.17983870967741936 0.06532258064516129 0.10806451612903226 0.12096774193548387
0 0.2467741935483871 0.03951612903225806 0.09838709677419355 0.07258064516129033
0 0.5362903225806451 0.042741935483870966 0.09193548387096774 0.08548387096774193
0 0.7911290322580645 0.028225806451612902 0.07580645161290323 0.056451612903225805