0 0.033928571428571426 0.20714285714285716 0.05714285714285714 0.4142857142857143
0 0.1375 0.07410714285714286 0.12142857142857143 0.14821428571428572
0 0.2526785714285714 0.07053571428571428 0.21964285714285714 0.14107142857142857
0 0.3892857142857143 0.06964285714285715 0.11428571428571428 0.1392857142857143
0 0.4205357142857143 0.01607142857142857 0.044642857142857144 0.03214285714285714
0 0.48035714285714287 0.07678571428571429 0.11785714285714285 0.15357142857142858
0 0.5758928571428571 0.07767857142857143 0.1625 0.15535714285714286
0 0.6625 0.08660714285714285 0.0625 0.15535714285714286
0 0.6964285714285714 0.08303571428571428 0.06785714285714285 0.14464285714285716
0 0.7205357142857143 0.09017857142857143 0.08571428571428572 0.15357142857142858
0 0.7464285714285714 0.048214285714285716 0.03571428571428571 0.06607142857142857
0 0.7616071428571428 0.07142857142857142 0.08035714285714286 0.11428571428571428
0 0.8205357142857143 0.1669642857142857 0.11964285714285715 0.2982142857142857
0 0.8910714285714286 0.11875 0.09285714285714286 0.18928571428571428
0 0.9464285714285714 0.125 0.06428571428571428 0.11607142857142858
0 0.9839285714285714 0.14107142857142857 0.03214285714285714 0.11428571428571428
0 0.9669642857142857 0.09553571428571428 0.039285714285714285 0.06964285714285715
0 0.6410714285714286 0.04196428571428571 0.0375 0.06785714285714285