0 0.027097902097902096 0.7255244755244755 0.05419580419580419 0.40034965034965037
0 0.07692307692307693 0.7211538461538461 0.09090909090909091 0.38461538461538464
0 0.21853146853146854 0.6879370629370629 0.11188811188811189 0.43356643356643354
0 0.3094405594405594 0.7159090909090909 0.12062937062937062 0.38636363636363635
0 0.42045454545454547 0.43094405594405594 0.08391608391608392 0.42657342657342656
0 0.5183566433566433 0.44493006993006995 0.1346153846153846 0.4230769230769231
0 0.7027972027972028 0.46765734265734266 0.09615384615384616 0.45454545454545453
0 0.36625874125874125 0.6765734265734266 0.07867132867132867 0.45454545454545453
0 0.7867132867132867 0.7106643356643356 0.11363636363636363 0.41083916083916083
0 0.6888111888111889 0.6748251748251748 0.07867132867132867 0.5052447552447552
0 0.6022727272727273 0.7202797202797203 0.09265734265734266 0.4562937062937063
0 0.527972027972028 0.7001748251748252 0.10314685314685315 0.4527972027972028
0 0.4405594405594406 0.7176573426573427 0.08216783216783216 0.42832167832167833
0 0.9143356643356644 0.5926573426573427 0.03671328671328671 0.13286713286713286
0 0.9423076923076923 0.6057692307692307 0.043706293706293704 0.11888111888111888