0 0.258364312267658 0.5213754646840149 0.19330855018587362 0.41821561338289964
0 0.48141263940520446 0.5223048327137546 0.14312267657992564 0.24721189591078066
0 0.48605947955390333 0.44888475836431224 0.20260223048327136 0.33271375464684017
0 0.09293680297397769 0.15055762081784388 0.09851301115241635 0.15427509293680297
0 0.02695167286245353 0.1570631970260223 0.05390334572490706 0.15427509293680297
0 0.5827137546468402 0.01858736059479554 0.09479553903345725 0.03717472118959108
0 0.7853159851301115 0.02695167286245353 0.046468401486988845 0.05390334572490706
0 0.7369888475836431 0.03438661710037175 0.0687732342007435 0.0687732342007435
0 0.679368029739777 0.03810408921933085 0.05762081784386617 0.06133828996282528
0 0.8475836431226765 0.026022304832713755 0.07063197026022305 0.05204460966542751
0 0.9005576208178439 0.02509293680297398 0.04275092936802974 0.05018587360594796
0 0.95817843866171 0.017657992565055763 0.03531598513011153 0.03531598513011153
0 0.9312267657992565 0.013940520446096654 0.040892193308550186 0.027881040892193308
0 0.5687732342007435 0.05762081784386617 0.05018587360594796 0.0724907063197026
0 0.5631970260223048 0.03438661710037175 0.06319702602230483 0.0687732342007435
0 0.5455390334572491 0.013940520446096654 0.05390334572490706 0.027881040892193308
0 0.4804832713754647 0.01486988847583643 0.04275092936802974 0.02973977695167286
0 0.43773234200743494 0.08643122676579926 0.05390334572490706 0.07063197026022305
0 0.4962825278810409 0.07434944237918216 0.04460966542750929 0.05762081784386617
0 0.34014869888475835 0.11524163568773234 0.07063197026022305 0.0762081784386617
0 0.27230483271375466 0.11059479553903345 0.06691449814126393 0.10780669144981413
0 0.20910780669144982 0.12174721189591078 0.06133828996282528 0.12453531598513011
0 0.15892193308550187 0.027881040892193308 0.05762081784386617 0.024163568773234202
0 0.18029739776951673 0.07434944237918216 0.06505576208178439 0.07992565055762081