0 0.36904761904761907 0.5970695970695971 0.19047619047619047 0.41208791208791207
0 0.5879120879120879 0.6208791208791209 0.14102564102564102 0.24358974358974358
0 0.5998168498168498 0.5494505494505495 0.19963369963369965 0.32783882783882784
0 0.2454212454212454 0.21703296703296704 0.09706959706959707 0.152014652014652
0 0.17399267399267399 0.21703296703296704 0.06593406593406594 0.152014652014652
0 0.7417582417582418 0.08241758241758242 0.0989010989010989 0.14652014652014653
0 0.8296703296703297 0.06135531135531135 0.056776556776556776 0.09157509157509157
0 0.8782051282051282 0.05402930402930403 0.03296703296703297 0.06593406593406594
0 0.9304029304029304 0.047619047619047616 0.02564102564102564 0.05311355311355311
0 0.9395604395604396 0.14926739926739926 0.047619047619047616 0.09157509157509157
0 0.8901098901098901 0.1575091575091575 0.06776556776556776 0.09157509157509157
0 0.8324175824175825 0.16666666666666666 0.056776556776556776 0.06043956043956044
0 0.9826007326007326 0.1510989010989011 0.0347985347985348 0.08974358974358974
0 0.9468864468864469 0.09615384615384616 0.04212454212454213 0.07142857142857142
0 0.7216117216117216 0.1749084249084249 0.04945054945054945 0.07142857142857142
0 0.7197802197802198 0.14102564102564102 0.06227106227106227 0.08791208791208792
0 0.7042124542124543 0.10164835164835165 0.054945054945054944 0.08424908424908426
0 0.6410256410256411 0.10531135531135531 0.04395604395604396 0.06776556776556776
0 0.5897435897435898 0.18956043956043955 0.05311355311355311 0.0695970695970696
0 0.6483516483516484 0.18315018315018314 0.04395604395604396 0.056776556776556776
0 0.49175824175824173 0.2078754578754579 0.0695970695970696 0.07509157509157509
0 0.4249084249084249 0.19597069597069597 0.06593406593406594 0.10622710622710622
0 0.3626373626373626 0.20054945054945056 0.06043956043956044 0.1227106227106227
0 0.3250915750915751 0.076007326007326 0.05860805860805861 0.07875457875457875
0 0.33882783882783885 0.1510989010989011 0.0641025641025641 0.07875457875457875
0 0.3882783882783883 0.06776556776556776 0.056776556776556776 0.09523809523809523
0 0.45146520146520147 0.06868131868131869 0.06043956043956044 0.08424908424908426
0 0.5018315018315018 0.08241758241758242 0.045787545787545784 0.056776556776556776