0 0.11945392491467577 0.47952218430034127 0.01877133105802048 0.025597269624573378
0 0.12798634812286688 0.5059726962457338 0.015358361774744027 0.052901023890784986
0 0.1348122866894198 0.5059726962457338 0.02218430034129693 0.04778156996587031
0 0.14590443686006827 0.5170648464163823 0.020477815699658702 0.040955631399317405
0 0.1552901023890785 0.5255972696245734 0.01877133105802048 0.04607508532423208
0 0.19027303754266212 0.5273037542662116 0.025597269624573378 0.05802047781569966
0 0.20819112627986347 0.5486348122866894 0.030716723549488054 0.04607508532423208
0 0.29180887372013653 0.6075085324232082 0.040955631399317405 0.07167235494880546
0 0.3967576791808874 0.7312286689419796 0.03583617747440273 0.10921501706484642
0 0.5059726962457338 0.8242320819112628 0.09385665529010238 0.17406143344709898
0 0.5110921501706485 0.7542662116040956 0.04778156996587031 0.07679180887372014
0 0.5614334470989761 0.8370307167235495 0.06143344709897611 0.1945392491467577
0 0.560580204778157 0.8762798634812287 0.04436860068259386 0.12116040955631399
0 0.5861774744027304 0.8822525597269625 0.051194539249146756 0.18430034129692832
0 0.5810580204778157 0.7926621160409556 0.04607508532423208 0.10580204778156997
0 0.6186006825938567 0.8498293515358362 0.06996587030716724 0.22525597269624573
0 0.6663822525597269 0.8771331058020477 0.08703071672354949 0.24573378839590443
0 0.7244027303754266 0.8617747440273038 0.051194539249146756 0.13651877133105803
0 0.7491467576791809 0.9052901023890785 0.07508532423208192 0.189419795221843
0 0.8156996587030717 0.9112627986348123 0.09556313993174062 0.17747440273037543
0 0.8575085324232082 0.9027303754266212 0.059726962457337884 0.14846416382252559
0 0.6808873720136519 0.7670648464163823 0.040955631399317405 0.06143344709897611
0 0.04863481228668942 0.48378839590443684 0.025597269624573378 0.051194539249146756