0 0.12164429530201343 0.4890939597315436 0.24328859060402686 0.9781879194630873
0 0.2651006711409396 0.48322147651006714 0.33557046979865773 0.9664429530201343
0 0.42449664429530204 0.49328859060402686 0.3624161073825503 0.9865771812080537
0 0.6434563758389261 0.5008389261744967 0.313758389261745 0.9983221476510067
0 0.8565436241610739 0.5125838926174496 0.28691275167785235 0.9748322147651006
0 0.19463087248322147 0.13758389261744966 0.17114093959731544 0.2751677852348993
0 0.3523489932885906 0.14093959731543623 0.22483221476510068 0.28187919463087246
0 0.5226510067114094 0.17785234899328858 0.27684563758389263 0.35570469798657717
0 0.7399328859060402 0.27348993288590606 0.23657718120805368 0.5285234899328859
0 0.8984899328859061 0.20973154362416108 0.20302013422818793 0.37583892617449666
0 0.962248322147651 0.438758389261745 0.07550335570469799 0.8137583892617449