0 0.1323024054982818 0.3384879725085911 0.10481099656357389 0.18900343642611683
0 0.26374570446735396 0.23883161512027493 0.06701030927835051 0.16494845360824742
0 0.04725085910652921 0.6718213058419243 0.08762886597938144 0.21649484536082475
0 0.15807560137457044 0.6134020618556701 0.09106529209621993 0.19759450171821305
0 0.8591065292096219 0.5816151202749141 0.15120274914089346 0.31958762886597936
0 0.743127147766323 0.2697594501718213 0.07216494845360824 0.12886597938144329
0 0.8393470790378007 0.25171821305841924 0.05154639175257732 0.07903780068728522
0 0.6348797250859106 0.140893470790378 0.054982817869415807 0.09621993127147767
0 0.665807560137457 0.14261168384879724 0.058419243986254296 0.09450171821305842
0 0.7199312714776632 0.15292096219931273 0.05154639175257732 0.09450171821305842
0 0.7465635738831615 0.16666666666666666 0.03951890034364261 0.0859106529209622
0 0.7869415807560137 0.18986254295532645 0.04982817869415808 0.10309278350515463
0 0.7963917525773195 0.14604810996563575 0.037800687285223365 0.09965635738831616
0 0.8333333333333334 0.14175257731958762 0.04982817869415808 0.09106529209621993
0 0.8445017182130584 0.18127147766323023 0.044673539518900345 0.08247422680412371
0 0.8685567010309279 0.15721649484536082 0.04639175257731959 0.08934707903780069
0 0.9054982817869416 0.18384879725085912 0.054982817869415807 0.11683848797250859
0 0.9252577319587629 0.15292096219931273 0.0429553264604811 0.09450171821305842
0 0.9252577319587629 0.24312714776632302 0.037800687285223365 0.06529209621993128
0 0.9501718213058419 0.2422680412371134 0.03264604810996564 0.07388316151202749
0 0.9604810996563574 0.211340206185567 0.037800687285223365 0.06872852233676977
0 0.9630584192439863 0.24570446735395188 0.03951890034364261 0.07731958762886598
0 0.865979381443299 0.010309278350515464 0.03436426116838488 0.020618556701030927
0 0.8256013745704467 0.009450171821305841 0.0429553264604811 0.018900343642611683
0 0.7903780068728522 0.01288659793814433 0.037800687285223365 0.02577319587628866
0 0.7697594501718213 0.015463917525773196 0.037800687285223365 0.030927835051546393
0 0.738831615120275 0.015463917525773196 0.037800687285223365 0.030927835051546393
0 0.711340206185567 0.013745704467353952 0.037800687285223365 0.027491408934707903
0 0.686426116838488 0.01632302405498282 0.03951890034364261 0.03264604810996564
0 0.6537800687285223 0.01718213058419244 0.02577319587628866 0.03436426116838488
0 0.679553264604811 0.015463917525773196 0.0429553264604811 0.030927835051546393
0 0.7130584192439863 0.005154639175257732 0.030927835051546393 0.010309278350515464
0 0.7362542955326461 0.00429553264604811 0.029209621993127148 0.00859106529209622
0 0.6520618556701031 0.005154639175257732 0.03951890034364261 0.010309278350515464
0 0.5189003436426117 0.013745704467353952 0.037800687285223365 0.027491408934707903
0 0.49226804123711343 0.023195876288659795 0.0429553264604811 0.04639175257731959
0 0.4647766323024055 0.024054982817869417 0.029209621993127148 0.04639175257731959
0 0.47680412371134023 0.014604810996563574 0.03264604810996564 0.029209621993127148
0 0.44072164948453607 0.022336769759450172 0.041237113402061855 0.041237113402061855
0 0.4415807560137457 0.022336769759450172 0.03608247422680412 0.041237113402061855
0 0.40463917525773196 0.03006872852233677 0.03951890034364261 0.04982817869415808
0 0.3548109965635739 0.029209621993127148 0.0429553264604811 0.03951890034364261
0 0.3384879725085911 0.030927835051546393 0.037800687285223365 0.041237113402061855
0 0.3084192439862543 0.030927835051546393 0.03608247422680412 0.03608247422680412
0 0.27920962199312716 0.03608247422680412 0.03608247422680412 0.041237113402061855
0 0.23024054982817868 0.036941580756013746 0.03608247422680412 0.03436426116838488
0 0.24656357388316152 0.03006872852233677 0.03608247422680412 0.022336769759450172
0 0.20532646048109965 0.03951890034364261 0.041237113402061855 0.03436426116838488
0 0.16065292096219932 0.041237113402061855 0.041237113402061855 0.030927835051546393
0 0.07989690721649484 0.04982817869415808 0.037800687285223365 0.03264604810996564
0 0.05756013745704467 0.059278350515463915 0.041237113402061855 0.048109965635738834
0 0.01632302405498282 0.05412371134020619 0.03264604810996564 0.029209621993127148
0 0.02491408934707904 0.05326460481099656 0.02577319587628866 0.029209621993127148