0 0.024054982817869417 0.6254295532646048 0.048109965635738834 0.23711340206185566
0 0.10051546391752578 0.5884879725085911 0.10652920962199312 0.24054982817869416
0 0.21305841924398625 0.7001718213058419 0.30584192439862545 0.5996563573883161
0 0.22336769759450173 0.436426116838488 0.14432989690721648 0.16151202749140894
0 0.24828178694158076 0.5541237113402062 0.09450171821305842 0.16838487972508592
0 0.2654639175257732 0.47164948453608246 0.09450171821305842 0.21649484536082475
0 0.37285223367697595 0.7199312714776632 0.2646048109965636 0.5601374570446735
0 0.36855670103092786 0.43900343642611683 0.07731958762886598 0.15463917525773196
0 0.4029209621993127 0.6778350515463918 0.12886597938144329 0.5807560137457045
0 0.5017182130584192 0.6812714776632303 0.11683848797250859 0.6374570446735395
0 0.5730240549828178 0.627147766323024 0.08075601374570447 0.4725085910652921
0 0.6202749140893471 0.6821305841924399 0.1254295532646048 0.5601374570446735
0 0.6726804123711341 0.6623711340206185 0.08247422680412371 0.47766323024054985