0 0.03758169934640523 0.24183006535947713 0.07516339869281045 0.3562091503267974
0 0.0915032679738562 0.20016339869281047 0.1830065359477124 0.21405228758169934
0 0.16911764705882354 0.494281045751634 0.3382352941176471 0.6552287581699346
0 0.21895424836601307 0.45016339869281047 0.1650326797385621 0.5898692810457516
0 0.19117647058823528 0.7263071895424836 0.23529411764705882 0.5473856209150327
0 0.3088235294117647 0.4264705882352941 0.21568627450980393 0.761437908496732
0 0.3472222222222222 0.2761437908496732 0.1830065359477124 0.3480392156862745
0 0.4714052287581699 0.17401960784313725 0.12745098039215685 0.2173202614379085
0 0.41013071895424835 0.5759803921568627 0.4084967320261438 0.8480392156862745
0 0.4477124183006536 0.7622549019607843 0.24836601307189543 0.47549019607843135
0 0.5 0.13725490196078433 0.07352941176470588 0.1323529411764706
0 0.5375816993464052 0.19607843137254902 0.14052287581699346 0.238562091503268
0 0.6821895424836601 0.5743464052287581 0.3088235294117647 0.8431372549019608
0 0.7026143790849673 0.17565359477124182 0.1830065359477124 0.3382352941176471
0 0.7034313725490197 0.18218954248366012 0.1437908496732026 0.29411764705882354
0 0.8316993464052288 0.17647058823529413 0.09640522875816994 0.24673202614379086
0 0.8790849673202614 0.3014705882352941 0.1895424836601307 0.5294117647058824
0 0.9305555555555556 0.6004901960784313 0.1388888888888889 0.7434640522875817