0 0.013364779874213837 0.5165094339622641 0.026729559748427674 0.08018867924528301
0 0.05581761006289308 0.5141509433962265 0.11163522012578617 0.07547169811320754
0 0.059748427672955975 0.3333333333333333 0.10849056603773585 0.08490566037735849
0 0.14544025157232704 0.40644654088050314 0.07232704402515723 0.07547169811320754
0 0.19418238993710693 0.4119496855345912 0.06918238993710692 0.0660377358490566
0 0.4080188679245283 0.3970125786163522 0.09905660377358491 0.0880503144654088
0 0.4803459119496855 0.39937106918238996 0.08333333333333333 0.06761006289308176
0 0.25157232704402516 0.4111635220125786 0.08333333333333333 0.05817610062893082
0 0.31761006289308175 0.4111635220125786 0.07075471698113207 0.04245283018867924
0 0.06210691823899371 0.4056603773584906 0.07547169811320754 0.05817610062893082
0 0.015723270440251572 0.4033018867924528 0.031446540880503145 0.08647798742138364
0 0.9205974842767296 0.6132075471698113 0.12578616352201258 0.12106918238993711
0 0.2641509433962264 0.6470125786163522 0.1650943396226415 0.18238993710691823
0 0.3812893081761006 0.6415094339622641 0.12578616352201258 0.16037735849056603
0 0.5794025157232704 0.595125786163522 0.3490566037735849 0.5833333333333334