0 0.21545454545454545 0.6618181818181819 0.24363636363636362 0.6509090909090909
0 0.33454545454545453 0.6718181818181819 0.20363636363636364 0.6436363636363637
0 0.4536363636363636 0.6718181818181819 0.20545454545454545 0.6563636363636364
0 0.5972727272727273 0.5490909090909091 0.18181818181818182 0.4672727272727273
0 0.73 0.57 0.18727272727272729 0.3527272727272727
0 0.860909090909091 0.6 0.17272727272727273 0.4290909090909091
0 0.25545454545454543 0.7518181818181818 0.19090909090909092 0.4727272727272727
0 0.4090909090909091 0.7645454545454545 0.2 0.4709090909090909
0 0.5572727272727273 0.7672727272727272 0.2018181818181818 0.46545454545454545
0 0.7081818181818181 0.7909090909090909 0.18363636363636363 0.41818181818181815
0 0.8654545454545455 0.7927272727272727 0.20363636363636364 0.41454545454545455