0 0.052083333333333336 0.5538194444444444 0.043402777777777776 0.11284722222222222
0 0.09114583333333333 0.5494791666666666 0.06770833333333333 0.13368055555555555
0 0.11284722222222222 0.5477430555555556 0.052083333333333336 0.1232638888888889
0 0.0998263888888889 0.5034722222222222 0.03298611111111111 0.04861111111111111
0 0.20833333333333334 0.5460069444444444 0.04513888888888889 0.09895833333333333
0 0.22743055555555555 0.5486111111111112 0.03993055555555555 0.11458333333333333
0 0.2560763888888889 0.5295138888888888 0.034722222222222224 0.08680555555555555
0 0.2717013888888889 0.5234375 0.027777777777777776 0.1076388888888889
0 0.2829861111111111 0.5260416666666666 0.026041666666666668 0.10416666666666667
0 0.296875 0.5260416666666666 0.03125 0.09895833333333333
0 0.3255208333333333 0.5243055555555556 0.029513888888888888 0.09027777777777778
0 0.3454861111111111 0.5104166666666666 0.027777777777777776 0.11805555555555555
0 0.4348958333333333 0.5078125 0.03125 0.06597222222222222
0 0.4756944444444444 0.5407986111111112 0.03125 0.078125
0 0.5052083333333334 0.5303819444444444 0.043402777777777776 0.08506944444444445
0 0.4791666666666667 0.4835069444444444 0.024305555555555556 0.034722222222222224
0 0.4921875 0.4774305555555556 0.022569444444444444 0.034722222222222224
0 0.5147569444444444 0.4782986111111111 0.017361111111111112 0.020833333333333332
0 0.5321180555555556 0.5052083333333334 0.03125 0.03819444444444445
0 0.5373263888888888 0.4904513888888889 0.013888888888888888 0.022569444444444444
0 0.6519097222222222 0.5373263888888888 0.029513888888888888 0.09895833333333333
0 0.6666666666666666 0.5373263888888888 0.03819444444444445 0.10069444444444445
0 0.8559027777777778 0.5529513888888888 0.03993055555555555 0.059027777777777776
0 0.8854166666666666 0.5598958333333334 0.046875 0.06076388888888889
0 0.4071180555555556 0.59375 0.10243055555555555 0.25
0 0.5972222222222222 0.5807291666666666 0.1736111111111111 0.4427083333333333