0 0.056818181818181816 0.2674825174825175 0.11363636363636363 0.3811188811188811
0 0.1354895104895105 0.22202797202797203 0.19405594405594406 0.22552447552447552
0 0.20804195804195805 0.5393356643356644 0.36013986013986016 0.6958041958041958
0 0.2674825174825175 0.49213286713286714 0.1660839160839161 0.6293706293706294
0 0.2298951048951049 0.7482517482517482 0.23601398601398602 0.5034965034965035
0 0.36451048951048953 0.46853146853146854 0.21678321678321677 0.8129370629370629
0 0.40821678321678323 0.30856643356643354 0.19055944055944055 0.3706293706293706
0 0.5428321678321678 0.20192307692307693 0.13286713286713286 0.229020979020979
0 0.46765734265734266 0.5891608391608392 0.4178321678321678 0.8216783216783217
0 0.5034965034965035 0.7884615384615384 0.2517482517482518 0.4230769230769231
0 0.5743006993006993 0.16258741258741258 0.07692307692307693 0.13986013986013987
0 0.6136363636363636 0.2263986013986014 0.1451048951048951 0.2534965034965035
0 0.7587412587412588 0.5891608391608392 0.3111888111888112 0.8076923076923077
0 0.7902097902097902 0.20716783216783216 0.1888111888111888 0.36013986013986016
0 0.791083916083916 0.21416083916083917 0.1486013986013986 0.3129370629370629
0 0.9283216783216783 0.21066433566433568 0.09965034965034965 0.26223776223776224
0 0.9396853146853147 0.34615384615384615 0.12062937062937062 0.5594405594405595