0 0.12197231833910034 0.35034602076124566 0.09342560553633218 0.185121107266436
0 0.26124567474048443 0.25951557093425603 0.05709342560553633 0.1643598615916955
0 0.025951557093425604 0.6790657439446367 0.04844290657439446 0.21280276816608998
0 0.12889273356401384 0.6288927335640139 0.07785467128027682 0.19550173010380623
0 0.8347750865051903 0.6453287197231834 0.1314878892733564 0.31314878892733566
0 0.740484429065744 0.32439446366782004 0.06401384083044982 0.12629757785467127
0 0.8382352941176471 0.31314878892733566 0.04671280276816609 0.07612456747404844
0 0.6410034602076125 0.18685121107266436 0.04844290657439446 0.09342560553633218
0 0.6721453287197232 0.1903114186851211 0.05190311418685121 0.09169550173010381
0 0.7249134948096886 0.2050173010380623 0.04498269896193772 0.09169550173010381
0 0.7508650519031141 0.22145328719723184 0.03460207612456748 0.0847750865051903
0 0.7897923875432526 0.24653979238754326 0.04325259515570934 0.10034602076124567
0 0.8027681660899654 0.2041522491349481 0.031141868512110725 0.0986159169550173
0 0.8399653979238755 0.20155709342560554 0.04498269896193772 0.08823529411764706
0 0.8486159169550173 0.2422145328719723 0.039792387543252594 0.07958477508650519
0 0.8737024221453287 0.21972318339100347 0.04152249134948097 0.08650519031141868
0 0.9091695501730104 0.25 0.04671280276816609 0.11418685121107267
0 0.9307958477508651 0.21972318339100347 0.03633217993079585 0.09169550173010381
0 0.9247404844290658 0.3096885813148789 0.03460207612456748 0.06228373702422145
0 0.9498269896193772 0.31141868512110726 0.02768166089965398 0.0726643598615917
0 0.9705882352941176 0.28027681660899656 0.04844290657439446 0.0657439446366782
0 0.9679930795847751 0.3157439446366782 0.04325259515570934 0.07612456747404844
0 0.9887543252595156 0.31833910034602075 0.01730103806228374 0.08650519031141868
0 0.9757785467128027 0.01903114186851211 0.031141868512110725 0.03806228373702422
0 0.948961937716263 0.023356401384083045 0.03633217993079585 0.04671280276816609
0 0.9247404844290658 0.023356401384083045 0.029411764705882353 0.04671280276816609
0 0.9126297577854672 0.03633217993079585 0.039792387543252594 0.06920415224913495
0 0.8849480968858131 0.04325259515570934 0.031141868512110725 0.07612456747404844
0 0.889273356401384 0.023356401384083045 0.03806228373702422 0.04671280276816609
0 0.8615916955017301 0.025086505190311418 0.02768166089965398 0.050173010380622836
0 0.8434256055363322 0.05536332179930796 0.039792387543252594 0.04152249134948097
0 0.8339100346020761 0.01730103806228374 0.03460207612456748 0.03460207612456748
0 0.8079584775086506 0.05363321799307959 0.03460207612456748 0.05709342560553633
0 0.7863321799307958 0.056228373702422146 0.03460207612456748 0.05709342560553633
0 0.7551903114186851 0.05536332179930796 0.03460207612456748 0.05536332179930796
0 0.7275086505190311 0.05536332179930796 0.03460207612456748 0.04498269896193772
0 0.7032871972318339 0.054498269896193774 0.03806228373702422 0.05536332179930796
0 0.6704152249134948 0.045847750865051905 0.02422145328719723 0.0726643598615917
0 0.6963667820069204 0.045847750865051905 0.04152249134948097 0.06401384083044982
0 0.7301038062283737 0.0328719723183391 0.029411764705882353 0.058823529411764705
0 0.7525951557093425 0.0328719723183391 0.02768166089965398 0.058823529411764705
0 0.7854671280276817 0.01730103806228374 0.03460207612456748 0.03460207612456748
0 0.8079584775086506 0.01384083044982699 0.02768166089965398 0.02768166089965398
0 0.8295847750865052 0.006055363321799308 0.029411764705882353 0.012110726643598616
0 0.7785467128027682 0.0034602076124567475 0.03460207612456748 0.006920415224913495
0 0.7240484429065744 0.01124567474048443 0.029411764705882353 0.02249134948096886
0 0.6972318339100346 0.012110726643598616 0.031141868512110725 0.02422145328719723
0 0.666955017301038 0.02768166089965398 0.039792387543252594 0.05536332179930796
0 0.5346020761245674 0.031141868512110725 0.03806228373702422 0.06228373702422145
0 0.5077854671280276 0.05536332179930796 0.04152249134948097 0.05363321799307959
0 0.47750865051903113 0.05709342560553633 0.025951557093425604 0.04671280276816609
0 0.49048442906574397 0.031141868512110725 0.0328719723183391 0.06228373702422145
0 0.4541522491349481 0.039792387543252594 0.039792387543252594 0.06920415224913495
0 0.45588235294117646 0.054498269896193774 0.0328719723183391 0.039792387543252594
0 0.41782006920415227 0.05968858131487889 0.03633217993079585 0.04844290657439446
0 0.40657439446366783 0.025086505190311418 0.03460207612456748 0.04671280276816609
0 0.36678200692041524 0.03806228373702422 0.04152249134948097 0.07093425605536333
0 0.35034602076124566 0.03892733564013841 0.03633217993079585 0.0726643598615917
0 0.32006920415224915 0.037197231833910036 0.03460207612456748 0.06747404844290658
0 0.2906574394463668 0.039792387543252594 0.03460207612456748 0.0726643598615917
0 0.34515570934256057 0.01643598615916955 0.04325259515570934 0.02768166089965398
0 0.24134948096885814 0.037197231833910036 0.03633217993079585 0.0657439446366782
0 0.2577854671280277 0.031141868512110725 0.03633217993079585 0.05363321799307959
0 0.2698961937716263 0.009515570934256055 0.03460207612456748 0.010380622837370242
0 0.21626297577854672 0.039792387543252594 0.04152249134948097 0.06401384083044982
0 0.17128027681660898 0.037197231833910036 0.04152249134948097 0.06228373702422145
0 0.19550173010380623 0.025086505190311418 0.03460207612456748 0.039792387543252594
0 0.22491349480968859 0.02422145328719723 0.03460207612456748 0.039792387543252594
0 0.08996539792387544 0.03892733564013841 0.03806228373702422 0.06401384083044982
0 0.06660899653979238 0.054498269896193774 0.039792387543252594 0.0657439446366782
0 0.020761245674740483 0.03892733564013841 0.04152249134948097 0.06055363321799308
0 0.03373702422145329 0.04757785467128028 0.02422145328719723 0.04498269896193772