0 0.054455445544554455 0.8217821782178217 0.09570957095709572 0.3564356435643564
0 0.14026402640264027 0.7632013201320133 0.22112211221122113 0.4735973597359736
0 0.036303630363036306 0.5198019801980198 0.07260726072607261 0.35313531353135313
0 0.0297029702970297 0.44966996699669964 0.0594059405940594 0.26897689768976896
0 0.3094059405940594 0.806930693069307 0.26897689768976896 0.38613861386138615
0 0.45627062706270627 0.801980198019802 0.22277227722772278 0.39603960396039606
0 0.6146864686468647 0.8366336633663366 0.22277227722772278 0.3250825082508251
0 0.6947194719471947 0.7442244224422442 0.23927392739273928 0.5016501650165016
0 0.8704620462046204 0.7566006600660066 0.2590759075907591 0.4603960396039604
0 0.849009900990099 0.6435643564356436 0.23267326732673269 0.4471947194719472
0 0.8968646864686468 0.5948844884488449 0.14686468646864687 0.37293729372937295
0 0.759075907590759 0.5255775577557755 0.1485148514851485 0.4603960396039604
0 0.6889438943894389 0.5297029702970297 0.11551155115511551 0.3547854785478548
0 0.5420792079207921 0.514026402640264 0.16336633663366337 0.2838283828382838
0 0.38531353135313534 0.5924092409240924 0.17656765676567657 0.5099009900990099
0 0.2070957095709571 0.5726072607260726 0.22112211221122113 0.6221122112211221
0 0.12458745874587458 0.43646864686468645 0.08745874587458746 0.3234323432343234
0 0.11716171617161716 0.3787128712871287 0.1188118811881188 0.3795379537953795
0 0.35066006600660066 0.3688118811881188 0.1419141914191419 0.4801980198019802
0 0.44224422442244227 0.3193069306930693 0.1551155115511551 0.5
0 0.5099009900990099 0.41914191419141916 0.12046204620462046 0.25742574257425743
0 0.5816831683168316 0.39026402640264024 0.11716171617161716 0.25742574257425743
0 0.6600660066006601 0.2962046204620462 0.10561056105610561 0.41254125412541254
0 0.8325082508250825 0.3234323432343234 0.13861386138613863 0.2607260726072607
0 0.9447194719471947 0.4645214521452145 0.11056105610561057 0.6353135313531353
0 0.9661716171617162 0.15181518151815182 0.0429042904290429 0.19636963696369636
0 0.9306930693069307 0.23844884488448845 0.11386138613861387 0.4240924092409241
0 0.9521452145214522 0.06435643564356436 0.056105610561056105 0.12871287128712872
0 0.8894389438943895 0.1443894389438944 0.06930693069306931 0.2887788778877888
0 0.820957095709571 0.039603960396039604 0.05115511551155116 0.07920792079207921
0 0.8514851485148515 0.10891089108910891 0.06930693069306931 0.19306930693069307
0 0.8135313531353136 0.14356435643564355 0.06765676567656766 0.13861386138613863
0 0.7665016501650165 0.19224422442244224 0.07095709570957096 0.2524752475247525
0 0.7136963696369637 0.21534653465346534 0.0858085808580858 0.22112211221122113
0 0.5503300330033003 0.28135313531353134 0.09735973597359736 0.2871287128712871
0 0.6229372937293729 0.26485148514851486 0.066006600660066 0.3465346534653465
0 0.5915841584158416 0.2533003300330033 0.08250825082508251 0.30033003300330036
0 0.5363036303630363 0.18646864686468648 0.07590759075907591 0.18151815181518152
0 0.5742574257425742 0.10396039603960396 0.037953795379537955 0.08415841584158416
0 0.4603960396039604 0.1716171617161716 0.07590759075907591 0.3432343234323432
0 0.3976897689768977 0.06848184818481848 0.0594059405940594 0.13036303630363036
0 0.5057755775577558 0.1608910891089109 0.06105610561056106 0.21947194719471946
0 0.2665016501650165 0.1806930693069307 0.06105610561056106 0.17491749174917492
0 0.27805280528052806 0.12128712871287128 0.0429042904290429 0.09075907590759076
0 0.35066006600660066 0.2004950495049505 0.06435643564356436 0.19306930693069307
0 0.19141914191419143 0.2103960396039604 0.06105610561056106 0.18646864686468648
0 0.6336633663366337 0.12706270627062707 0.039603960396039604 0.12871287128712872
0 0.017326732673267328 0.2367986798679868 0.034653465346534656 0.21287128712871287
0 0.07178217821782178 0.3358085808580858 0.10066006600660066 0.44554455445544555
0 0.11386138613861387 0.20132013201320131 0.06105610561056106 0.1617161716171617
0 0.040429042904290426 0.17574257425742573 0.039603960396039604 0.09075907590759076
0 0.2524752475247525 0.38283828382838286 0.1485148514851485 0.5214521452145214