1 0.20491803278688525 0.2319672131147541 0.4098360655737705 0.45081967213114754
1 0.6614754098360656 0.21721311475409835 0.5327868852459017 0.4344262295081967
1 0.2336065573770492 0.760655737704918 0.4639344262295082 0.4786885245901639
1 0.11557377049180328 0.7647540983606558 0.2262295081967213 0.4524590163934426
1 0.6008196721311475 0.8860655737704918 0.11147540983606558 0.21639344262295082
1 0.5704918032786885 0.5942622950819673 0.19836065573770492 0.17540983606557378
1 0.7139344262295082 0.5704918032786885 0.12131147540983607 0.14262295081967213
1 0.6852459016393443 0.5557377049180328 0.10327868852459017 0.10819672131147541
1 0.5549180327868852 0.5713114754098361 0.1377049180327869 0.12131147540983607
1 0.9377049180327869 0.5844262295081967 0.12459016393442623 0.20491803278688525
1 0.6786885245901639 0.7040983606557377 0.12950819672131147 0.25245901639344265
1 0.4860655737704918 0.8918032786885246 0.07049180327868852 0.21639344262295082