1 0.19318181818181818 0.2089160839160839 0.38636363636363635 0.41083916083916083
1 0.6634615384615384 0.20367132867132867 0.5506993006993007 0.40734265734265734
1 0.21153846153846154 0.7508741258741258 0.4230769230769231 0.4982517482517482
1 0.08653846153846154 0.7473776223776224 0.17132867132867133 0.4737762237762238
1 0.5708041958041958 0.8898601398601399 0.11013986013986014 0.21853146853146854
1 0.5498251748251748 0.583041958041958 0.20454545454545456 0.18006993006993008
1 0.7036713286713286 0.5629370629370629 0.12412587412587413 0.14685314685314685
1 0.673951048951049 0.5463286713286714 0.10664335664335664 0.11188811188811189
1 0.5340909090909091 0.5576923076923077 0.14160839160839161 0.1258741258741259
1 0.9396853146853147 0.5874125874125874 0.12062937062937062 0.21328671328671328
1 0.6608391608391608 0.7045454545454546 0.12937062937062938 0.26573426573426573
1 0.4493006993006993 0.8907342657342657 0.06643356643356643 0.21853146853146854