1 0.4477848101265823 0.2254746835443038 0.0680379746835443 0.4509493670886076
1 0.39556962025316456 0.05063291139240506 0.03322784810126582 0.0981012658227848
1 0.010284810126582278 0.19699367088607594 0.020569620253164556 0.37816455696202533
1 0.004746835443037975 0.13844936708860758 0.00949367088607595 0.2610759493670886
1 0.030854430379746837 0.17721518987341772 0.05063291139240506 0.33860759493670883
1 0.24920886075949367 0.4177215189873418 0.2848101265822785 0.8306962025316456
1 0.08623417721518987 0.07120253164556962 0.04746835443037975 0.1281645569620253
1 0.1574367088607595 0.05617088607594937 0.03164556962025317 0.10126582278481013
1 0.12895569620253164 0.043512658227848104 0.03164556962025317 0.07436708860759493
1 0.5680379746835443 0.5118670886075949 0.10443037974683544 0.22784810126582278
1 0.41693037974683544 0.9137658227848101 0.21677215189873417 0.17246835443037975
1 0.1661392405063291 0.9153481012658228 0.31962025316455694 0.16930379746835442