1 0.013492063492063493 0.8476190476190476 0.026984126984126985 0.1523809523809524
1 0.03333333333333333 0.8571428571428571 0.020634920634920634 0.1523809523809524
1 0.049206349206349205 0.8984126984126984 0.012698412698412698 0.06666666666666667
1 0.05952380952380952 0.8976190476190476 0.015873015873015872 0.0761904761904762
1 0.09126984126984126 0.8571428571428571 0.05396825396825397 0.16984126984126985
1 0.19047619047619047 0.8325396825396826 0.047619047619047616 0.21746031746031746
1 0.2373015873015873 0.8523809523809524 0.05238095238095238 0.19047619047619047
1 0.33015873015873015 0.6888888888888889 0.06984126984126984 0.5380952380952381
1 0.3753968253968254 0.8674603174603175 0.03492063492063492 0.18888888888888888
1 0.9357142857142857 0.7293650793650793 0.07301587301587302 0.45396825396825397
1 0.846031746031746 0.7817460317460317 0.050793650793650794 0.3253968253968254
1 0.746031746031746 0.746031746031746 0.05238095238095238 0.4158730158730159
1 0.5357142857142857 0.4880952380952381 0.2857142857142857 0.8873015873015873
1 0.6865079365079365 0.8563492063492063 0.049206349206349205 0.21587301587301588
1 0.6150793650793651 0.8595238095238096 0.03333333333333333 0.16984126984126985
1 0.6428571428571429 0.8785714285714286 0.031746031746031744 0.15396825396825398