1 0.021915584415584416 0.37012987012987014 0.03409090909090909 0.10064935064935066
1 0.060876623376623376 0.38961038961038963 0.05519480519480519 0.06818181818181818
1 0.16477272727272727 0.22321428571428573 0.09090909090909091 0.413961038961039
1 0.200487012987013 0.40584415584415584 0.03571428571428571 0.05357142857142857
1 0.5852272727272727 0.3092532467532468 0.06655844155844155 0.30194805194805197
1 0.37094155844155846 0.22564935064935066 0.3068181818181818 0.4512987012987013
1 0.5202922077922078 0.41233766233766234 0.05194805194805195 0.08603896103896104
1 0.44642857142857145 0.4212662337662338 0.03409090909090909 0.056818181818181816
1 0.7573051948051948 0.2435064935064935 0.21915584415584416 0.4642857142857143
1 0.8652597402597403 0.25162337662337664 0.2694805194805195 0.4707792207792208
1 0.6996753246753247 0.09740259740259741 0.0633116883116883 0.13636363636363635
1 0.6185064935064936 0.7215909090909091 0.03571428571428571 0.20616883116883117
1 0.48863636363636365 0.6233766233766234 0.23863636363636365 0.35714285714285715
1 0.3125 0.6517857142857143 0.07305194805194805 0.14285714285714285
1 0.21915584415584416 0.6566558441558441 0.09090909090909091 0.09090909090909091
1 0.14772727272727273 0.6444805194805194 0.060064935064935064 0.10876623376623376
1 0.0689935064935065 0.650974025974026 0.09415584415584416 0.17045454545454544
1 0.03896103896103896 0.6842532467532467 0.07792207792207792 0.2840909090909091
1 0.8944805194805194 0.6923701298701299 0.21103896103896103 0.43344155844155846