1 0.03634751773049645 0.8971631205673759 0.040780141843971635 0.17198581560283688
1 0.061170212765957445 0.9051418439716312 0.028368794326241134 0.1702127659574468
1 0.08244680851063829 0.949468085106383 0.015957446808510637 0.07446808510638298
1 0.09397163120567376 0.9485815602836879 0.01950354609929078 0.0851063829787234
1 0.12588652482269502 0.900709219858156 0.0673758865248227 0.19148936170212766
1 0.23404255319148937 0.8652482269503546 0.06205673758865248 0.24468085106382978
1 0.28812056737588654 0.8838652482269503 0.06560283687943262 0.2127659574468085
1 0.37854609929078015 0.6941489361702128 0.09929078014184398 0.6028368794326241
1 0.4432624113475177 0.8900709219858156 0.04609929078014184 0.2127659574468085
1 0.9609929078014184 0.7570921985815603 0.06914893617021277 0.36524822695035464
1 0.8466312056737588 0.726063829787234 0.07446808510638298 0.46631205673758863
1 0.5921985815602837 0.4769503546099291 0.35106382978723405 0.9539007092198581
1 0.7890070921985816 0.8528368794326241 0.06382978723404255 0.2429078014184397
1 0.7101063829787234 0.8617021276595744 0.044326241134751775 0.19148936170212766
1 0.7420212765957447 0.8812056737588653 0.040780141843971635 0.17375886524822695