1 0.012779552715654952 0.26916932907348246 0.025559105431309903 0.45527156549520764
1 0.00878594249201278 0.21485623003194887 0.01757188498402556 0.3274760383386581
1 0.09345047923322684 0.2476038338658147 0.052715654952076675 0.4185303514376997
1 0.3083067092651757 0.4009584664536741 0.2779552715654952 0.694888178913738
1 0.14936102236421725 0.13498402555910544 0.04952076677316294 0.21725239616613418
1 0.22124600638977635 0.12939297124600638 0.03354632587859425 0.17092651757188498
1 0.19249201277955272 0.1110223642172524 0.03354632587859425 0.15495207667731628
1 0.7164536741214057 0.37140575079872207 0.5670926517571885 0.7428115015974441
1 0.3075079872204473 0.8714057507987221 0.28594249201277955 0.2571884984025559
1 0.15654952076677317 0.8730031948881789 0.30670926517571884 0.2539936102236422
1 0.7547923322683706 0.865814696485623 0.4904153354632588 0.26517571884984026