1 0.019642857142857142 0.9151785714285714 0.0125 0.075
1 0.030357142857142857 0.9142857142857143 0.019642857142857142 0.08571428571428572
1 0.06339285714285714 0.8660714285714286 0.06428571428571428 0.19107142857142856
1 0.1732142857142857 0.8330357142857143 0.05892857142857143 0.24642857142857144
1 0.22767857142857142 0.8526785714285714 0.0625 0.21428571428571427
1 0.32142857142857145 0.6633928571428571 0.08928571428571429 0.6053571428571428
1 0.3830357142857143 0.8616071428571429 0.04285714285714286 0.21428571428571427
1 0.9785714285714285 0.6732142857142858 0.04285714285714286 0.5107142857142857
1 0.9071428571428571 0.7366071428571429 0.0625 0.3678571428571429
1 0.7919642857142857 0.7035714285714286 0.06607142857142857 0.46964285714285714
1 0.5410714285714285 0.46339285714285716 0.3357142857142857 0.9267857142857143
1 0.7321428571428571 0.8303571428571429 0.060714285714285714 0.24464285714285713
1 0.6517857142857143 0.8375 0.04107142857142857 0.19285714285714287
1 0.6839285714285714 0.8580357142857142 0.0375 0.175