1 0.9971910112359551 0.025280898876404494 0.0056179775280898875 0.035580524344569285
1 0.9662921348314607 0.07771535580524344 0.06179775280898876 0.1404494382022472
1 0.849250936329588 0.10486891385767791 0.056179775280898875 0.19850187265917604
1 0.7949438202247191 0.08426966292134831 0.0599250936329588 0.16104868913857678
1 0.6853932584269663 0.28277153558052437 0.08052434456928839 0.5617977528089888
1 0.6310861423220974 0.07397003745318352 0.03932584269662921 0.1441947565543071
1 0.07584269662921349 0.1647940074906367 0.05805243445692884 0.3295880149812734
1 0.19288389513108614 0.21161048689138576 0.0599250936329588 0.4232209737827715
1 0.4419475655430712 0.5 0.33707865168539325 1
1 0.2649812734082397 0.08801498127340825 0.05805243445692884 0.1760299625468165
1 0.34831460674157305 0.07209737827715355 0.03745318352059925 0.1441947565543071
1 0.3146067415730337 0.056179775280898875 0.03745318352059925 0.11235955056179775