1 0.03125 0.910472972972973 0.018581081081081082 0.16216216216216217
1 0.04307432432432432 0.9180743243243243 0.030405405405405407 0.16385135135135134
1 0.06418918918918919 0.9603040540540541 0.016891891891891893 0.07094594594594594
1 0.07516891891891891 0.9586148648648649 0.02027027027027027 0.08277027027027027
1 0.10388513513513513 0.910472972972973 0.06587837837837837 0.17905405405405406
1 0.20692567567567569 0.8775337837837838 0.0625 0.23479729729729729
1 0.2592905405405405 0.8944256756756757 0.06587837837837837 0.20439189189189189
1 0.3420608108108108 0.7128378378378378 0.10304054054054054 0.5743243243243243
1 0.40709459459459457 0.8978040540540541 0.0472972972972973 0.20270270270270271
1 0.9679054054054054 0.6984797297297297 0.06418918918918919 0.4847972972972973
1 0.8978040540540541 0.762668918918919 0.07094594594594594 0.34797297297297297
1 0.7880067567567568 0.7347972972972973 0.0777027027027027 0.44425675675675674
1 0.5413851351351351 0.4797297297297297 0.35135135135135137 0.9577702702702703
1 0.7356418918918919 0.8572635135135135 0.06418918918918919 0.23310810810810811
1 0.660472972972973 0.8665540540540541 0.04391891891891892 0.18243243243243243
1 0.6908783783783784 0.8842905405405406 0.04222972972972973 0.16554054054054054