1 0.9950980392156863 0.14950980392156862 0.00980392156862745 0.15849673202614378
1 0.9918300653594772 0.10702614379084967 0.016339869281045753 0.06862745098039216
1 0.9812091503267973 0.10702614379084967 0.0196078431372549 0.08006535947712418
1 0.946078431372549 0.14705882352941177 0.06372549019607843 0.17647058823529413
1 0.8431372549019608 0.16666666666666666 0.06045751633986928 0.22712418300653595
1 0.795751633986928 0.1437908496732026 0.06372549019607843 0.1977124183006536
1 0.6919934640522876 0.30718954248366015 0.09967320261437909 0.5555555555555556
1 0.6552287581699346 0.12091503267973856 0.0457516339869281 0.19607843137254902
1 0.07107843137254902 0.23366013071895425 0.09967320261437909 0.4673202614379085
1 0.16666666666666666 0.184640522875817 0.06862745098039216 0.3366013071895425
1 0.2679738562091503 0.22549019607843138 0.07516339869281045 0.4297385620915033
1 0.46977124183006536 0.5024509803921569 0.3415032679738562 0.9264705882352942
1 0.3341503267973856 0.11601307189542484 0.06209150326797386 0.22549019607843138
1 0.4076797385620915 0.11683006535947713 0.042483660130718956 0.17647058823529413
1 0.380718954248366 0.09558823529411764 0.042483660130718956 0.16013071895424835