1 0.9756493506493507 0.13068181818181818 0.027597402597402596 0.15584415584415584
1 0.9561688311688312 0.12337662337662338 0.022727272727272728 0.15584415584415584
1 0.9375 0.08198051948051949 0.012987012987012988 0.06818181818181818
1 0.926948051948052 0.08279220779220779 0.017857142857142856 0.07792207792207792
1 0.8969155844155844 0.1266233766233766 0.05844155844155844 0.1737012987012987
1 0.797077922077922 0.15665584415584416 0.05357142857142857 0.22402597402597402
1 0.7483766233766234 0.1387987012987013 0.056818181818181816 0.19480519480519481
1 0.6623376623376623 0.31087662337662336 0.08116883116883117 0.5503246753246753
1 0.6063311688311688 0.13068181818181818 0.03896103896103896 0.19480519480519481
1 0.041396103896103896 0.3027597402597403 0.08279220779220779 0.4642857142857143
1 0.13068181818181818 0.24431818181818182 0.056818181818181816 0.3344155844155844
1 0.23457792207792208 0.27435064935064934 0.060064935064935064 0.42694805194805197
1 0.46266233766233766 0.5275974025974026 0.30844155844155846 0.9123376623376623
1 0.288961038961039 0.1590909090909091 0.05519480519480519 0.2224025974025974
1 0.362012987012987 0.1525974025974026 0.037337662337662336 0.17532467532467533
1 0.3327922077922078 0.13392857142857142 0.03571428571428571 0.1590909090909091