1 0.19838709677419356 0.4129032258064516 0.04838709677419355 0.07096774193548387
1 0.33064516129032256 0.25161290322580643 0.08064516129032258 0.38225806451612904
1 0.7548387096774194 0.2846774193548387 0.05967741935483871 0.2693548387096774
1 0.532258064516129 0.21854838709677418 0.2967741935483871 0.43709677419354837
1 0.7040322580645161 0.3951612903225806 0.05 0.054838709677419356
1 0.8911290322580645 0.20806451612903226 0.20806451612903226 0.4161290322580645
1 0.6306451612903226 0.8419354838709677 0.41935483870967744 0.3161290322580645
1 0.2 0.5540322580645162 0.4 0.23387096774193547
1 0.2056451612903226 0.8137096774193548 0.39838709677419354 0.3725806451612903
1 0.6209677419354839 0.5370967741935484 0.4032258064516129 0.2435483870967742
1 0.8443548387096774 0.6701612903225806 0.054838709677419356 0.2806451612903226
1 0.8774193548387097 0.7911290322580645 0.08387096774193549 0.38225806451612904
1 0.9330645161290323 0.6919354838709677 0.1338709677419355 0.5741935483870968