1 0.9603960396039604 0.1188118811881188 0.039603960396039604 0.16006600660066006
1 0.9372937293729373 0.11221122112211221 0.0297029702970297 0.16006600660066006
1 0.9174917491749175 0.07013201320132013 0.0165016501650165 0.06930693069306931
1 0.9067656765676567 0.07178217821782178 0.019801980198019802 0.08085808580858085
1 0.8778877887788779 0.11716171617161716 0.06435643564356436 0.1782178217821782
1 0.7772277227722773 0.15181518151815182 0.06105610561056106 0.22937293729372937
1 0.726897689768977 0.1353135313531353 0.06435643564356436 0.19966996699669967
1 0.6460396039603961 0.3127062706270627 0.10066006600660066 0.5610561056105611
1 0.5825082508250825 0.132013201320132 0.0462046204620462 0.19801980198019803
1 0.03217821782178218 0.3259075907590759 0.06435643564356436 0.4735973597359736
1 0.10313531353135313 0.264026402640264 0.06930693069306931 0.33993399339933994
1 0.20957095709570958 0.29125412541254125 0.07590759075907591 0.43399339933993397
1 0.44966996699669964 0.5354785478547854 0.3448844884488449 0.929042904290429
1 0.2615511551155115 0.1716171617161716 0.0627062706270627 0.22772277227722773
1 0.334983498349835 0.16254125412541254 0.0429042904290429 0.1782178217821782
1 0.30445544554455445 0.1443894389438944 0.0429042904290429 0.1617161716171617