1 0.010655737704918032 0.8401639344262295 0.021311475409836064 0.15901639344262294
1 0.023770491803278688 0.8491803278688524 0.029508196721311476 0.15901639344262294
1 0.03770491803278689 0.8934426229508197 0.01639344262295082 0.06885245901639345
1 0.04836065573770492 0.8934426229508197 0.019672131147540985 0.08032786885245902
1 0.08360655737704918 0.8532786885245902 0.06393442622950819 0.17704918032786884
1 0.18688524590163935 0.8327868852459016 0.060655737704918035 0.2278688524590164
1 0.23442622950819672 0.8557377049180328 0.06393442622950819 0.19836065573770492
1 0.33852459016393444 0.6926229508196722 0.1 0.5573770491803278
1 0.37540983606557377 0.8795081967213115 0.04590163934426229 0.19672131147540983
1 0.9540983606557377 0.7647540983606558 0.08852459016393442 0.4704918032786885
1 0.8655737704918033 0.8155737704918032 0.06885245901639345 0.3377049180327869
1 0.7639344262295082 0.7737704918032787 0.07540983606557378 0.4311475409836066
1 0.5622950819672131 0.4959016393442623 0.34098360655737703 0.9295081967213115
1 0.6975409836065574 0.8844262295081967 0.06229508196721312 0.2262295081967213
1 0.6237704918032787 0.8836065573770492 0.04262295081967213 0.17704918032786884
1 0.6508196721311476 0.9049180327868852 0.040983606557377046 0.16065573770491803