1 0.235062893081761 0.1690251572327044 0.3632075471698113 0.3380503144654088
1 0.47955974842767296 0.2248427672955975 0.13522012578616352 0.3333333333333333
1 0.7838050314465409 0.2169811320754717 0.2279874213836478 0.36163522012578614
1 0.5511006289308176 0.19732704402515724 0.2783018867924528 0.3946540880503145
1 0.235062893081761 0.7555031446540881 0.3490566037735849 0.4858490566037736
1 0.8073899371069182 0.4190251572327044 0.05817610062893082 0.04559748427672956
1 0.8592767295597484 0.41823899371069184 0.0330188679245283 0.040880503144654086
1 0.9433962264150944 0.43160377358490565 0.03930817610062893 0.06446540880503145
1 0.8765723270440252 0.42059748427672955 0.03459119496855346 0.04559748427672956
1 0.9465408805031447 0.41823899371069184 0.03773584905660377 0.03773584905660377
1 0.8223270440251572 0.4229559748427673 0.04245283018867924 0.05188679245283019
1 0.8073899371069182 0.42138364779874216 0.050314465408805034 0.050314465408805034
1 0.9182389937106918 0.8985849056603774 0.11320754716981132 0.19811320754716982
1 0.9748427672955975 0.7610062893081762 0.0440251572327044 0.13679245283018868
1 0.9819182389937107 0.419811320754717 0.036163522012578615 0.040880503144654086
1 0.6666666666666666 0.6163522012578616 0.050314465408805034 0.0880503144654088
1 0.9072327044025157 0.48977987421383645 0.09433962264150944 0.10377358490566038
1 0.8922955974842768 0.6352201257861635 0.059748427672955975 0.09748427672955975
1 0.77437106918239 0.6194968553459119 0.05345911949685535 0.07547169811320754
1 0.6698113207547169 0.4669811320754717 0.04559748427672956 0.07389937106918239
1 0.7382075471698113 0.7051886792452831 0.07861635220125786 0.0880503144654088
1 0.9638364779874213 0.5400943396226415 0.050314465408805034 0.0660377358490566
1 0.7287735849056604 0.4261006289308176 0.08176100628930817 0.06289308176100629