1 0.1781150159744409 0.28674121405750796 0.3562300319488818 0.5638977635782748
1 0.5 0.2124600638977636 0.03514376996805112 0.21884984025559107
1 0.4952076677316294 0.2388178913738019 0.027156549520766772 0.18370607028753994
1 0.49121405750798725 0.41054313099041534 0.03035143769968051 0.16293929712460065
1 0.49121405750798725 0.3450479233226837 0.03035143769968051 0.3083067092651757
1 0.4904153354632588 0.3490415335463259 0.022364217252396165 0.15654952076677317
1 0.5583067092651757 0.32028753993610226 0.06230031948881789 0.1805111821086262
1 0.5503194888178914 0.4233226837060703 0.02875399361022364 0.08945686900958466
1 0.4960063897763578 0.420926517571885 0.04313099041533546 0.2268370607028754
1 0.48801916932907347 0.4752396166134185 0.02875399361022364 0.16613418530351437
1 0.48242811501597443 0.5383386581469649 0.019169329073482427 0.0878594249201278
1 0.4992012779552716 0.016773162939297124 0.01437699680511182 0.03354632587859425
1 0.5015974440894568 0.039936102236421724 0.022364217252396165 0.07987220447284345
1 0.4968051118210863 0.038338658146964855 0.012779552715654952 0.07028753993610223
1 0.4976038338658147 0.031150159744408944 0.011182108626198083 0.06230031948881789
1 0.5031948881789138 0.023961661341853034 0.022364217252396165 0.04792332268370607
1 0.5215654952076677 0.009584664536741214 0.019169329073482427 0.01757188498402556
1 0.5087859424920128 0.035942492012779555 0.036741214057507986 0.07188498402555911
1 0.5031948881789138 0.039936102236421724 0.025559105431309903 0.07987220447284345
1 0.49440894568690097 0.07827476038338659 0.009584664536741214 0.05910543130990415
1 0.5982428115015974 0.06309904153354633 0.06869009584664537 0.12140575079872204
1 0.5630990415335463 0.1110223642172524 0.04153354632587859 0.13738019169329074
1 0.5503194888178914 0.15175718849840256 0.036741214057507986 0.134185303514377
1 0.5998402555910544 0.18370607028753994 0.038338658146964855 0.14217252396166133
1 0.8386581469648562 0.08226837060702875 0.09744408945686901 0.14536741214057508
1 0.9321086261980831 0.1485623003194888 0.08146964856230032 0.268370607028754
1 0.9680511182108626 0.3170926517571885 0.06389776357827476 0.16134185303514376
1 0.950479233226837 0.5686900958466453 0.04472843450479233 0.12140575079872204
1 0.8761980830670927 0.4560702875399361 0.03194888178913738 0.16134185303514376
1 0.8218849840255591 0.3194888178913738 0.05591054313099041 0.28434504792332266
1 0.8833865814696485 0.28115015974440893 0.05910543130990415 0.1900958466453674
1 0.7851437699680511 0.3250798722044728 0.04472843450479233 0.17731629392971246
1 0.6773162939297125 0.13498402555910544 0.04952076677316294 0.16134185303514376
1 0.9624600638977636 0.4496805111821086 0.06549520766773163 0.14536741214057508
1 0.9089456869009584 0.4440894568690096 0.05591054313099041 0.20926517571884984
1 0.6349840255591054 0.35543130990415334 0.038338658146964855 0.1389776357827476
1 0.6277955271565495 0.4736421725239617 0.04472843450479233 0.14696485623003194
1 0.6685303514376997 0.38498402555910544 0.039936102236421724 0.1389776357827476
1 0.8746006389776357 0.5862619808306709 0.03194888178913738 0.0878594249201278
1 0.8905750798722045 0.6174121405750799 0.03035143769968051 0.027156549520766772
1 0.744408945686901 0.5718849840255591 0.03354632587859425 0.08945686900958466
1 0.7460063897763578 0.48642172523961663 0.03354632587859425 0.1182108626198083
1 0.7084664536741214 0.5007987220447284 0.039936102236421724 0.14057507987220447
1 0.536741214057508 0.5950479233226837 0.023961661341853034 0.0463258785942492
1 0.48003194888178913 0.5902555910543131 0.01597444089456869 0.051118210862619806
1 0.5934504792332268 0.5199680511182109 0.036741214057507986 0.14057507987220447
1 0.7228434504792333 0.18130990415335463 0.054313099041533544 0.19488817891373802
1 0.4976038338658147 0.16134185303514376 0.023961661341853034 0.14057507987220447
1 0.16773162939297126 0.7963258785942492 0.3354632587859425 0.39456869009584666
1 0.3953674121405751 0.6541533546325878 0.10543130990415335 0.08466453674121406
1 0.6717252396166135 0.8138977635782748 0.426517571884984 0.3722044728434505