1 0.2148014440433213 0.1299638989169675 0.3862815884476534 0.259927797833935
1 0.4693140794223827 0.16606498194945848 0.17689530685920576 0.33212996389891697
1 0.8176895306859205 0.19133574007220217 0.2815884476534296 0.351985559566787
1 0.5505415162454874 0.17328519855595667 0.33935018050541516 0.34657039711191334
1 0.18411552346570398 0.7093862815884476 0.36823104693140796 0.5523465703971119
1 0.8321299638989169 0.3844765342960289 0.0703971119133574 0.05595667870036101
1 0.8916967509025271 0.3871841155234657 0.04151624548736462 0.05054151624548736
1 0.9810469314079422 0.40884476534296027 0.03790613718411552 0.0776173285198556
1 0.9106498194945848 0.3916967509025271 0.04151624548736462 0.05595667870036101
1 0.983754512635379 0.3935018050541516 0.032490974729241874 0.04693140794223827
1 0.8483754512635379 0.3898916967509025 0.052346570397111915 0.0631768953068592
1 0.8312274368231047 0.3871841155234657 0.061371841155234655 0.061371841155234655
1 0.9106498194945848 0.9115523465703971 0.12454873646209386 0.17689530685920576
1 0.6552346570397112 0.5983754512635379 0.06498194945848375 0.10288808664259928
1 0.9404332129963899 0.4729241877256318 0.11552346570397112 0.1263537906137184
1 0.9115523465703971 0.6380866425992779 0.07581227436823104 0.11552346570397112
1 0.7779783393501805 0.6110108303249098 0.06678700361010831 0.09025270758122744
1 0.6705776173285198 0.427797833935018 0.05776173285198556 0.08844765342960288
1 0.73014440433213 0.7066787003610109 0.09747292418772563 0.10649819494584838
1 0.9846570397111913 0.5342960288808665 0.030685920577617327 0.07581227436823104
1 0.7409747292418772 0.3862815884476534 0.09747292418772563 0.0776173285198556