1 0.48711340206185566 0.19158075601374572 0.5343642611683849 0.38316151202749144
1 0.8668384879725086 0.24570446735395188 0.2663230240549828 0.3024054982817869
1 0.327319587628866 0.3754295532646048 0.070446735395189 0.030927835051546393
1 0.11082474226804123 0.4321305841924399 0.07903780068728522 0.140893470790378
1 0.023195876288659795 0.3788659793814433 0.037800687285223365 0.06701030927835051
1 0.0429553264604811 0.42439862542955326 0.06529209621993128 0.09106529209621993
1 0.15721649484536082 0.3900343642611684 0.09106529209621993 0.07903780068728522
1 0.24828178694158076 0.3900343642611684 0.070446735395189 0.06701030927835051
1 0.359106529209622 0.4269759450171821 0.09278350515463918 0.1323024054982818
1 0.43041237113402064 0.42439862542955326 0.1013745704467354 0.11855670103092783
1 0.5137457044673539 0.4269759450171821 0.07731958762886598 0.1134020618556701
1 0.5738831615120275 0.4269759450171821 0.08934707903780069 0.10824742268041238
1 0.6597938144329897 0.41580756013745707 0.07731958762886598 0.07560137457044673
1 0.7156357388316151 0.42353951890034364 0.037800687285223365 0.08419243986254296
1 0.36254295532646047 0.761168384879725 0.07731958762886598 0.12714776632302405
1 0.42955326460481097 0.7053264604810997 0.070446735395189 0.11855670103092783
1 0.37285223367697595 0.6391752577319587 0.06701030927835051 0.10996563573883161
1 0.40378006872852235 0.5360824742268041 0.07388316151202749 0.11512027491408934
1 0.42010309278350516 0.41580756013745707 0.12199312714776632 0.10309278350515463
1 0.4647766323024055 0.40378006872852235 0.12199312714776632 0.07560137457044673
1 0.33676975945017185 0.4957044673539519 0.07216494845360824 0.1563573883161512
1 0.2757731958762887 0.4518900343642612 0.0859106529209622 0.15292096219931273
1 0.3024054982817869 0.6151202749140894 0.07388316151202749 0.12886597938144329
1 0.24312714776632302 0.5532646048109966 0.07216494845360824 0.09450171821305842
1 0.218213058419244 0.6237113402061856 0.06013745704467354 0.09621993127147767
1 0.16065292096219932 0.6967353951890034 0.09106529209621993 0.1323024054982818
1 0.09278350515463918 0.5850515463917526 0.09278350515463918 0.10652920962199312
1 0.02577319587628866 0.5171821305841925 0.05154639175257732 0.15120274914089346
1 0.006013745704467354 0.4948453608247423 0.012027491408934709 0.10652920962199312
1 0.0352233676975945 0.39862542955326463 0.06701030927835051 0.10652920962199312
1 0.211340206185567 0.38745704467353953 0.07903780068728522 0.06701030927835051
1 0.2766323024054983 0.39261168384879724 0.08934707903780069 0.07216494845360824
1 0.012027491408934709 0.3754295532646048 0.015463917525773196 0.06013745704467354
1 0.014604810996563574 0.3754295532646048 0.020618556701030927 0.06013745704467354
1 0.02147766323024055 0.37800687285223367 0.03436426116838488 0.06529209621993128
1 0.019759450171821305 0.6323024054982818 0.03951890034364261 0.12714776632302405
1 0.01288659793814433 0.7577319587628866 0.02577319587628866 0.07903780068728522
1 0.08934707903780069 0.743127147766323 0.11855670103092783 0.1872852233676976
1 0.3015463917525773 0.7938144329896907 0.06701030927835051 0.10652920962199312
1 0.21219931271477663 0.7766323024054983 0.08762886597938144 0.1013745704467354
1 0.03436426116838488 0.9321305841924399 0.06872852233676977 0.09106529209621993
1 0.08848797250859107 0.8754295532646048 0.0859106529209622 0.08934707903780069
1 0.22250859106529208 0.9664948453608248 0.08419243986254296 0.0429553264604811
1 0.24656357388316152 0.884020618556701 0.10481099656357389 0.12886597938144329
1 0.3290378006872852 0.9742268041237113 0.0979381443298969 0.03951890034364261
1 0.33505154639175255 0.9037800687285223 0.06872852233676977 0.10652920962199312
1 0.6460481099656358 0.4072164948453608 0.09965635738831616 0.061855670103092786
1 0.6812714776632303 0.40378006872852235 0.09278350515463918 0.05154639175257732
1 0.7139175257731959 0.39690721649484534 0.0429553264604811 0.030927835051546393
1 0.9407216494845361 0.7422680412371134 0.11855670103092783 0.5154639175257731
1 0.9132302405498282 0.7439862542955327 0.08762886597938144 0.3487972508591065
1 0.8238831615120275 0.7620274914089347 0.15979381443298968 0.47594501718213056
1 0.7371134020618557 0.8075601374570447 0.07216494845360824 0.3848797250859107
1 0.7353951890034365 0.6718213058419243 0.048109965635738834 0.33676975945017185
1 0.7457044673539519 0.7096219931271478 0.07560137457044673 0.3917525773195876
1 0.7637457044673539 0.6829896907216495 0.12027491408934708 0.5859106529209622