1 0.3474025974025974 0.40016233766233766 0.5292207792207793 0.36688311688311687
1 0.012987012987012988 0.4862012987012987 0.025974025974025976 0.19642857142857142
1 0.6542207792207793 0.48457792207792205 0.12337662337662338 0.18019480519480519
1 0.00487012987012987 0.4318181818181818 0.00974025974025974 0.3051948051948052
1 0.8530844155844156 0.2897727272727273 0.29383116883116883 0.5633116883116883
1 0.1590909090909091 0.8043831168831169 0.31493506493506496 0.3912337662337662
1 0.7321428571428571 0.9675324675324676 0.021103896103896104 0.056818181818181816
1 0.7353896103896104 0.9829545454545454 0.025974025974025976 0.025974025974025976
1 0.7678571428571429 0.9521103896103896 0.03409090909090909 0.08603896103896104
1 0.8125 0.9569805194805194 0.04220779220779221 0.07467532467532467
1 0.898538961038961 0.9821428571428571 0.040584415584415584 0.022727272727272728
1 0.9951298701298701 0.9196428571428571 0.00974025974025974 0.137987012987013
1 0.7329545454545454 0.7621753246753247 0.030844155844155844 0.15584415584415584
1 0.737012987012987 0.9788961038961039 0.02922077922077922 0.03409090909090909
1 0.7313311688311688 0.9724025974025974 0.01948051948051948 0.04707792207792208
1 0.739448051948052 0.9464285714285714 0.03571428571428571 0.09902597402597403
1 0.7313311688311688 0.8709415584415584 0.022727272727272728 0.08441558441558442
1 0.7321428571428571 0.9042207792207793 0.022727272727272728 0.0633116883116883
1 0.7386363636363636 0.9131493506493507 0.03571428571428571 0.08116883116883117
1 0.7313311688311688 0.8887987012987013 0.022727272727272728 0.06493506493506493
1 0.7808441558441559 0.8652597402597403 0.048701298701298704 0.08116883116883117
1 0.9204545454545454 0.9512987012987013 0.04220779220779221 0.07792207792207792
1 0.9699675324675324 0.9172077922077922 0.04707792207792208 0.07792207792207792
1 0.8660714285714286 0.9082792207792207 0.03896103896103896 0.0633116883116883
1 0.8798701298701299 0.8425324675324676 0.040584415584415584 0.07954545454545454
1 0.9099025974025974 0.8133116883116883 0.045454545454545456 0.09902597402597403
1 0.976461038961039 0.6810064935064936 0.030844155844155844 0.06493506493506493
1 0.9253246753246753 0.702922077922078 0.03409090909090909 0.11363636363636363
1 0.885551948051948 0.7159090909090909 0.02922077922077922 0.05032467532467533
1 0.7800324675324676 0.799512987012987 0.03409090909090909 0.06818181818181818
1 0.7272727272727273 0.8173701298701299 0.016233766233766232 0.08116883116883117
1 0.7305194805194806 0.9131493506493507 0.01948051948051948 0.09090909090909091
1 0.726461038961039 0.5917207792207793 0.021103896103896104 0.03896103896103896
1 0.7297077922077922 0.797077922077922 0.022727272727272728 0.08928571428571429
1 0.7272727272727273 0.8141233766233766 0.016233766233766232 0.05194805194805195
1 0.7288961038961039 0.7321428571428571 0.022727272727272728 0.08928571428571429
1 0.8944805194805194 0.6030844155844156 0.03409090909090909 0.06655844155844155
1 0.9521103896103896 0.5925324675324676 0.032467532467532464 0.048701298701298704
1 0.9748376623376623 0.8206168831168831 0.04707792207792208 0.09415584415584416
1 0.7767857142857143 0.7183441558441559 0.037337662337662336 0.08603896103896104
1 0.7922077922077922 0.5868506493506493 0.03571428571428571 0.030844155844155844
1 0.7280844155844156 0.762987012987013 0.01948051948051948 0.10227272727272728
1 0.7297077922077922 0.7191558441558441 0.024350649350649352 0.09902597402597403
1 0.726461038961039 0.7362012987012987 0.017857142857142856 0.07792207792207792
1 0.7272727272727273 0.8060064935064936 0.016233766233766232 0.06168831168831169