1 0.09812286689419795 0.21416382252559726 0.1962457337883959 0.39761092150170646
1 0.20051194539249148 0.12542662116040956 0.08020477815699659 0.2235494880546075
1 0.45733788395904434 0.31143344709897613 0.3378839590443686 0.3310580204778157
1 0.07764505119453925 0.5708191126279863 0.09897610921501707 0.11604095563139932
1 0.20819112627986347 0.8208191126279863 0.052901023890784986 0.13139931740614336
1 0.19283276450511946 0.5537542662116041 0.09897610921501707 0.09385665529010238
1 0.033276450511945395 0.53839590443686 0.05460750853242321 0.04436860068259386
1 0.06655290102389079 0.5503412969283277 0.05460750853242321 0.07167235494880546
1 0.21331058020477817 0.5264505119453925 0.051194539249146756 0.03754266211604096
1 0.024744027303754267 0.5443686006825939 0.04948805460750853 0.05460750853242321
1 0.09897610921501707 0.5648464163822525 0.06143344709897611 0.10409556313993173
1 0.040955631399317405 0.5571672354948806 0.059726962457337884 0.08361774744027303
1 0.0947098976109215 0.6868600682593856 0.051194539249146756 0.1075085324232082
1 0.051194539249146756 0.6569965870307167 0.05460750853242321 0.12627986348122866
1 0.21245733788395904 0.5469283276450512 0.09044368600682594 0.08191126279863481
1 0.1416382252559727 0.6919795221843004 0.05802047781569966 0.14334470989761092
1 0.1561433447098976 0.5426621160409556 0.06313993174061433 0.06655290102389079
1 0.23208191126279865 0.5418088737201365 0.051194539249146756 0.07167235494880546
1 0.19197952218430034 0.6254266211604096 0.06143344709897611 0.12116040955631399
1 0.12713310580204779 0.5358361774744027 0.04436860068259386 0.04778156996587031
1 0.026450511945392493 0.7738907849829352 0.030716723549488054 0.08703071672354949
1 0.023890784982935155 0.7098976109215017 0.030716723549488054 0.08361774744027303
1 0.01877133105802048 0.6203071672354948 0.030716723549488054 0.11262798634812286
1 0.012798634812286689 0.5563139931740614 0.023890784982935155 0.07679180887372014
1 0.07423208191126279 0.947098976109215 0.04948805460750853 0.10580204778156997
1 0.2687713310580205 0.9667235494880546 0.02218430034129693 0.06655290102389079
1 0.05887372013651877 0.841296928327645 0.040955631399317405 0.08873720136518772
1 0.3796928327645051 0.7713310580204779 0.24744027303754265 0.45733788395904434
1 0.7755972696245734 0.7320819112627986 0.44880546075085326 0.5290102389078498