1 0.2911290322580645 0.23387096774193547 0.19516129032258064 0.46774193548387094
1 0.018548387096774192 0.03387096774193549 0.037096774193548385 0.06774193548387097
1 0.07338709677419354 0.15483870967741936 0.11451612903225807 0.3096774193548387
1 0.014516129032258065 0.20806451612903226 0.02903225806451613 0.4161290322580645
1 0.6709677419354839 0.2669354838709677 0.2806451612903226 0.5338709677419354
1 0.18870967741935485 0.7185483870967742 0.3774193548387097 0.36935483870967745
1 0.8903225806451613 0.5798387096774194 0.054838709677419356 0.09193548387096774
1 0.8903225806451613 0.557258064516129 0.035483870967741936 0.0467741935483871
1 0.9661290322580646 0.7975806451612903 0.043548387096774194 0.1064516129032258
1 0.9282258064516129 0.592741935483871 0.06290322580645161 0.11774193548387096
1 0.9435483870967742 0.5701612903225807 0.04838709677419355 0.07258064516129033
1 0.7903225806451613 0.5604838709677419 0.03870967741935484 0.0532258064516129
1 0.8411290322580646 0.5661290322580645 0.0467741935483871 0.06451612903225806
1 0.8298387096774194 0.557258064516129 0.037096774193548385 0.0467741935483871
1 0.8919354838709678 0.6862903225806452 0.0467741935483871 0.11129032258064517
1 0.8403225806451613 0.5588709677419355 0.035483870967741936 0.05
1 0.8217741935483871 0.7346774193548387 0.054838709677419356 0.10483870967741936
1 0.6943548387096774 0.5814516129032258 0.0532258064516129 0.09516129032258064
1 0.7435483870967742 0.557258064516129 0.04838709677419355 0.0467741935483871
1 0.9846774193548387 0.5685483870967742 0.03064516129032258 0.06935483870967742
1 0.7419354838709677 0.5524193548387096 0.041935483870967745 0.037096774193548385
1 0.7637096774193548 0.5629032258064516 0.027419354838709678 0.05806451612903226
1 0.9370967741935484 0.9306451612903226 0.06451612903225806 0.13870967741935483
1 0.635483870967742 0.5774193548387097 0.08709677419354839 0.08709677419354839
1 0.7669354838709678 0.5701612903225807 0.07903225806451612 0.07258064516129033
1 0.7379032258064516 0.6911290322580645 0.06935483870967742 0.12741935483870967
1 0.5370967741935484 0.6362903225806451 0.11774193548387096 0.12741935483870967
1 0.6435483870967742 0.8120967741935484 0.0967741935483871 0.1032258064516129
1 0.8443548387096774 0.9508064516129032 0.0467741935483871 0.09838709677419355
1 0.8887096774193548 0.9685483870967742 0.04516129032258064 0.06290322580645161
1 0.6370967741935484 0.5580645161290323 0.054838709677419356 0.04838709677419355
1 0.4435483870967742 0.5556451612903226 0.08064516129032258 0.043548387096774194
1 0.9911290322580645 0.5709677419354838 0.017741935483870968 0.07419354838709677