1 0.17857142857142858 0.3438538205980066 0.35714285714285715 0.5780730897009967
1 0.01079734219269103 0.3795681063122924 0.02159468438538206 0.32059800664451826
1 0.4692691029900332 0.4418604651162791 0.10465116279069768 0.32059800664451826
1 0.39867109634551495 0.35714285714285715 0.16777408637873753 0.2823920265780731
1 0.5373754152823921 0.45514950166112955 0.05813953488372093 0.10465116279069768
1 0.6370431893687708 0.5033222591362126 0.1644518272425249 0.18106312292358803
1 0.5506644518272426 0.5614617940199336 0.0681063122923588 0.07142857142857142
1 0.6627906976744186 0.36046511627906974 0.09966777408637874 0.09634551495016612
1 0.5440199335548173 0.47259136212624586 0.07142857142857142 0.15448504983388706
1 0.5722591362126246 0.5473421926910299 0.11461794019933555 0.09800664451827243
1 0.9443521594684385 0.19767441860465115 0.07641196013289037 0.07807308970099668
1 0.9750830564784053 0.5348837209302325 0.04983388704318937 0.06312292358803986
1 0.5307308970099668 0.3795681063122924 0.05647840531561462 0.12292358803986711
1 0.5930232558139535 0.4111295681063123 0.10465116279069768 0.15614617940199335
1 0.978405315614618 0.4393687707641196 0.04318936877076412 0.12458471760797342
1 0.7583056478405316 0.5431893687707641 0.11627906976744186 0.08139534883720931
1 0.5191029900332226 0.2915282392026578 0.04152823920265781 0.07308970099667775
1 0.9086378737541528 0.1553156146179402 0.04983388704318937 0.0681063122923588
1 0.41777408637873753 0.7308970099667774 0.22259136212624583 0.22757475083056478
1 0.7524916943521595 0.782392026578073 0.20764119601328904 0.41362126245847175
1 0.5431893687707641 0.6403654485049833 0.04318936877076412 0.09136212624584718
1 0.9526578073089701 0.7657807308970099 0.0946843853820598 0.40863787375415284
1 0.5855481727574751 0.6586378737541528 0.08305647840531562 0.1378737541528239
1 0.8197674418604651 0.6054817275747508 0.05813953488372093 0.06312292358803986
1 0.5448504983388704 0.6403654485049833 0.046511627906976744 0.09302325581395349
1 0.542358803986711 0.6420265780730897 0.04152823920265781 0.0946843853820598
1 0.5398671096345515 0.6503322259136213 0.036544850498338874 0.11129568106312292
1 0.5415282392026578 0.6411960132890365 0.03986710963455149 0.09302325581395349
1 0.5465116279069767 0.6453488372093024 0.04983388704318937 0.10465116279069768
1 0.5473421926910299 0.6470099667774086 0.04983388704318937 0.1079734219269103
1 0.5448504983388704 0.6411960132890365 0.046511627906976744 0.0946843853820598