1 0.20551801801801803 0.2016949152542373 0.05405405405405406 0.13220338983050847
1 0.3355855855855856 0.1864406779661017 0.04617117117117117 0.12033898305084746
1 0.3113738738738739 0.761864406779661 0.24436936936936937 0.45932203389830506
1 0.38907657657657657 0.48389830508474574 0.11824324324324324 0.27796610169491526
1 0.4177927927927928 0.26610169491525426 0.16216216216216217 0.26440677966101694
1 0.5574324324324325 0.27627118644067794 0.11599099099099099 0.2033898305084746
1 0.6582207207207207 0.27796610169491526 0.1036036036036036 0.1864406779661017
1 0.6925675675675675 0.4533898305084746 0.10585585585585586 0.28135593220338984
1 0.5230855855855856 0.9084745762711864 0.2195945945945946 0.18305084745762712
1 0.5596846846846847 0.7076271186440678 0.2286036036036036 0.4101694915254237
1 0.8434684684684685 0.8728813559322034 0.1891891891891892 0.2542372881355932
1 0.7612612612612613 0.6805084745762712 0.18693693693693694 0.26101694915254237
1 0.8592342342342343 0.5567796610169492 0.20157657657657657 0.3271186440677966
1 0.8896396396396397 0.2652542372881356 0.22072072072072071 0.3338983050847458
1 0.5962837837837838 0.048305084745762714 0.08333333333333333 0.08644067796610169
1 0.6655405405405406 0.09915254237288136 0.13851351351351351 0.17966101694915254
1 0.7438063063063063 0.06610169491525424 0.0777027027027027 0.08983050847457627
1 0.8338963963963963 0.06694915254237288 0.1463963963963964 0.08135593220338982
1 0.23423423423423423 0.373728813559322 0.19932432432432431 0.4457627118644068
1 0.5320945945945946 0.09067796610169492 0.10022522522522523 0.18135593220338983
1 0.4403153153153153 0.07796610169491526 0.09684684684684684 0.15593220338983052
1 0.36373873873873874 0.059322033898305086 0.07207207207207207 0.11864406779661017
1 0.2899774774774775 0.06186440677966102 0.07995495495495496 0.12372881355932204
1 0.19313063063063063 0.06949152542372881 0.08783783783783784 0.13898305084745763
1 0.16385135135135134 0.012711864406779662 0.10923423423423423 0.025423728813559324
1 0.061936936936936936 0.2440677966101695 0.08671171171171171 0.24745762711864408
1 0.12274774774774774 0.16864406779661018 0.0731981981981982 0.1847457627118644
1 0.09797297297297297 0.05423728813559322 0.07657657657657657 0.10847457627118644
1 0.038288288288288286 0.08050847457627118 0.0472972972972973 0.16101694915254236
1 0.09177927927927929 0.735593220338983 0.18355855855855857 0.3559322033898305
1 0.046734234234234236 0.5203389830508475 0.09346846846846847 0.34915254237288135