1 0.41746411483253587 0.02158273381294964 0.07655502392344497 0.039568345323741004
1 0.19557416267942584 0.4784172661870504 0.08253588516746412 0.1528776978417266
1 0.050239234449760764 0.37410071942446044 0.10047846889952153 0.1474820143884892
1 0.12081339712918661 0.47751798561151076 0.06698564593301436 0.09892086330935251
1 0.24043062200956938 0.26798561151079137 0.09928229665071771 0.16546762589928057
1 0.340311004784689 0.3120503597122302 0.07655502392344497 0.14568345323741008
1 0.45933014354066987 0.1843525179856115 0.10047846889952153 0.2841726618705036
1 0.5334928229665071 0.11780575539568346 0.11004784688995216 0.2356115107913669
1 0.6267942583732058 0.12949640287769784 0.08373205741626795 0.24640287769784172
1 0.6925837320574163 0.19334532374100719 0.09808612440191387 0.23381294964028776
1 0.7828947368421053 0.12050359712230216 0.08373205741626795 0.1618705035971223
1 0.854066985645933 0.07913669064748201 0.06220095693779904 0.15827338129496402
1 0.49521531100478466 0.8057553956834532 0.08133971291866028 0.13848920863309352
1 0.5639952153110048 0.7383093525179856 0.0729665071770335 0.12769784172661872
1 0.49700956937799046 0.6735611510791367 0.07057416267942583 0.11870503597122302
1 0.520933014354067 0.5575539568345323 0.07775119617224881 0.12589928057553956
1 0.5299043062200957 0.41906474820143885 0.1303827751196172 0.12769784172661872
1 0.5753588516746412 0.32823741007194246 0.13277511961722488 0.1564748201438849
1 0.44557416267942584 0.5215827338129496 0.07177033492822966 0.16906474820143885
1 0.37559808612440193 0.48111510791366907 0.08971291866028708 0.1672661870503597
1 0.41746411483253587 0.6555755395683454 0.07655502392344497 0.14028776978417265
1 0.3492822966507177 0.5944244604316546 0.07416267942583732 0.10251798561151079
1 0.3277511961722488 0.6735611510791367 0.06220095693779904 0.10431654676258993
1 0.2715311004784689 0.7589928057553957 0.09449760765550239 0.14568345323741008
1 0.18899521531100477 0.6465827338129496 0.09688995215311005 0.11510791366906475
1 0.07775119617224881 0.5836330935251799 0.11842105263157894 0.16906474820143885
1 0.017942583732057416 0.5611510791366906 0.03588516746411483 0.12050359712230216
1 0.07535885167464115 0.22032374100719423 0.13636363636363635 0.23201438848920863
1 0.29545454545454547 0.1357913669064748 0.08373205741626795 0.14568345323741008
1 0.3666267942583732 0.12859712230215828 0.09688995215311005 0.1510791366906475
1 0.008373205741626795 0.22931654676258992 0.01674641148325359 0.13489208633093525
1 0.014952153110047847 0.0764388489208633 0.029904306220095694 0.10611510791366907
1 0.0687799043062201 0.7077338129496403 0.13157894736842105 0.14388489208633093
1 0.042464114832535885 0.9118705035971223 0.06818181818181818 0.08812949640287769
1 0.09569377990430622 0.8462230215827338 0.07057416267942583 0.08812949640287769
1 0.19796650717703348 0.8183453237410072 0.12440191387559808 0.20323741007194246
1 0.4312200956937799 0.8489208633093526 0.07057416267942583 0.11510791366906475
1 0.333133971291866 0.8399280575539568 0.09210526315789473 0.11151079136690648
1 0.05861244019138756 0.9820143884892086 0.09569377990430622 0.03597122302158273
1 0.15370813397129188 0.9892086330935251 0.07057416267942583 0.02158273381294964
1 0.20813397129186603 0.9559352517985612 0.09090909090909091 0.08812949640287769
1 0.3785885167464115 0.9406474820143885 0.10885167464114832 0.11870503597122302
1 0.47667464114832536 0.9532374100719424 0.07057416267942583 0.09352517985611511
1 0.7715311004784688 0.27248201438848924 0.1076555023923445 0.12949640287769784
1 0.8104066985645934 0.31384892086330934 0.10167464114832536 0.1079136690647482
1 0.8714114832535885 0.31744604316546765 0.09928229665071771 0.07014388489208633
1 0.9383971291866029 0.2949640287769784 0.07177033492822966 0.08453237410071943