1 0.29245283018867924 0.6132075471698113 0.10220125786163523 0.2783018867924528
1 0.7413522012578616 0.1619496855345912 0.07547169811320754 0.16352201257861634
1 0.5070754716981132 0.4913522012578616 0.08490566037735849 0.16666666666666666
1 0.7397798742138365 0.389937106918239 0.10220125786163523 0.3380503144654088
1 0.4268867924528302 0.07547169811320754 0.05817610062893082 0.14622641509433962
1 0.3922955974842767 0.23427672955974843 0.06289308176100629 0.10534591194968554
1 0.8042452830188679 0.40172955974842767 0.07861635220125786 0.3632075471698113
1 0.5990566037735849 0.05345911949685535 0.06289308176100629 0.1069182389937107
1 0.5408805031446541 0.09119496855345911 0.050314465408805034 0.10062893081761007
1 0.8537735849056604 0.12342767295597484 0.04245283018867924 0.08018867924528301
1 0.32940251572327045 0.07311320754716981 0.06761006289308176 0.13679245283018868
1 0.589622641509434 0.3781446540880503 0.17138364779874213 0.41823899371069184
1 0.9504716981132075 0.22169811320754718 0.04716981132075472 0.1792452830188679
1 0.15880503144654087 0.6682389937106918 0.06132075471698113 0.17452830188679244
1 0.3757861635220126 0.3946540880503145 0.04874213836477988 0.11477987421383648
1 0.40172955974842767 0.35927672955974843 0.040880503144654086 0.139937106918239
1 0.49842767295597484 0.2869496855345912 0.040880503144654086 0.11477987421383648
1 0.8930817610062893 0.47641509433962265 0.04245283018867924 0.22327044025157233
1 0.8726415094339622 0.3341194968553459 0.04245283018867924 0.07861635220125786
1 0.9111635220125787 0.3121069182389937 0.05660377358490566 0.15880503144654087