1 0.8681710213776722 0.9341269841269841 0.07838479809976247 0.13174603174603175
1 0.6716152019002375 0.9785714285714285 0.07007125890736342 0.04285714285714286
1 0.46199524940617576 0.3603174603174603 0.03800475059382423 0.09841269841269841
1 0.8545130641330166 0.5888888888888889 0.03681710213776722 0.09682539682539683
1 0.8628266033254157 0.7380952380952381 0.06294536817102138 0.17142857142857143
1 0.8295724465558195 0.4650793650793651 0.035629453681710214 0.09047619047619047
1 0.5766033254156769 0.6912698412698413 0.0665083135391924 0.2111111111111111
1 0.014251781472684086 0.30238095238095236 0.022565320665083134 0.14126984126984127
1 0.017814726840855107 0.23095238095238096 0.02494061757719715 0.0746031746031746
1 0.7755344418052257 0.31746031746031744 0.0332541567695962 0.09206349206349207
1 0.8153206650831354 0.5515873015873016 0.039192399049881234 0.08412698412698413
1 0.9364608076009501 0.7277777777777777 0.06532066508313539 0.16507936507936508
1 0.4804038004750594 0.5388888888888889 0.047505938242280284 0.1380952380952381
1 0.5647268408551069 0.27380952380952384 0.020190023752969122 0.046031746031746035
1 0.9519002375296912 0.3523809523809524 0.030878859857482184 0.050793650793650794
1 0.7868171021377672 0.9261904761904762 0.0510688836104513 0.14761904761904762
1 0.8960807600950119 0.6785714285714286 0.03681710213776722 0.10158730158730159
1 0.9827790973871734 0.3531746031746032 0.022565320665083134 0.05873015873015873
1 0.3016627078384798 0.5428571428571428 0.055819477434679333 0.15873015873015872
1 0.336104513064133 0.6595238095238095 0.0855106888361045 0.3126984126984127
1 0.9245843230403801 0.41984126984126985 0.03681710213776722 0.07142857142857142
1 0.6342042755344418 0.3817460317460317 0.02494061757719715 0.05873015873015873
1 0.6169833729216152 0.42063492063492064 0.026128266033254157 0.06349206349206349
1 0.748812351543943 0.2904761904761905 0.023752969121140142 0.05714285714285714
1 0.8842042755344418 0.36666666666666664 0.040380047505938245 0.1253968253968254
1 0.8515439429928741 0.3634920634920635 0.035629453681710214 0.1126984126984127
1 0.42874109263657956 0.4523809523809524 0.0344418052256532 0.08095238095238096
1 0.7161520190023754 0.28809523809523807 0.022565320665083134 0.05714285714285714
1 0.10926365795724466 0.32857142857142857 0.027315914489311165 0.0746031746031746
1 0.4679334916864608 0.75 0.10926365795724466 0.2904761904761905
1 0.3693586698337292 0.8992063492063492 0.11163895486935867 0.19523809523809524
1 0.5457244655581948 0.9007936507936508 0.1342042755344418 0.1984126984126984
1 0.7155581947743468 0.9317460317460318 0.035629453681710214 0.09047619047619047
1 0.6437054631828979 0.9103174603174603 0.047505938242280284 0.11428571428571428
1 0.6828978622327792 0.9230158730158731 0.03800475059382423 0.10634920634920635
1 0.7001187648456056 0.8071428571428572 0.0332541567695962 0.14126984126984127
1 0.6353919239904988 0.7880952380952381 0.055819477434679333 0.10952380952380952
1 0.9709026128266033 0.7682539682539683 0.05344418052256532 0.3
1 0.7666270783847982 0.6158730158730159 0.05938242280285035 0.20793650793650795
1 0.8117577197149644 0.6261904761904762 0.05938242280285035 0.23492063492063492
1 0.9382422802850356 0.6 0.055819477434679333 0.09047619047619047
1 0.9073634204275535 0.5388888888888889 0.048693586698337295 0.13333333333333333
1 0.6371733966745843 0.696031746031746 0.043942992874109264 0.08095238095238096
1 0.6247030878859857 0.5079365079365079 0.052256532066508314 0.1111111111111111
1 0.5285035629453682 0.4388888888888889 0.057007125890736345 0.16984126984126985
1 0.3842042755344418 0.4880952380952381 0.05463182897862233 0.1126984126984127
1 0.24584323040380046 0.4857142857142857 0.04631828978622328 0.1873015873015873
1 0.42161520190023755 0.2920634920634921 0.04513064133016627 0.17142857142857143
1 0.03978622327790974 0.888095238095238 0.07957244655581948 0.15396825396825398
1 0.07779097387173396 0.3341269841269841 0.06294536817102138 0.16825396825396827
1 0.9061757719714965 0.2642857142857143 0.0510688836104513 0.05714285714285714
1 0.8129453681710214 0.2968253968253968 0.032066508313539195 0.10793650793650794
1 0.6621140142517815 0.2222222222222222 0.032066508313539195 0.09047619047619047
1 0.6104513064133017 0.3611111111111111 0.030878859857482184 0.07142857142857142
1 0.6870546318289786 0.5023809523809524 0.029691211401425176 0.09047619047619047
1 0.6733966745843231 0.5825396825396826 0.04156769596199525 0.07142857142857142
1 0.6252969121140143 0.6071428571428571 0.030878859857482184 0.08888888888888889
1 0.7369358669833729 0.5476190476190477 0.04156769596199525 0.11428571428571428
1 0.5593824228028503 0.5507936507936508 0.0831353919239905 0.10952380952380952
1 0.42577197149643703 0.5992063492063492 0.052256532066508314 0.0873015873015873
1 0.37707838479809974 0.19285714285714287 0.0332541567695962 0.0761904761904762
1 0.5950118764845606 0.26825396825396824 0.019002375296912115 0.05396825396825397
1 0.6769596199524941 0.6468253968253969 0.04631828978622328 0.09523809523809523
1 0.21140142517814728 0.28253968253968254 0.03681710213776722 0.0873015873015873
1 0.30581947743467935 0.4015873015873016 0.026128266033254157 0.047619047619047616
1 0.3188836104513064 0.21031746031746032 0.0332541567695962 0.09047619047619047
1 0.9756532066508313 0.5047619047619047 0.040380047505938245 0.1