1 0.546875 0.043402777777777776 0.06597222222222222 0.08680555555555555
1 0.6041666666666666 0.07118055555555555 0.03819444444444445 0.09375
1 0.6961805555555556 0.15885416666666666 0.04513888888888889 0.1423611111111111
1 0.6223958333333334 0.1762152777777778 0.03993055555555555 0.10243055555555555
1 0.7005208333333334 0.03993055555555555 0.043402777777777776 0.07291666666666667
1 0.5607638888888888 0.2092013888888889 0.046875 0.11631944444444445
1 0.5460069444444444 0.1345486111111111 0.05555555555555555 0.1111111111111111
1 0.8585069444444444 0.9375 0.1267361111111111 0.125
1 0.6657986111111112 0.8168402777777778 0.125 0.21875
1 0.7690972222222222 0.6657986111111112 0.13020833333333334 0.1545138888888889
1 0.7560763888888888 0.1657986111111111 0.0763888888888889 0.09375
1 0.7769097222222222 0.057291666666666664 0.08854166666666667 0.1076388888888889
1 0.3880208333333333 0.5052083333333334 0.05555555555555555 0.09722222222222222
1 0.6536458333333334 0.3654513888888889 0.10243055555555555 0.11458333333333333
1 0.6371527777777778 0.5260416666666666 0.06597222222222222 0.1076388888888889
1 0.5069444444444444 0.5086805555555556 0.059027777777777776 0.08333333333333333
1 0.390625 0.3402777777777778 0.052083333333333336 0.08159722222222222
1 0.4670138888888889 0.6032986111111112 0.08680555555555555 0.09722222222222222
1 0.7986111111111112 0.4618055555555556 0.0798611111111111 0.12152777777777778
1 0.8168402777777778 0.5494791666666666 0.08159722222222222 0.0920138888888889
1 0.7161458333333334 0.4210069444444444 0.05555555555555555 0.07291666666666667
1 0.4600694444444444 0.06770833333333333 0.09027777777777778 0.13541666666666666