1 0.012237762237762238 0.388986013986014 0.024475524475524476 0.19055944055944055
1 0.534965034965035 0.06905594405594405 0.06643356643356643 0.1381118881118881
1 0.08304195804195805 0.03671328671328671 0.045454545454545456 0.033216783216783216
1 0.4379370629370629 0.062062937062937064 0.06818181818181818 0.12237762237762238
1 0.25961538461538464 0.4405594405594406 0.0472027972027972 0.06118881118881119
1 0.18181818181818182 0.04020979020979021 0.06118881118881119 0.05244755244755245
1 0.361013986013986 0.3942307692307692 0.055944055944055944 0.14335664335664336
1 0.28846153846153844 0.04108391608391608 0.07692307692307693 0.06468531468531469
1 0.3146853146853147 0.1451048951048951 0.09090909090909091 0.2744755244755245
1 0.012237762237762238 0.4125874125874126 0.024475524475524476 0.14335664335664336
1 0.016608391608391608 0.20104895104895104 0.033216783216783216 0.17482517482517482
1 0.12674825174825174 0.40034965034965037 0.06818181818181818 0.15734265734265734
1 0.2298951048951049 0.16783216783216784 0.08041958041958042 0.30244755244755245
1 0.009615384615384616 0.038461538461538464 0.019230769230769232 0.027972027972027972
1 0.004370629370629371 0.4178321678321678 0.008741258741258742 0.13286713286713286
1 0.5122377622377622 0.021853146853146852 0.08741258741258741 0.043706293706293704
1 0.013111888111888112 0.28583916083916083 0.026223776223776224 0.3968531468531469
1 0.005244755244755245 0.19318181818181818 0.01048951048951049 0.23601398601398602
1 0.0034965034965034965 0.10139860139860139 0.006993006993006993 0.15384615384615385
1 0.004370629370629371 0.05419580419580419 0.008741258741258742 0.05944055944055944
1 0.04020979020979021 0.06905594405594405 0.06993006993006994 0.0944055944055944
1 0.42744755244755245 0.03583916083916084 0.05419580419580419 0.06643356643356643
1 0.32517482517482516 0.032342657342657344 0.09265734265734266 0.05244755244755245
1 0.5655594405594405 0.36975524475524474 0.06993006993006994 0.17307692307692307
1 0.4012237762237762 0.3924825174825175 0.05244755244755245 0.14335664335664336
1 0.4781468531468531 0.3111888111888112 0.11713286713286714 0.25874125874125875
1 0.5917832167832168 0.21416083916083917 0.04195804195804196 0.13986013986013987
1 0.6826923076923077 0.1958041958041958 0.16958041958041958 0.3916083916083916
1 0.9493006993006993 0.17132867132867133 0.08041958041958042 0.2395104895104895
1 0.7211538461538461 0.19055944055944055 0.09615384615384616 0.17307692307692307
1 0.791958041958042 0.15996503496503497 0.07692307692307693 0.1660839160839161
1 0.8732517482517482 0.1284965034965035 0.09965034965034965 0.1853146853146853
1 0.32255244755244755 0.7001748251748252 0.6451048951048951 0.4982517482517482
1 0.8540209790209791 0.7832167832167832 0.291958041958042 0.3181818181818182