1 0.013559322033898305 0.14067796610169492 0.02711864406779661 0.21694915254237288
1 0.06949152542372881 0.2457627118644068 0.1271186440677966 0.2288135593220339
1 0.08135593220338982 0.12966101694915255 0.06271186440677966 0.14745762711864407
1 0.15677966101694915 0.13305084745762713 0.1135593220338983 0.2271186440677966
1 0.25 0.10254237288135593 0.07966101694915254 0.17796610169491525
1 0.3093220338983051 0.1152542372881356 0.06949152542372881 0.20847457627118643
1 0.3728813559322034 0.13474576271186442 0.05084745762711865 0.188135593220339
1 0.3559322033898305 0.046610169491525424 0.06271186440677966 0.07796610169491526
1 0.25084745762711863 0.03898305084745763 0.13389830508474576 0.05423728813559322
1 0.02288135593220339 0.07457627118644068 0.04576271186440678 0.08813559322033898
1 0.46779661016949153 0.14152542372881355 0.17288135593220338 0.2830508474576271
1 0.1423728813559322 0.6364406779661017 0.2847457627118644 0.5847457627118644
1 0.4788135593220339 0.6838983050847458 0.1271186440677966 0.4135593220338983
1 0.488135593220339 0.6974576271186441 0.15593220338983052 0.5915254237288136
1 0.5440677966101695 0.7279661016949153 0.22033898305084745 0.5440677966101695
1 0.6466101694915254 0.7423728813559322 0.16101694915254236 0.49830508474576274
1 0.8169491525423729 0.7101694915254237 0.2745762711864407 0.46440677966101696
1 0.9533898305084746 0.8296610169491525 0.09322033898305085 0.15423728813559323