1 0.2658486707566462 0.6940184049079755 0.0736196319018405 0.2852760736196319
1 0.8225971370143149 0.35506134969325154 0.05623721881390593 0.1901840490797546
1 0.4130879345603272 0.25076687116564417 0.041922290388548056 0.16257668711656442
1 0.29703476482617586 0.4869631901840491 0.041922290388548056 0.15950920245398773
1 0.7351738241308794 0.34355828220858897 0.05725971370143149 0.1687116564417178
1 0.19376278118609408 0.21779141104294478 0.06441717791411043 0.1334355828220859
1 0.5501022494887525 0.7354294478527608 0.041922290388548056 0.11503067484662577
1 0.5030674846625767 0.24846625766871167 0.05623721881390593 0.19325153374233128
1 0.11042944785276074 0.8144171779141104 0.03680981595092025 0.1549079754601227
1 0.6451942740286298 0.6894171779141104 0.046012269938650305 0.16717791411042945
1 0.6012269938650306 0.20782208588957055 0.06952965235173825 0.21625766871165644
1 0.6503067484662577 0.8903374233128835 0.044989775051124746 0.21932515337423314
1 0.6165644171779141 0.42484662576687116 0.07259713701431493 0.2791411042944785
1 0.05930470347648262 0.7430981595092024 0.07464212678936605 0.3067484662576687
1 0.4376278118609407 0.8987730061349694 0.07259713701431493 0.200920245398773
1 0.3338445807770961 0.46855828220858897 0.0408997955010225 0.15950920245398773
1 0.12321063394683027 0.9394171779141104 0.049079754601226995 0.10276073619631902
1 0.43047034764826175 0.6802147239263804 0.05623721881390593 0.18558282208588958
1 0.537321063394683 0.4539877300613497 0.06134969325153374 0.2745398773006135
1 0.5025562372188139 0.8826687116564417 0.0541922290388548 0.21319018404907975
1 0.3369120654396728 0.2476993865030675 0.03783231083844581 0.15184049079754602
1 0.10531697341513292 0.6694785276073619 0.04396728016359918 0.1411042944785276
1 0.7724948875255624 0.7952453987730062 0.02965235173824131 0.10122699386503067
1 0.9775051124744376 0.18098159509202455 0.044989775051124746 0.3220858895705521
1 0.8067484662576687 0.09432515337423313 0.08077709611451943 0.17484662576687116
1 0.25408997955010226 0.4946319018404908 0.03885480572597137 0.12269938650306748
1 0.90439672801636 0.6717791411042945 0.044989775051124746 0.17638036809815952
1 0.3507157464212679 0.7906441717791411 0.10122699386503067 0.17024539877300612
1 0.3553169734151329 0.9256134969325154 0.0869120654396728 0.14263803680981596
1 0.19478527607361965 0.5483128834355828 0.0787321063394683 0.3726993865030675
1 0.03016359918200409 0.4516871165644172 0.06032719836400818 0.21625766871165644
1 0.05112474437627812 0.3289877300613497 0.0705521472392638 0.22392638036809817
1 0.05214723926380368 0.12269938650306748 0.06032719836400818 0.17177914110429449
1 0.09202453987730061 0.0950920245398773 0.08384458077709611 0.1901840490797546
1 0.2960122699386503 0.18021472392638035 0.065439672801636 0.23773006134969324
1 0.37423312883435583 0.1411042944785276 0.06134969325153374 0.26993865030674846
1 0.7285276073619632 0.14340490797546013 0.049079754601226995 0.2223926380368098
1 0.6359918200408998 0.09432515337423313 0.08486707566462168 0.18251533742331288
1 0.7469325153374233 0.9187116564417178 0.0869120654396728 0.16257668711656442
1 0.8246421267893661 0.8949386503067485 0.0705521472392638 0.21012269938650308
1 0.8905930470347648 0.8788343558282209 0.06134969325153374 0.24233128834355827
1 0.8333333333333334 0.6771472392638037 0.05828220858895705 0.18558282208588958
1 0.58640081799591 0.9440184049079755 0.0787321063394683 0.11196319018404909
1 0.9642126789366053 0.7208588957055214 0.0705521472392638 0.3604294478527607
1 0.6809815950920245 0.7331288343558282 0.04396728016359918 0.254601226993865
1 0.7556237218813906 0.602760736196319 0.09611451942740286 0.2331288343558282
1 0.8752556237218814 0.5237730061349694 0.05214723926380368 0.1273006134969325
1 0.9591002044989775 0.43328220858895705 0.081799591002045 0.19785276073619631