1 0.5342535787321063 0.023773006134969327 0.06646216768916155 0.04754601226993865
1 0.31850715746421265 0.38726993865030673 0.07259713701431493 0.1334355828220859
1 0.18251533742331288 0.2799079754601227 0.12576687116564417 0.1334355828220859
1 0.2551124744376278 0.37653374233128833 0.05930470347648262 0.08742331288343558
1 0.36912065439672803 0.2147239263803681 0.08793456032719836 0.14570552147239263
1 0.4514314928425358 0.26533742331288346 0.06850715746421268 0.1273006134969325
1 0.560838445807771 0.17331288343558282 0.09100204498977506 0.24539877300613497
1 0.628323108384458 0.12116564417177914 0.09815950920245399 0.21932515337423314
1 0.7060327198364008 0.1495398773006135 0.07668711656441718 0.21319018404907975
1 0.7581799591002045 0.21242331288343558 0.08793456032719836 0.20398773006134968
1 0.8394683026584867 0.16257668711656442 0.07464212678936605 0.1411042944785276
1 0.9033742331288344 0.1280674846625767 0.05725971370143149 0.15950920245398773
1 0.5541922290388548 0.7055214723926381 0.07157464212678936 0.12116564417177914
1 0.6165644171779141 0.6572085889570553 0.065439672801636 0.11196319018404909
1 0.5639059304703476 0.593558282208589 0.06237218813905931 0.10429447852760736
1 0.5904907975460123 0.49846625766871167 0.06952965235173825 0.11042944785276074
1 0.6063394683026585 0.38190184049079756 0.11451942740286299 0.11349693251533742
1 0.6508179959100204 0.3113496932515337 0.1165644171779141 0.13957055214723926
1 0.5291411042944786 0.4578220858895706 0.06441717791411043 0.147239263803681
1 0.47137014314928427 0.41411042944785276 0.07975460122699386 0.14570552147239263
1 0.49693251533742333 0.566717791411043 0.06748466257668712 0.12269938650306748
1 0.44222903885480574 0.5069018404907976 0.065439672801636 0.09049079754601227
1 0.41973415132924335 0.5705521472392638 0.05521472392638037 0.09202453987730061
1 0.3665644171779141 0.6357361963190185 0.08384458077709611 0.12883435582822086
1 0.30316973415132925 0.5291411042944786 0.08486707566462168 0.10276073619631902
1 0.21267893660531698 0.46088957055214724 0.10429447852760736 0.14877300613496933
1 0.14008179959100203 0.4325153374233129 0.0787321063394683 0.10736196319018405
1 0.23159509202453987 0.1526073619631902 0.12065439672801637 0.20245398773006135
1 0.4238241308793456 0.11042944785276074 0.07464212678936605 0.1273006134969325
1 0.48517382413087934 0.11349693251533742 0.08588957055214724 0.1334355828220859
1 0.14263803680981596 0.14877300613496933 0.081799591002045 0.12116564417177914
1 0.1574642126789366 0.03450920245398773 0.09202453987730061 0.06901840490797546
1 0.08026584867075665 0.015337423312883436 0.06032719836400818 0.03067484662576687
1 0.07924335378323108 0.06671779141104295 0.11758691206543967 0.1303680981595092
1 0.19325153374233128 0.5651840490797546 0.12269938650306748 0.12883435582822086
1 0.16104294478527606 0.7346625766871165 0.06339468302658487 0.07822085889570553
1 0.21216768916155418 0.6855828220858896 0.06134969325153374 0.07822085889570553
1 0.3006134969325153 0.6763803680981595 0.10940695296523517 0.17791411042944785
1 0.49744376278118607 0.7331288343558282 0.06237218813905931 0.10122699386503067
1 0.41411042944785276 0.7124233128834356 0.08077709611451943 0.09815950920245399
1 0.15899795501022496 0.8366564417177914 0.10736196319018405 0.1196319018404908
1 0.1794478527607362 0.9256134969325154 0.06032719836400818 0.09049079754601227
1 0.23568507157464214 0.9340490797546013 0.06237218813905931 0.0843558282208589
1 0.25102249488752554 0.8504601226993865 0.06339468302658487 0.08895705521472393
1 0.3011247443762781 0.7983128834355828 0.07975460122699386 0.08742331288343558
1 0.42433537832310836 0.9294478527607362 0.08077709611451943 0.12269938650306748
1 0.44785276073619634 0.8144171779141104 0.09611451942740286 0.12423312883435583
1 0.5230061349693251 0.9401840490797546 0.09406952965235174 0.1165644171779141
1 0.5296523517382413 0.8366564417177914 0.06339468302658487 0.10122699386503067
1 0.8205521472392638 0.2898773006134969 0.09406952965235174 0.11503067484662577
1 0.8512269938650306 0.330521472392638 0.08895705521472393 0.0950920245398773
1 0.9028629856850716 0.3412576687116564 0.08588957055214724 0.06441717791411043
1 0.9611451942740287 0.3312883435582822 0.06339468302658487 0.07515337423312883