1 0.0975177304964539 0.12056737588652482 0.04609929078014184 0.17907801418439717
1 0.4530141843971631 0.21365248226950354 0.05851063829787234 0.18617021276595744
1 0.1976950354609929 0.11524822695035461 0.06028368794326241 0.21453900709219859
1 0.3049645390070922 0.09308510638297872 0.07446808510638298 0.18617021276595744
1 0.325354609929078 0.26595744680851063 0.07624113475177305 0.22340425531914893
1 0.016843971631205674 0.3271276595744681 0.03368794326241135 0.10106382978723404
1 0.2375886524822695 0.28368794326241137 0.06382978723404255 0.1879432624113475
1 0.015957446808510637 0.11879432624113476 0.031914893617021274 0.16666666666666666
1 0.004432624113475178 0.21719858156028368 0.008865248226950355 0.24645390070921985
1 0.05230496453900709 0.07446808510638298 0.06560283687943262 0.14893617021276595
1 0.44592198581560283 0.05673758865248227 0.051418439716312055 0.11347517730496454
1 0.3421985815602837 0.020390070921985817 0.09219858156028368 0.040780141843971635
1 0.24113475177304963 0.6187943262411347 0.48226950354609927 0.48226950354609927
1 0.07801418439716312 0.4601063829787234 0.15602836879432624 0.16489361702127658
1 0.9884751773049646 0.4867021276595745 0.02304964539007092 0.21808510638297873
1 0.7943262411347518 0.7012411347517731 0.06914893617021277 0.2393617021276596
1 0.6622340425531915 0.5762411347517731 0.11524822695035461 0.3971631205673759
1 0.8936170212765957 0.9051418439716312 0.11702127659574468 0.18971631205673758
1 0.8315602836879432 0.6028368794326241 0.09574468085106383 0.450354609929078
1 0.7287234042553191 0.8838652482269503 0.1347517730496454 0.2322695035460993
1 0.9228723404255319 0.6932624113475178 0.10638297872340426 0.32978723404255317
1 0.5407801418439716 0.8927304964539007 0.11702127659574468 0.21453900709219859