1 0.26120283018867924 0.5318021201413428 0.12382075471698113 0.3321554770318021
1 0.8260613207547169 0.10247349823321555 0.08608490566037735 0.14840989399293286
1 0.5229952830188679 0.4249116607773852 0.09905660377358491 0.19964664310954064
1 0.8048349056603774 0.34452296819787986 0.12382075471698113 0.4028268551236749
1 0.41391509433962265 0.10600706713780919 0.07429245283018868 0.12897526501766785
1 0.8785377358490566 0.36925795053003535 0.09551886792452831 0.43109540636042404
1 0.9610849056603774 0.07243816254416961 0.049528301886792456 0.05653710247349823
1 0.6303066037735849 0.30653710247349825 0.20636792452830188 0.5017667844522968
1 0.1008254716981132 0.5742049469964664 0.07311320754716981 0.21024734982332155
1 0.37971698113207547 0.2915194346289753 0.0589622641509434 0.13780918727915195
1 0.41273584905660377 0.254416961130742 0.04834905660377359 0.16607773851590105
1 0.5324292452830188 0.1855123674911661 0.049528301886792456 0.13780918727915195
1 0.9746462264150944 0.46908127208480566 0.05070754716981132 0.26325088339222613
1 0.964622641509434 0.30123674911660775 0.049528301886792456 0.09540636042402827
1 0.9882075471698113 0.2791519434628975 0.02358490566037736 0.1872791519434629