1 0.06483402489626557 0.04906542056074766 0.044605809128630707 0.09813084112149532
1 0.038381742738589214 0.08021806853582554 0.04149377593360996 0.16043613707165108
1 0.8822614107883817 0.38161993769470404 0.06535269709543569 0.2102803738317757
1 0.7162863070539419 0.9338006230529595 0.054979253112033194 0.13239875389408098
1 0.8843360995850622 0.21261682242990654 0.058091286307053944 0.17445482866043613
1 0.8646265560165975 0.07398753894080996 0.035269709543568464 0.06074766355140187
1 0.7883817427385892 0.3855140186915888 0.05394190871369295 0.1557632398753894
1 0.8158713692946058 0.2982866043613707 0.07572614107883817 0.24454828660436137
1 0.5866182572614108 0.7757009345794392 0.229253112033195 0.4485981308411215
1 0.45902489626556015 0.7912772585669782 0.1566390041493776 0.4174454828660436
1 0.8272821576763485 0.9376947040498442 0.07157676348547717 0.12461059190031153
1 0.8796680497925311 0.9057632398753894 0.08506224066390042 0.18847352024922118
1 0.950207468879668 0.8138629283489096 0.08713692946058091 0.37227414330218067
1 0.7951244813278008 0.8115264797507789 0.12344398340248963 0.37694704049844235
1 0.8921161825726142 0.7188473520249221 0.09336099585062241 0.18691588785046728
1 0.8978215767634855 0.5599688473520249 0.0975103734439834 0.19626168224299065
1 0.95798755186722 0.4369158878504673 0.08402489626556017 0.3691588785046729
1 0.9662863070539419 0.23286604361370716 0.06742738589211618 0.24143302180685358
1 0.9196058091286307 0.14563862928348908 0.11203319502074689 0.19626168224299065
1 0.9927385892116183 0.11292834890965732 0.014522821576763486 0.10124610591900311
1 0.7437759336099585 0.7344236760124611 0.07468879668049792 0.2102803738317757
1 0.25933609958506226 0.8450155763239875 0.12966804979253113 0.2616822429906542
1 0.16856846473029047 0.8325545171339563 0.08506224066390042 0.23208722741433022
1 0.0975103734439834 0.8216510903426791 0.09232365145228216 0.24766355140186916
1 0.042012448132780086 0.7585669781931464 0.08402489626556017 0.3707165109034268
1 0.13848547717842324 0.6074766355140186 0.09647302904564316 0.24922118380062305
1 0.2121369294605809 0.6300623052959502 0.08506224066390042 0.1806853582554517
1 0.3091286307053942 0.4992211838006231 0.09854771784232365 0.35514018691588783
1 0.345954356846473 0.35514018691588783 0.08817427385892117 0.235202492211838
1 0.41545643153526973 0.4968847352024922 0.12136929460580913 0.2585669781931464
1 0.4429460580912863 0.37383177570093457 0.05912863070539419 0.14485981308411214
1 0.5145228215767634 0.3847352024922118 0.10684647302904564 0.235202492211838
1 0.6052904564315352 0.3792834890965732 0.07365145228215768 0.17445482866043613
1 0.6607883817427386 0.40264797507788164 0.06431535269709543 0.20404984423676012
1 0.7474066390041494 0.4384735202492212 0.10684647302904564 0.19003115264797507
1 0.7432572614107884 0.220404984423676 0.11721991701244813 0.2757009345794392
1 0.6213692946058091 0.20638629283489096 0.13692946058091288 0.22429906542056074
1 0.46524896265560167 0.19158878504672897 0.08298755186721991 0.1526479750778816
1 0.2961618257261411 0.22819314641744548 0.10269709543568464 0.2102803738317757
1 0.37603734439834025 0.2523364485981308 0.09336099585062241 0.19937694704049844
1 0.23184647302904565 0.4688473520249221 0.06224066390041494 0.16666666666666666
1 0.1566390041493776 0.3637071651090343 0.07987551867219916 0.24610591900311526
1 0.21680497925311204 0.37616822429906543 0.06535269709543569 0.17601246105919002
1 0.04771784232365145 0.2718068535825545 0.08817427385892117 0.2819314641744548
1 0.10010373443983403 0.37305295950155765 0.06016597510373444 0.19003115264797507
1 0.0975103734439834 0.23598130841121495 0.06224066390041494 0.14018691588785046
1 0.12863070539419086 0.14953271028037382 0.08506224066390042 0.23208722741433022
1 0.19657676348547717 0.14953271028037382 0.06846473029045644 0.19937694704049844
1 0.24844398340248963 0.12305295950155763 0.043568464730290454 0.10124610591900311
1 0.5720954356846473 0.04439252336448598 0.061203319502074686 0.08099688473520249
1 0.49118257261410786 0.1394080996884735 0.05705394190871369 0.12305295950155763
1 0.5171161825726142 0.07866043613707165 0.05394190871369295 0.1261682242990654
1 0.3220954356846473 0.035046728971962614 0.07572614107883817 0.07009345794392523
1 0.25622406639004147 0.007009345794392523 0.05394190871369295 0.014018691588785047
1 0.1545643153526971 0.048286604361370715 0.06224066390041494 0.09657320872274143