1 0.0673758865248227 0.38120567375886527 0.03723404255319149 0.0425531914893617
1 0.0017730496453900709 0.35815602836879434 0.0035460992907801418 0.09574468085106383
1 0.36524822695035464 0.3377659574468085 0.03368794326241135 0.08865248226950355
1 0.1622340425531915 0.31560283687943264 0.02127659574468085 0.04609929078014184
1 0.3377659574468085 0.3129432624113475 0.024822695035460994 0.0549645390070922
1 0.43351063829787234 0.3519503546099291 0.024822695035460994 0.06382978723404255
1 0.3067375886524823 0.3147163120567376 0.02304964539007092 0.0549645390070922
1 0.024822695035460994 0.3342198581560284 0.044326241134751775 0.14184397163120568
1 0.399822695035461 0.31382978723404253 0.03368794326241135 0.10460992907801418
1 0.25 0.25620567375886527 0.031914893617021274 0.08687943262411348
1 0.20921985815602837 0.37677304964539005 0.030141843971631204 0.03723404255319149
1 0.18971631205673758 0.3067375886524823 0.02127659574468085 0.051418439716312055
1 0.875886524822695 0.11347517730496454 0.2198581560283688 0.22695035460992907
1 0.8687943262411347 0.18262411347517732 0.24822695035460993 0.36524822695035464
1 0.5487588652482269 0.19060283687943264 0.24645390070921985 0.38120567375886527
1 0.5930851063829787 0.1099290780141844 0.3351063829787234 0.2198581560283688
1 0.35106382978723405 0.7677304964539007 0.2553191489361702 0.4645390070921986
1 0.8652482269503546 0.774822695035461 0.2695035460992908 0.425531914893617