1 0.03467741935483871 0.010483870967741936 0.020967741935483872 0.020967741935483872
1 0.036290322580645164 0.007258064516129033 0.024193548387096774 0.014516129032258065
1 0.06290322580645161 0.3782258064516129 0.12580645161290321 0.4080645161290323
1 0.08548387096774193 0.12096774193548387 0.10967741935483871 0.24193548387096775
1 0.10564516129032259 0.04112903225806452 0.1435483870967742 0.08225806451612903
1 0.2346774193548387 0.03064516129032258 0.10161290322580645 0.06129032258064516
1 0.32741935483870965 0.029838709677419355 0.09032258064516129 0.05967741935483871
1 0.3620967741935484 0.09919354838709678 0.09838709677419355 0.19838709677419356
1 0.2064516129032258 0.5088709677419355 0.2032258064516129 0.17419354838709677
1 0.24193548387096775 0.31290322580645163 0.21129032258064517 0.36612903225806454
1 0.5008064516129033 0.475 0.17580645161290323 0.2709677419354839
1 0.4266129032258065 0.2782258064516129 0.17258064516129032 0.23225806451612904
1 0.5169354838709678 0.16048387096774194 0.1870967741935484 0.2887096774193548
1 0.5258064516129032 0.06693548387096775 0.17096774193548386 0.1338709677419355
1 0.2629032258064516 0.017741935483870968 0.07419354838709677 0.035483870967741936
1 0.23870967741935484 0.0032258064516129032 0.054838709677419356 0.0064516129032258064
1 0.31209677419354837 0.013709677419354839 0.06612903225806452 0.027419354838709678
1 0.32661290322580644 0.03387096774193549 0.12419354838709677 0.06774193548387097
1 0.39838709677419354 0.016129032258064516 0.07096774193548387 0.03225806451612903
1 0.4806451612903226 0.031451612903225803 0.13548387096774195 0.06290322580645161
1 0.05967741935483871 0.11370967741935484 0.0935483870967742 0.22741935483870968
1 0.2056451612903226 0.029838709677419355 0.08870967741935484 0.05967741935483871
1 0.11935483870967742 0.036290322580645164 0.08709677419354839 0.07258064516129033
1 0.19112903225806452 0.007258064516129033 0.056451612903225805 0.014516129032258065
1 0.05241935483870968 0.02338709677419355 0.05967741935483871 0.0467741935483871
1 0.03951612903225806 0.01532258064516129 0.03387096774193549 0.03064516129032258
1 0.042741935483870966 0.01129032258064516 0.037096774193548385 0.02258064516129032
1 0.049193548387096775 0.013709677419354839 0.05 0.027419354838709678
1 0.03951612903225806 0.036290322580645164 0.037096774193548385 0.07258064516129033
1 0.03790322580645161 0.021774193548387097 0.03064516129032258 0.043548387096774194
1 0.04032258064516129 0.004032258064516129 0.03225806451612903 0.008064516129032258
1 0.04596774193548387 0.025806451612903226 0.0467741935483871 0.05161290322580645
1 0.05161290322580645 0.375 0.1032258064516129 0.31451612903225806
1 0.056451612903225805 0.18225806451612903 0.0967741935483871 0.31451612903225806
1 0.6693548387096774 0.2661290322580645 0.17096774193548386 0.5209677419354839
1 0.0846774193548387 0.7814516129032258 0.1693548387096774 0.40161290322580645
1 0.8685483870967742 0.6951612903225807 0.25 0.15161290322580645