1 0.864 0.9130799999999999 0.06385 0.16241333333333333
1 0.6995 0.9572533333333334 0.05899 0.08550666666666666
1 0.50886 0.41916000000000003 0.03025 0.08101333333333333
1 0.8442999999999999 0.5954266666666667 0.02922 0.07945333333333333
1 0.85466 0.7202399999999999 0.04904 0.14146666666666666
1 0.82049 0.49244 0.02776 0.07430666666666666
1 0.61284 0.6920799999999999 0.05194 0.17440000000000003
1 0.11062999999999999 0.38866666666666666 0.05736 0.11601333333333334
1 0.12856 0.32838666666666666 0.027100000000000003 0.060919999999999995
1 0.77164 0.37089333333333335 0.02604 0.07570666666666667
1 0.81038 0.56536 0.030879999999999998 0.06986666666666666
1 0.91649 0.7084400000000001 0.05178 0.13594666666666666
1 0.52832 0.56816 0.03746 0.11446666666666666
1 0.98137 0.5748133333333334 0.03674 0.07602666666666667
1 0.59372 0.342 0.01604 0.03797333333333333
1 0.92103 0.3927866666666666 0.02463 0.04116
1 0.79539 0.8860666666666666 0.03983 0.13089333333333333
1 0.8813799999999999 0.6693733333333333 0.02869 0.08389333333333333
1 0.94678 0.39270666666666665 0.0178 0.04822666666666667
1 0.37795999999999996 0.5781866666666666 0.04396 0.13150666666666666
1 0.40961000000000003 0.6750533333333334 0.0653 0.2600133333333333
1 0.8996000000000001 0.45066666666666666 0.02941 0.058813333333333336
1 0.65415 0.4304133333333333 0.019309999999999997 0.048093333333333335
1 0.64078 0.46357333333333334 0.02085 0.05226666666666667
1 0.74866 0.34878666666666663 0.0189 0.04749333333333333
1 0.86451 0.4073733333333333 0.03146 0.10408
1 0.83675 0.40621333333333337 0.0272 0.09370666666666667
1 0.63951 0.9754133333333332 0.04288 0.04917333333333334
1 0.483 0.4975333333333333 0.027579999999999997 0.06741333333333334
1 0.9877 0.40272 0.02185 0.05738666666666666
1 0.72116 0.34829333333333334 0.01766 0.04738666666666667
1 0.21128 0.40625333333333336 0.02168 0.06228
1 0.52271 0.74556 0.08541 0.24046666666666666
1 0.44323 0.8958933333333333 0.09046 0.19978666666666667
1 0.5919099999999999 0.8894533333333334 0.10981999999999999 0.19758666666666666
1 0.73476 0.8885733333333332 0.027620000000000002 0.07413333333333333
1 0.6737000000000001 0.87336 0.037630000000000004 0.09404
1 0.7070299999999999 0.88284 0.02984 0.08782666666666668
1 0.71925 0.7849200000000001 0.02491 0.11710666666666666
1 0.66451 0.7714133333333333 0.04442 0.09009333333333333
1 0.96351 0.7424666666666667 0.07299 0.25033333333333335
1 0.77093 0.6212666666666666 0.04543 0.17290666666666668
1 0.80937 0.6286933333333333 0.04471 0.19474666666666668
1 0.91515 0.6012799999999999 0.0455 0.0742
1 0.88783 0.55104 0.03803 0.11074666666666667
1 0.66361 0.6935733333333333 0.03527 0.06585333333333333
1 0.64907 0.5361199999999999 0.04186 0.09210666666666667
1 0.56679 0.482 0.04403 0.14046666666666666
1 0.44608 0.5289066666666666 0.04381 0.09304
1 0.32980000000000004 0.5325866666666667 0.03461 0.15634666666666666
1 0.47364999999999996 0.36288000000000004 0.03393 0.14272
1 0.16473 0.8785733333333333 0.06470999999999999 0.12605333333333335
1 0.18506999999999998 0.41214666666666666 0.04913 0.13897333333333334
1 0.053759999999999995 0.34289333333333333 0.04596 0.14512
1 0.015390000000000001 0.3392266666666667 0.030780000000000002 0.11561333333333333
1 0.88052 0.32073333333333337 0.0421 0.04552
1 0.80301 0.35173333333333334 0.0248 0.08952
1 0.67429 0.29486666666666667 0.02535 0.07433333333333333
1 0.6336499999999999 0.41361333333333333 0.02419 0.059
1 0.70152 0.5290666666666667 0.02305 0.07449333333333333
1 0.6918500000000001 0.5972 0.033100000000000004 0.058546666666666664
1 0.65165 0.61952 0.02413 0.0738
1 0.74446 0.5654133333333333 0.032159999999999994 0.09466666666666666
1 0.59513 0.5752666666666667 0.06798 0.08856
1 0.48391 0.62088 0.04249 0.07206666666666667
1 0.43366000000000005 0.28142666666666666 0.026789999999999998 0.06257333333333333
1 0.61897 0.33612000000000003 0.01485 0.04468
1 0.69589 0.65108 0.036539999999999996 0.07876
1 0.29646 0.36344 0.02887 0.07153333333333334
1 0.37818 0.45943999999999996 0.02067 0.03886666666666667
1 0.38547000000000003 0.29888 0.02589 0.07453333333333333
1 0.94426 0.5200666666666667 0.03181 0.08276