1 0.1927437641723356 0.28656462585034015 0.05442176870748299 0.1326530612244898
1 0.32369614512471656 0.27125850340136054 0.046485260770975055 0.12074829931972789
1 0.3010204081632653 0.8044217687074829 0.24149659863945577 0.37244897959183676
1 0.37755102040816324 0.5697278911564626 0.11904761904761904 0.2789115646258503
1 0.40589569160997735 0.35119047619047616 0.16326530612244897 0.2653061224489796
1 0.546485260770975 0.36139455782312924 0.11678004535147392 0.20408163265306123
1 0.6485260770975056 0.3630952380952381 0.10430839002267574 0.1870748299319728
1 0.6831065759637188 0.5391156462585034 0.10657596371882086 0.282312925170068
1 0.514172335600907 0.9523809523809523 0.2165532879818594 0.09523809523809523
1 0.5493197278911565 0.79421768707483 0.23015873015873015 0.41156462585034015
1 0.8361678004535147 0.9166666666666666 0.1870748299319728 0.16666666666666666
1 0.7522675736961452 0.7670068027210885 0.18820861678004536 0.2619047619047619
1 0.8509070294784581 0.6428571428571429 0.20294784580498867 0.3282312925170068
1 0.8854875283446711 0.3494897959183674 0.2290249433106576 0.33503401360544216
1 0.5878684807256236 0.10714285714285714 0.08503401360544217 0.1377551020408163
1 0.564625850340136 0.02295918367346939 0.05895691609977324 0.04081632653061224
1 0.6445578231292517 0.05187074829931973 0.07596371882086168 0.08163265306122448
1 0.6564625850340136 0.17261904761904762 0.14058956916099774 0.20408163265306123
1 0.735827664399093 0.13690476190476192 0.07936507936507936 0.11904761904761904
1 0.8270975056689343 0.10884353741496598 0.15192743764172337 0.16666666666666666
1 0.22165532879818595 0.45918367346938777 0.20068027210884354 0.44727891156462585
1 0.5226757369614512 0.16581632653061223 0.10204081632653061 0.20408163265306123
1 0.43140589569161 0.12414965986394558 0.10090702947845805 0.23639455782312926
1 0.5113378684807256 0.03826530612244898 0.06349206349206349 0.07653061224489796
1 0.4557823129251701 0.01870748299319728 0.061224489795918366 0.03741496598639456
1 0.3543083900226757 0.11054421768707483 0.07482993197278912 0.1870748299319728
1 0.27834467120181405 0.13095238095238096 0.08049886621315193 0.15816326530612246
1 0.18027210884353742 0.15391156462585034 0.08843537414965986 0.13945578231292516
1 0.1536281179138322 0.055272108843537414 0.1145124716553288 0.11054421768707483
1 0.0481859410430839 0.32908163265306123 0.0873015873015873 0.24829931972789115
1 0.10941043083900227 0.2534013605442177 0.07369614512471655 0.18537414965986396
1 0.0844671201814059 0.13860544217687074 0.07709750566893424 0.10884353741496598
1 0.02947845804988662 0.14625850340136054 0.03741496598639456 0.19727891156462585
1 0.08503401360544217 0.8035714285714286 0.17006802721088435 0.32142857142857145
1 0.03968253968253968 0.6062925170068028 0.07936507936507936 0.3486394557823129