1 0.55691 0.04364485981308411 0.05802 0.08727636849132177
1 0.6083999999999999 0.07364485981308411 0.0329 0.08323097463284379
1 0.6928500000000001 0.15046728971962617 0.03793 0.1278237650200267
1 0.62654 0.16818424566088117 0.03334 0.09106809078771695
1 0.69535 0.03797062750333779 0.03729 0.07594125500667558
1 0.5715399999999999 0.19854472630173567 0.04068 0.10381842456608813
1 0.5581799999999999 0.1309746328437917 0.04852 0.09731642189586115
1 0.85273 0.851935914552737 0.11145999999999999 0.11508678237650201
1 0.67555 0.7439252336448599 0.10890000000000001 0.19440587449933247
1 0.76651 0.6059813084112149 0.11298 0.13650200267022697
1 0.74726 0.15610146862483312 0.06653 0.0825634178905207
1 0.76502 0.05543391188251002 0.07795999999999999 0.10275033377837116
1 0.42119 0.46727636849132176 0.04754 0.0855807743658211
1 0.6581 0.3376902536715621 0.09131 0.10145527369826435
1 0.64512 0.48173564753004006 0.057640000000000004 0.09538050734312416
1 0.528 0.4688785046728972 0.05143 0.0737917222963952
1 0.42146 0.3185714285714286 0.04482 0.0735113484646195
1 0.49361 0.554739652870494 0.07662999999999999 0.08506008010680909
1 0.78969 0.42220293724966623 0.0698 0.10720961281708945
1 0.808 0.5008544726301736 0.07212 0.08141522029372496
1 0.71517 0.38707610146862487 0.04809 0.06309746328437917
1 0.47902999999999996 0.07160213618157543 0.07937999999999999 0.12220293724966623