1 0.9006849315068494 0.8601823708206687 0.08447488584474885 0.19300911854103345
1 0.716324200913242 0.9293313069908815 0.07191780821917808 0.10182370820668693
1 0.4600456621004566 0.3465045592705167 0.03995433789954338 0.09574468085106383
1 0.8544520547945206 0.5022796352583586 0.03881278538812785 0.09422492401215805
1 0.8755707762557078 0.6428571428571429 0.06621004566210045 0.16717325227963525
1 0.819634703196347 0.3882978723404255 0.03767123287671233 0.08814589665653495
1 0.598744292237443 0.6428571428571429 0.07191780821917808 0.20516717325227962
1 0.02054794520547945 0.36246200607902734 0.0410958904109589 0.13829787234042554
1 0.02054794520547945 0.29407294832826747 0.03538812785388128 0.0729483282674772
1 0.7551369863013698 0.256838905775076 0.03538812785388128 0.08966565349544073
1 0.8139269406392694 0.4726443768996961 0.03995433789954338 0.08358662613981763
1 0.9452054794520548 0.6208206686930091 0.0684931506849315 0.16109422492401215
1 0.4931506849315068 0.5129179331306991 0.05136986301369863 0.135258358662614
1 0.992579908675799 0.46048632218844987 0.014840182648401826 0.08814589665653495
1 0.5507990867579908 0.24772036474164133 0.02054794520547945 0.04559270516717325
1 0.9269406392694064 0.2621580547112462 0.030821917808219176 0.05015197568389058
1 0.8207762557077626 0.8389057750759878 0.0547945205479452 0.1534954407294833
1 0.9023972602739726 0.581306990881459 0.03881278538812785 0.09878419452887538
1 0.9560502283105022 0.25835866261398177 0.023972602739726026 0.057750759878419454
1 0.3230593607305936 0.5448328267477204 0.0593607305936073 0.15501519756838905
1 0.3664383561643836 0.6504559270516718 0.09360730593607305 0.303951367781155
1 0.906392694063927 0.3305471124620061 0.03767123287671233 0.07142857142857142
1 0.6261415525114156 0.3404255319148936 0.02511415525114155 0.057750759878419454
1 0.613013698630137 0.3791793313069909 0.0273972602739726 0.06231003039513678
1 0.7271689497716894 0.23480243161094225 0.02511415525114155 0.05623100303951368
1 0.8635844748858448 0.2857142857142857 0.04337899543378995 0.12310030395136778
1 0.83162100456621 0.2887537993920973 0.03767123287671233 0.1094224924012158
1 0.6495433789954338 0.9582066869300911 0.05136986301369863 0.057750759878419454
1 0.4366438356164384 0.439209726443769 0.0365296803652968 0.08054711246200608
1 0.6963470319634704 0.2378419452887538 0.023972602739726026 0.05623100303951368
1 0.1204337899543379 0.371580547112462 0.02968036529680365 0.0729483282674772
1 0.5 0.7150455927051672 0.11529680365296803 0.28419452887537994
1 0.420662100456621 0.8882978723404256 0.11757990867579908 0.22340425531914893
1 0.5896118721461188 0.8693009118541033 0.13926940639269406 0.23860182370820668
1 0.7517123287671232 0.8495440729483282 0.0365296803652968 0.08814589665653495
1 0.6815068493150684 0.8404255319148937 0.0502283105022831 0.11246200607902736
1 0.7197488584474886 0.8465045592705167 0.03995433789954338 0.1033434650455927
1 0.7265981735159818 0.7340425531914894 0.0365296803652968 0.13677811550151975
1 0.66324200913242 0.7256838905775076 0.05707762557077625 0.10790273556231003
1 0.9748858447488584 0.6542553191489362 0.0502283105022831 0.29027355623100304
1 0.7728310502283106 0.541033434650456 0.06506849315068493 0.20212765957446807
1 0.817351598173516 0.5448328267477204 0.06506849315068493 0.22644376899696048
1 0.9355022831050228 0.4992401215805471 0.05707762557077625 0.08966565349544073
1 0.9006849315068494 0.446048632218845 0.05136986301369863 0.13069908814589665
1 0.656392694063927 0.6375379939209727 0.04452054794520548 0.0790273556231003
1 0.6278538812785388 0.46048632218844987 0.0547945205479452 0.1094224924012158
1 0.5302511415525114 0.41033434650455924 0.06050228310502283 0.1656534954407295
1 0.396689497716895 0.479483282674772 0.05707762557077625 0.11094224924012158
1 0.2648401826484018 0.4992401215805471 0.05136986301369863 0.182370820668693
1 0.4155251141552511 0.2872340425531915 0.04908675799086758 0.16717325227963525
1 0.10273972602739725 0.9141337386018237 0.08333333333333333 0.1519756838905775
1 0.091324200913242 0.38145896656534956 0.06621004566210045 0.1641337386018237
1 0.875 0.18541033434650456 0.05136986301369863 0.057750759878419454
1 0.7893835616438356 0.23100303951367782 0.03538812785388128 0.10486322188449848
1 0.6386986301369864 0.1838905775075988 0.03424657534246575 0.08814589665653495
1 0.6015981735159818 0.32370820668693007 0.0319634703196347 0.06990881458966565
1 0.6872146118721462 0.446048632218845 0.0319634703196347 0.08814589665653495
1 0.6815068493150684 0.5243161094224924 0.04223744292237443 0.07142857142857142
1 0.6375570776255708 0.5554711246200608 0.033105022831050226 0.08662613981762918
1 0.7385844748858448 0.4817629179331307 0.04337899543378995 0.11246200607902736
1 0.569634703196347 0.5121580547112462 0.08447488584474885 0.1094224924012158
1 0.4469178082191781 0.5790273556231003 0.05365296803652968 0.08814589665653495
1 0.3641552511415525 0.19984802431610943 0.03538812785388128 0.07446808510638298
1 0.5787671232876712 0.2378419452887538 0.02054794520547945 0.05319148936170213
1 0.690068493150685 0.5851063829787234 0.04794520547945205 0.09422492401215805
1 0.21404109589041095 0.31155015197568386 0.03767123287671233 0.0851063829787234
1 0.3144977168949772 0.4095744680851064 0.026255707762557076 0.04711246200607903
1 0.3105022831050228 0.22644376899696048 0.03538812785388128 0.08814589665653495
1 0.9628995433789954 0.4034954407294833 0.04223744292237443 0.09878419452887538