1 0.93140589569161 0.9584592145015106 0.07596371882086168 0.08308157099697885
1 0.550453514739229 0.425226586102719 0.03741496598639456 0.09365558912386707
1 0.9223356009070295 0.6510574018126888 0.036281179138321996 0.09214501510574018
1 0.9285714285714286 0.7930513595166163 0.06235827664399093 0.1646525679758308
1 0.9002267573696145 0.5332326283987915 0.035147392290249435 0.08610271903323263
1 0.6558956916099773 0.7424471299093656 0.06689342403628118 0.20090634441087613
1 0.10090702947845805 0.3595166163141994 0.07029478458049887 0.13595166163141995
1 0.12414965986394558 0.29229607250755285 0.032879818594104306 0.07099697885196375
1 0.8503401360544217 0.39123867069486407 0.032879818594104306 0.08761329305135952
1 0.8854875283446711 0.6148036253776435 0.03854875283446712 0.08157099697885196
1 0.9795918367346939 0.7832326283987915 0.026077097505668934 0.1555891238670695
1 0.5657596371882087 0.595166163141994 0.047619047619047616 0.13293051359516617
1 0.6502267573696145 0.34516616314199394 0.02040816326530612 0.04380664652567976
1 0.8537414965986394 0.9501510574018127 0.049886621315192746 0.09969788519637462
1 0.9608843537414966 0.7379154078549849 0.036281179138321996 0.09667673716012085
1 0.39512471655328796 0.595166163141994 0.05555555555555555 0.15256797583081572
1 0.4268707482993197 0.7069486404833837 0.08503401360544217 0.2990936555891239
1 0.9863945578231292 0.4909365558912387 0.027210884353741496 0.06948640483383686
1 0.7142857142857143 0.44939577039274925 0.023809523809523808 0.055891238670694864
1 0.6978458049886621 0.486404833836858 0.026077097505668934 0.06042296072507553
1 0.8248299319727891 0.3648036253776435 0.023809523809523808 0.055891238670694864
1 0.953514739229025 0.44033232628398794 0.04081632653061224 0.12084592145015106
1 0.9223356009070295 0.43655589123867067 0.035147392290249435 0.10876132930513595
1 0.5175736961451247 0.5120845921450151 0.034013605442176874 0.07854984894259819
1 0.79421768707483 0.36178247734138974 0.021541950113378686 0.054380664652567974
1 0.21428571428571427 0.38746223564954685 0.027210884353741496 0.07250755287009064
1 0.5515873015873016 0.7960725075528701 0.10770975056689343 0.2794561933534743
1 0.45634920634920634 0.9214501510574018 0.10770975056689343 0.15709969788519637
1 0.6247165532879818 0.9229607250755287 0.1292517006802721 0.1540785498489426
1 0.7845804988662132 0.9652567975830816 0.034013605442176874 0.06948640483383686
1 0.7171201814058957 0.9486404833836858 0.046485260770975055 0.1027190332326284
1 0.7534013605442177 0.9577039274924471 0.03741496598639456 0.08459214501510574
1 0.7721088435374149 0.8557401812688822 0.032879818594104306 0.13444108761329304
1 0.7108843537414966 0.8361027190332326 0.05442176870748299 0.10574018126888217
1 0.8384353741496599 0.6744712990936556 0.05895691609977324 0.19939577039274925
1 0.8815192743764172 0.6865558912386707 0.05895691609977324 0.22356495468277945
1 0.9852607709750567 0.6616314199395771 0.021541950113378686 0.08459214501510574
1 0.9739229024943311 0.6042296072507553 0.047619047619047616 0.1283987915407855
1 0.713718820861678 0.7484894259818731 0.04308390022675737 0.0770392749244713
1 0.7040816326530612 0.5687311178247734 0.05102040816326531 0.10725075528700906
1 0.6133786848072562 0.5007552870090635 0.05555555555555555 0.16314199395770393
1 0.4744897959183674 0.5445619335347432 0.05328798185941043 0.10876132930513595
1 0.3424036281179138 0.5392749244712991 0.046485260770975055 0.1797583081570997
1 0.5130385487528345 0.35876132930513593 0.04421768707482993 0.1646525679758308
1 0.14058956916099774 0.9108761329305136 0.0782312925170068 0.13444108761329304
1 0.18424036281179137 0.3919939577039275 0.06235827664399093 0.16163141993957703
1 0.03854875283446712 0.3028700906344411 0.05895691609977324 0.16767371601208458
1 0.9750566893424036 0.3429003021148036 0.049886621315192746 0.054380664652567974
1 0.8866213151927438 0.3723564954682779 0.031746031746031744 0.1027190332326284
1 0.7431972789115646 0.297583081570997 0.031746031746031744 0.08610271903323263
1 0.6921768707482994 0.42900302114803623 0.02947845804988662 0.06797583081570997
1 0.7636054421768708 0.5649546827794562 0.02947845804988662 0.08610271903323263
1 0.75 0.6412386706948641 0.03968253968253968 0.06948640483383686
1 0.7029478458049887 0.6631419939577039 0.030612244897959183 0.08610271903323263
1 0.8106575963718821 0.6095166163141994 0.04081632653061224 0.11027190332326284
1 0.641156462585034 0.6087613293051359 0.08049886621315193 0.10574018126888217
1 0.5130385487528345 0.6518126888217523 0.05102040816326531 0.08459214501510574
1 0.47165532879818595 0.263595166163142 0.032879818594104306 0.07250755287009064
1 0.6785714285714286 0.33987915407854985 0.01927437641723356 0.0513595166163142
1 0.7517006802721088 0.702416918429003 0.045351473922902494 0.09214501510574018
1 0.3123582766439909 0.3459214501510574 0.036281179138321996 0.08308157099697885
1 0.4007936507936508 0.4607250755287009 0.024943310657596373 0.045317220543806644
1 0.41609977324263037 0.2794561933534743 0.032879818594104306 0.08610271903323263