1 0.33116883116883117 0.635551948051948 0.07467532467532467 0.11525974025974026
1 0.16396103896103897 0.6891233766233766 0.06168831168831169 0.030844155844155844
1 0.2905844155844156 0.33685064935064934 0.037337662337662336 0.08441558441558442
1 0.31087662337662336 0.4659090909090909 0.06168831168831169 0.14935064935064934
1 0.25811688311688313 0.23214285714285715 0.03409090909090909 0.07954545454545454
1 0.05762987012987013 0.45454545454545453 0.06655844155844155 0.18506493506493507
1 0.19967532467532467 0.11038961038961038 0.032467532467532464 0.08116883116883117
1 0.2532467532467532 0.3092532467532468 0.037337662337662336 0.07467532467532467
1 0.3538961038961039 0.450487012987013 0.024350649350649352 0.14123376623376624
1 0.012987012987012988 0.09334415584415584 0.021103896103896104 0.040584415584415584
1 0.2597402597402597 0.6347402597402597 0.048701298701298704 0.125
1 0.3344155844155844 0.411525974025974 0.037337662337662336 0.08928571428571429
1 0.003246753246753247 0.3392857142857143 0.006493506493506494 0.13636363636363635
1 0.01461038961038961 0.4383116883116883 0.02922077922077922 0.2727272727272727
1 0.3319805194805195 0.18262987012987014 0.025974025974025976 0.0633116883116883
1 0.08116883116883117 0.18019480519480519 0.024350649350649352 0.05194805194805195
1 0.0698051948051948 0.2150974025974026 0.025974025974025976 0.056818181818181816
1 0.1737012987012987 0.08847402597402597 0.022727272727272728 0.05194805194805195
1 0.2987012987012987 0.14042207792207792 0.040584415584415584 0.11038961038961038
1 0.2694805194805195 0.14204545454545456 0.03571428571428571 0.09902597402597403
1 0.1452922077922078 0.09009740259740259 0.022727272727272728 0.05194805194805195
1 0.021915584415584416 0.5121753246753247 0.04383116883116883 0.25162337662337664
1 0.027597402597402596 0.637987012987013 0.048701298701298704 0.14935064935064934
1 0.056818181818181816 0.6331168831168831 0.10714285714285714 0.1590909090909091
1 0.19805194805194806 0.648538961038961 0.03409090909090909 0.07954545454545454
1 0.13392857142857142 0.637987012987013 0.045454545454545456 0.10064935064935066
1 0.16883116883116883 0.6452922077922078 0.037337662337662336 0.09253246753246754
1 0.17532467532467533 0.5430194805194806 0.03409090909090909 0.12337662337662338
1 0.1176948051948052 0.5324675324675324 0.05357142857142857 0.09740259740259741
1 0.21672077922077923 0.3693181818181818 0.060064935064935064 0.18344155844155843
1 0.2564935064935065 0.375 0.06168831168831169 0.20616883116883117
1 0.3474025974025974 0.3392857142857143 0.017857142857142856 0.0762987012987013
1 0.33035714285714285 0.28814935064935066 0.04707792207792208 0.1185064935064935
1 0.11038961038961038 0.45211038961038963 0.04220779220779221 0.07142857142857142
1 0.08441558441558442 0.2897727272727273 0.05032467532467533 0.09902597402597403
1 0.010551948051948052 0.23782467532467533 0.021103896103896104 0.14772727272727273
1 0.021103896103896104 0.6493506493506493 0.032467532467532464 0.12824675324675325
1 0.30844155844155846 0.05032467532467533 0.04707792207792208 0.05032467532467533
1 0.2305194805194805 0.08766233766233766 0.032467532467532464 0.09577922077922078
1 0.09253246753246754 0.05194805194805195 0.02922077922077922 0.05032467532467533
1 0.05925324675324675 0.16396103896103897 0.030844155844155844 0.0633116883116883
1 0.137987012987013 0.2784090909090909 0.02922077922077922 0.07954545454545454
1 0.1331168831168831 0.34983766233766234 0.03896103896103896 0.0633116883116883
1 0.09253246753246754 0.37662337662337664 0.030844155844155844 0.07792207792207792
1 0.18506493506493507 0.31412337662337664 0.040584415584415584 0.09902597402597403
1 0.0349025974025974 0.3344155844155844 0.0698051948051948 0.09740259740259741
1 0.003246753246753247 0.38311688311688313 0.006493506493506494 0.07467532467532467
1 0.03814935064935065 0.08441558441558442 0.017857142857142856 0.048701298701298704
1 0.14123376623376624 0.40584415584415584 0.04383116883116883 0.08603896103896104
1 0.4074675324675325 0.5219155844155844 0.1038961038961039 0.33116883116883117
1 0.799512987012987 0.2288961038961039 0.2418831168831169 0.4577922077922078
1 0.6396103896103896 0.5568181818181818 0.3409090909090909 0.24675324675324675
1 0.20616883116883117 0.8433441558441559 0.38636363636363635 0.3133116883116883
1 0.6931818181818182 0.825487012987013 0.42207792207792205 0.349025974025974