1 0.3954248366013072 0.1388888888888889 0.06535947712418301 0.20915032679738563
1 0.3831699346405229 0.04656862745098039 0.05392156862745098 0.08496732026143791
1 0.35375816993464054 0.02696078431372549 0.03431372549019608 0.04084967320261438
1 0.3022875816993464 0.15931372549019607 0.05392156862745098 0.15359477124183007
1 0.32189542483660133 0.09803921568627451 0.0718954248366013 0.18137254901960784
1 0.14215686274509803 0.5016339869281046 0.21895424836601307 0.2696078431372549
1 0.04330065359477124 0.5277777777777778 0.08660130718954248 0.21895424836601307
1 0.352124183006536 0.5098039215686274 0.11437908496732026 0.22549019607843138
1 0.43300653594771243 0.4730392156862745 0.07516339869281045 0.18137254901960784
1 0.4215686274509804 0.3137254901960784 0.08169934640522876 0.19117647058823528
1 0.4035947712418301 0.05718954248366013 0.08496732026143791 0.10947712418300654
1 0.2965686274509804 0.5163398692810458 0.07516339869281045 0.20915032679738563
1 0.013071895424836602 0.5531045751633987 0.026143790849673203 0.16830065359477125
1 0.008169934640522876 0.33578431372549017 0.016339869281045753 0.24673202614379086
1 0.04084967320261438 0.20833333333333334 0.08169934640522876 0.23039215686274508
1 0.119281045751634 0.18709150326797386 0.07352941176470588 0.1715686274509804
1 0.17647058823529413 0.19934640522875818 0.06372549019607843 0.20261437908496732
1 0.2679738562091503 0.21977124183006536 0.10784313725490197 0.184640522875817
1 0.2426470588235294 0.07761437908496732 0.10947712418300654 0.13398692810457516
1 0.1184640522875817 0.07026143790849673 0.13071895424836602 0.10784313725490197
1 0.05800653594771242 0.04738562091503268 0.06045751633986928 0.05228758169934641
1 0.004901960784313725 0.05310457516339869 0.00980392156862745 0.05718954248366013
1 0.014705882352941176 0.05392156862745098 0.029411764705882353 0.058823529411764705
1 0.48937908496732024 0.14215686274509803 0.09640522875816994 0.28431372549019607
1 0.4730392156862745 0.11601307189542484 0.06372549019607843 0.23202614379084968
1 0.4730392156862745 0.33986928104575165 0.0392156862745098 0.23529411764705882
1 0.46977124183006536 0.24836601307189543 0.05392156862745098 0.44607843137254904
1 0.46977124183006536 0.3553921568627451 0.026143790849673203 0.13725490196078433
1 0.4673202614379085 0.3423202614379085 0.02287581699346405 0.12581699346405228
1 0.46977124183006536 0.34967320261437906 0.027777777777777776 0.119281045751634
1 0.4714052287581699 0.3790849673202614 0.03104575163398693 0.1977124183006536
1 0.5024509803921569 0.35049019607843135 0.10294117647058823 0.4264705882352941
1 0.548202614379085 0.33088235294117646 0.08823529411764706 0.3366013071895425
1 0.6151960784313726 0.2704248366013072 0.09640522875816994 0.38562091503267976
1 0.5931372549019608 0.049019607843137254 0.06535947712418301 0.09803921568627451
1 0.7352941176470589 0.08251633986928104 0.0718954248366013 0.1650326797385621
1 0.7099673202614379 0.3946078431372549 0.09477124183006536 0.3937908496732026
1 0.7581699346405228 0.3929738562091503 0.08660130718954248 0.4150326797385621
1 0.8055555555555556 0.3276143790849673 0.09640522875816994 0.4019607843137255
1 0.8194444444444444 0.049019607843137254 0.06699346405228758 0.09803921568627451
1 0.8717320261437909 0.2034313725490196 0.09477124183006536 0.3660130718954248
1 0.9477124183006536 0.29411764705882354 0.10457516339869281 0.5392156862745098
1 0.1781045751633987 0.7671568627450981 0.3431372549019608 0.2908496732026144
1 0.9321895424836601 0.8080065359477124 0.13562091503267973 0.34477124183006536