1 0.2537174721189591 0.01486988847583643 0.04460966542750929 0.020446096654275093
1 0.21468401486988847 0.10687732342007435 0.11152416356877323 0.12267657992565056
1 0.20260223048327136 0.27973977695167285 0.07063197026022305 0.11524163568773234
1 0.06319702602230483 0.26579925650557623 0.06319702602230483 0.08921933085501858
1 0.03345724907063197 0.3429368029739777 0.06691449814126393 0.05390334572490706
1 0.37267657992565056 0.20446096654275092 0.08550185873605948 0.12825278810408922
1 0.395910780669145 0.2983271375464684 0.08736059479553904 0.09851301115241635
1 0.28345724907063197 0.16449814126394052 0.05947955390334572 0.07806691449814127
1 0.7555762081784386 0.012081784386617101 0.09851301115241635 0.024163568773234202
1 0.02137546468401487 0.6840148698884758 0.04275092936802974 0.6319702602230484
1 0.14033457249070633 0.6821561338289963 0.28066914498141265 0.6356877323420075
1 0.49814126394052044 0.724907063197026 0.22304832713754646 0.550185873605948
1 0.41356877323420077 0.8949814126394052 0.17657992565055763 0.2100371747211896
1 0.03717472118959108 0.7602230483271375 0.07434944237918216 0.4795539033457249
1 0.30576208178438663 0.8801115241635687 0.12825278810408922 0.23977695167286245
1 0.904275092936803 0.7202602230483272 0.19144981412639406 0.5483271375464684