1 0.05938 0.12148425787106447 0.03631 0.12511244377811095
1 0.02889 0.16371814092953524 0.04553 0.1698950524737631
1 0.86341 0.35437781109445277 0.05153 0.1962968515742129
1 0.7363999999999999 0.9213643178410794 0.04376 0.15727136431784108
1 0.8560099999999999 0.19181409295352322 0.047020000000000006 0.16245877061469266
1 0.83033 0.047136431784107945 0.03131 0.08319340329835083
1 0.77339 0.36970014992503747 0.04368 0.1452623688155922
1 0.02054 0.030614692653673167 0.037380000000000004 0.06122938530734633
1 0.7949400000000001 0.28268365817091456 0.059539999999999996 0.22779610194902547
1 0.60287 0.7799100449775113 0.19665000000000002 0.42857571214392803
1 0.48087 0.8039430284857572 0.12900999999999999 0.3921289355322339
1 0.84376 0.9186506746626687 0.06024 0.1608695652173913
1 0.8917999999999999 0.8725637181409296 0.07087 0.20226386806596702
1 0.96273 0.7923538230884558 0.07454999999999999 0.41529235382308843
1 0.8045399999999999 0.7860419790104947 0.09817000000000001 0.3672413793103448
1 0.89191 0.6763418290854573 0.08017 0.16964017991004499
1 0.88849 0.5230734632683658 0.08426 0.1793103448275862
1 0.95455 0.39736131934032987 0.09090999999999999 0.34496251874062966
1 0.95352 0.20158920539730135 0.08522 0.2232833583208396
1 0.8864 0.10661169415292354 0.09826 0.21047976011994002
1 0.97038 0.07565217391304348 0.04076 0.10496251874062969
1 0.7502300000000001 0.7098200899550224 0.060450000000000004 0.19571214392803596
1 0.29108999999999996 0.8770014992503748 0.11126000000000001 0.2383958020989505
1 0.20308 0.876206896551724 0.0698 0.21499250374812595
1 0.13425 0.8751424287856072 0.07576999999999999 0.22922038980509743
1 0.05715 0.8257421289355322 0.10339 0.3485007496251874
1 0.16196000000000002 0.6641979010494752 0.08029 0.22986506746626686
1 0.23374 0.676671664167916 0.07293999999999999 0.1648575712143928
1 0.31982 0.5390104947526236 0.076 0.3338380809595202
1 0.34716 0.39643178410794605 0.07249 0.21770614692653675
1 0.42158 0.5233133433283359 0.10316 0.23703148425787104
1 0.44091 0.4017691154422789 0.04909 0.13298350824587707
1 0.51044 0.4030284857571214 0.09089 0.21511244377811092
1 0.5974400000000001 0.3869565217391305 0.06216 0.1605847076461769
1 0.65195 0.401904047976012 0.05117 0.19049475262368815
1 0.73734 0.42539730134932535 0.09287000000000001 0.17205397301349326
1 0.7209500000000001 0.2167016491754123 0.09826 0.25349325337331335
1 0.6033200000000001 0.21869565217391304 0.12118000000000001 0.20025487256371813
1 0.45229 0.22424287856071962 0.07184 0.13772113943028486
1 0.29224 0.28082458770614693 0.08811 0.1909145427286357
1 0.36995 0.29407796101949024 0.0799 0.18197901049475262
1 0.24365 0.5200149925037482 0.05094 0.15410794602698652
1 0.16552 0.4284407796101949 0.06377000000000001 0.22991004497751125
1 0.22399000000000002 0.43304347826086953 0.053439999999999994 0.16278860569715142
1 0.055380000000000006 0.35398800599700153 0.07257 0.26365817091454274
1 0.11188 0.444647676161919 0.04739 0.17782608695652175
1 0.10175 0.31349325337331335 0.052590000000000005 0.12815592203898052
1 0.12677 0.2262518740629685 0.06991 0.2153673163418291
1 0.19212 0.2178110944527736 0.05515 0.1848425787106447
1 0.24019 0.18563718140929533 0.03674 0.09323838080959519
1 0.5469400000000001 0.05641679160419791 0.05465 0.10001499250374811
1 0.4744 0.17104947526236883 0.04904 0.11274362818590705
1 0.49567 0.10944527736131934 0.04582 0.115952023988006
1 0.30644 0.06754122938530734 0.06726 0.10800599700149927
1 0.2412 0.041049475262368816 0.05 0.07667166416791604
1 0.14509 0.10875562218890555 0.052899999999999996 0.1217991004497751