1 0.23704954954954954 0.6925675675675675 0.11824324324324324 0.31756756756756754
1 0.732545045045045 0.15033783783783783 0.08558558558558559 0.1891891891891892
1 0.4752252252252252 0.5388513513513513 0.0945945945945946 0.19087837837837837
1 0.7342342342342343 0.40625 0.11824324324324324 0.38513513513513514
1 0.38006756756756754 0.08530405405405406 0.06756756756756757 0.15371621621621623
1 0.34346846846846846 0.25844594594594594 0.07094594594594594 0.12331081081081081
1 0.8068693693693694 0.4155405405405405 0.09121621621621621 0.41216216216216217
1 0.5726351351351351 0.05152027027027027 0.07094594594594594 0.10304054054054054
1 0.5078828828828829 0.08699324324324324 0.05855855855855856 0.11655405405405406
1 0.8581081081081081 0.09881756756756757 0.04842342342342342 0.0929054054054054
1 0.2708333333333333 0.09037162162162163 0.07545045045045046 0.14189189189189189
1 0.5664414414414415 0.40540540540540543 0.19707207207207209 0.4797297297297297
1 0.9656531531531531 0.20016891891891891 0.0518018018018018 0.20270270270270271
1 0.08896396396396396 0.7643581081081081 0.06981981981981981 0.20101351351351351
1 0.3277027027027027 0.4408783783783784 0.05630630630630631 0.13175675675675674
1 0.35585585585585583 0.39949324324324326 0.04617117117117117 0.15878378378378377
1 0.46283783783783783 0.30996621621621623 0.0472972972972973 0.13175675675675674
1 0.9065315315315315 0.49155405405405406 0.04954954954954955 0.2516891891891892
1 0.8817567567567568 0.33361486486486486 0.0472972972972973 0.09121621621621621
1 0.9245495495495496 0.30574324324324326 0.06531531531531531 0.18243243243243243