1 0.03112033195020747 0.18457943925233644 0.044605809128630707 0.13395638629283488
1 0.01504149377593361 0.23052959501557632 0.03008298755186722 0.1806853582554517
1 0.8760373443983402 0.31697819314641745 0.06535269709543569 0.2102803738317757
1 0.7774896265560166 0.9018691588785047 0.052904564315352696 0.13239875389408098
1 0.858402489626556 0.14953271028037382 0.058091286307053944 0.17445482866043613
1 0.8226141078838174 0.024143302180685357 0.03734439834024896 0.048286604361370715
1 0.7837136929460581 0.34501557632398755 0.05394190871369295 0.1557632398753894
1 0.8008298755186722 0.2515576323987539 0.07572614107883817 0.24454828660436137
1 0.6312240663900415 0.7764797507788161 0.22717842323651452 0.4392523364485981
1 0.5057053941908713 0.8107476635514018 0.1545643153526971 0.37850467289719625
1 0.8879668049792531 0.8855140186915887 0.06950207468879668 0.13862928348909656
1 0.9362033195020747 0.8434579439252337 0.08506224066390042 0.2102803738317757
1 0.9766597510373444 0.7398753894080997 0.046680497925311204 0.3987538940809969
1 0.8402489626556017 0.7679127725856698 0.12344398340248963 0.3894080996884735
1 0.924792531120332 0.6464174454828661 0.09336099585062241 0.18691588785046728
1 0.9123443983402489 0.48753894080996885 0.0975103734439834 0.19626168224299065
1 0.9574688796680498 0.34890965732087226 0.08506224066390042 0.367601246105919
1 0.9481327800829875 0.14641744548286603 0.07987551867219916 0.2398753894080997
1 0.8838174273858921 0.08566978193146417 0.11410788381742738 0.17133956386292834
1 0.9605809128630706 0.035046728971962614 0.03112033195020747 0.07009345794392523
1 0.7806016597510373 0.7001557632398754 0.07468879668049792 0.2102803738317757
1 0.3137966804979253 0.9018691588785047 0.1275933609958506 0.19626168224299065
1 0.22406639004149378 0.9143302180685359 0.08298755186721991 0.17133956386292834
1 0.1524896265560166 0.9151090342679128 0.0912863070539419 0.16978193146417445
1 0.07157676348547717 0.8629283489096573 0.12033195020746888 0.27414330218068533
1 0.17012448132780084 0.7328660436137072 0.09647302904564316 0.24922118380062305
1 0.24481327800829875 0.735981308411215 0.08506224066390042 0.1806853582554517
1 0.32520746887966806 0.5817757009345794 0.09854771784232365 0.35514018691588783
1 0.3449170124481328 0.43068535825545173 0.08817427385892117 0.235202492211838
1 0.42946058091286304 0.5514018691588785 0.12136929460580913 0.2585669781931464
1 0.44242738589211617 0.42289719626168226 0.05912863070539419 0.14485981308411214
1 0.5140041493775933 0.4151090342679128 0.10684647302904564 0.235202492211838
1 0.6032157676348547 0.3862928348909657 0.07365145228215768 0.17445482866043613
1 0.6602697095435685 0.39485981308411217 0.06431535269709543 0.20404984423676012
1 0.75 0.4073208722741433 0.10684647302904564 0.19003115264797507
1 0.7204356846473029 0.1939252336448598 0.11721991701244813 0.2757009345794392
1 0.5990663900414938 0.2118380062305296 0.13692946058091288 0.22429906542056074
1 0.4434647302904564 0.23753894080996885 0.08298755186721991 0.1526479750778816
1 0.2816390041493776 0.3177570093457944 0.10269709543568464 0.2102803738317757
1 0.362551867219917 0.32165109034267914 0.09336099585062241 0.19937694704049844
1 0.245850622406639 0.572429906542056 0.06224066390041494 0.16666666666666666
1 0.1592323651452282 0.4883177570093458 0.07987551867219916 0.24610591900311526
1 0.21991701244813278 0.48520249221183803 0.06535269709543569 0.17601246105919002
1 0.04304979253112033 0.4252336448598131 0.08609958506224066 0.2834890965732087
1 0.10477178423236515 0.5124610591900312 0.06016597510373444 0.19003115264797507
1 0.08661825726141079 0.37772585669781933 0.06224066390041494 0.14018691588785046
1 0.10684647302904564 0.2842679127725857 0.08506224066390042 0.23208722741433022
1 0.17427385892116182 0.26635514018691586 0.06846473029045644 0.19937694704049844
1 0.22199170124481327 0.2266355140186916 0.043568464730290454 0.10124610591900311
1 0.5311203319502075 0.0529595015576324 0.06224066390041494 0.1059190031152648
1 0.4631742738589212 0.17990654205607476 0.05705394190871369 0.12305295950155763
1 0.48132780082987553 0.11292834890965732 0.05394190871369295 0.1261682242990654
1 0.28319502074688796 0.09579439252336448 0.07572614107883817 0.12149532710280374
1 0.2142116182572614 0.07710280373831775 0.056016597510373446 0.08566978193146417
1 0.1187759336099585 0.15965732087227413 0.06224066390041494 0.13395638629283488