1 0.3642611683848797 0.010309278350515464 0.06872852233676977 0.020618556701030927
1 0.15034364261168384 0.41323024054982815 0.07216494845360824 0.13745704467353953
1 0.03178694158075601 0.3127147766323024 0.06357388316151202 0.13058419243986255
1 0.08247422680412371 0.40893470790378006 0.06013745704467354 0.08762886597938144
1 0.1958762886597938 0.22250859106529208 0.08762886597938144 0.14776632302405499
1 0.2869415807560137 0.26718213058419243 0.06701030927835051 0.13058419243986255
1 0.39948453608247425 0.1563573883161512 0.0859106529209622 0.25601374570446733
1 0.45618556701030927 0.10309278350515463 0.070446735395189 0.20618556701030927
1 0.4183848797250859 0.7027491408934707 0.070446735395189 0.07216494845360824
1 0.47079037800687284 0.6683848797250859 0.041237113402061855 0.1134020618556701
1 0.42353951890034364 0.6065292096219931 0.061855670103092786 0.10652920962199312
1 0.4484536082474227 0.5017182130584192 0.070446735395189 0.11168384879725086
1 0.44587628865979384 0.3745704467353952 0.09106529209621993 0.10996563573883161
1 0.46735395189003437 0.29381443298969073 0.048109965635738834 0.13745704467353953
1 0.3797250859106529 0.4647766323024055 0.06357388316151202 0.15292096219931273
1 0.3161512027491409 0.42439862542955326 0.07903780068728522 0.14948453608247422
1 0.35137457044673537 0.5859106529209622 0.06701030927835051 0.1254295532646048
1 0.28951890034364264 0.5274914089347079 0.06701030927835051 0.09106529209621993
1 0.26804123711340205 0.5987972508591065 0.054982817869415807 0.09278350515463918
1 0.21391752577319587 0.6735395189003437 0.08419243986254296 0.13058419243986255
1 0.140893470790378 0.5670103092783505 0.08762886597938144 0.1013745704467354
1 0.04639175257731959 0.5025773195876289 0.09278350515463918 0.14948453608247422
1 0.05240549828178694 0.17010309278350516 0.10481099656357389 0.20618556701030927
1 0.25 0.10395189003436427 0.07560137457044673 0.13058419243986255
1 0.31529209621993126 0.10051546391752578 0.0859106529209622 0.13402061855670103
1 0.006872852233676976 0.09450171821305842 0.013745704467353952 0.12714776632302405
1 0.04381443298969072 0.6176975945017182 0.08762886597938144 0.1254295532646048
1 0.04982817869415808 0.7225085910652921 0.061855670103092786 0.03264604810996564
1 0.14432989690721648 0.686426116838488 0.10996563573883161 0.10481099656357389
1 0.359106529209622 0.7259450171821306 0.061855670103092786 0.02577319587628866
1 0.2697594501718213 0.7207903780068728 0.08247422680412371 0.03608247422680412
1 0.9432989690721649 0.27920962199312716 0.1134020618556701 0.28350515463917525
1 0.041237113402061855 0.9493127147766323 0.08247422680412371 0.1013745704467354
1 0.19673539518900343 0.9089347079037801 0.08762886597938144 0.06872852233676977
1 0.25601374570446733 0.9458762886597938 0.10309278350515463 0.10824742268041238
1 0.12027491408934708 0.9802405498281787 0.054982817869415807 0.03951890034364261
1 0.007731958762886598 0.9398625429553265 0.015463917525773196 0.12027491408934708
1 0.45532646048109965 0.9123711340206185 0.07216494845360824 0.06872852233676977
1 0.09707903780068729 0.8419243986254296 0.07560137457044673 0.070446735395189
1 0.07388316151202749 0.7637457044673539 0.058419243986254296 0.04982817869415808
1 0.7242268041237113 0.8694158075601375 0.46563573883161513 0.2611683848797251