1 0.0627147766323024 0.6769759450171822 0.08247422680412371 0.2869415807560137
1 0.12886597938144329 0.6623711340206185 0.06013745704467354 0.3006872852233677
1 0.17697594501718214 0.802405498281787 0.0429553264604811 0.0859106529209622
1 0.9896907216494846 0.506872852233677 0.020618556701030927 0.23711340206185566
1 0.7740549828178694 0.5678694158075601 0.06357388316151202 0.28350515463917525
1 0.3384879725085911 0.6297250859106529 0.08934707903780069 0.36769759450171824
1 0.993127147766323 0.29553264604810997 0.013745704467353952 0.21993127147766323
1 0.6365979381443299 0.584192439862543 0.05670103092783505 0.31099656357388317
1 0.422680412371134 0.7053264604810997 0.05154639175257732 0.16323024054982818
1 0.9312714776632303 0.5283505154639175 0.06357388316151202 0.2663230240549828
1 0.8350515463917526 0.5506872852233677 0.06013745704467354 0.28350515463917525
1 0.8823024054982818 0.5274914089347079 0.05154639175257732 0.2800687285223368
1 0.5592783505154639 0.602233676975945 0.10824742268041238 0.3951890034364261
1 0.49312714776632305 0.634020618556701 0.07731958762886598 0.27491408934707906
1 0.2104810996563574 0.697594501718213 0.07731958762886598 0.23711340206185566
1 0.25171821305841924 0.5945017182130584 0.1013745704467354 0.17697594501718214
1 0.7079037800687286 0.6039518900343642 0.07388316151202749 0.281786941580756
1 0.9527491408934707 0.21649484536082475 0.03436426116838488 0.11855670103092783
1 0.9183848797250859 0.23539518900343642 0.03436426116838488 0.1254295532646048
1 0.8513745704467354 0.31013745704467355 0.027491408934707903 0.20790378006872853
1 0.8797250859106529 0.2800687285223368 0.03436426116838488 0.1958762886597938
1 0.8230240549828178 0.2972508591065292 0.03608247422680412 0.1872852233676976
1 0.7878006872852233 0.3230240549828179 0.022336769759450172 0.10824742268041238
1 0.7654639175257731 0.32130584192439865 0.018900343642611683 0.07216494845360824
1 0.42955326460481097 0.5412371134020618 0.0429553264604811 0.16494845360824742
1 0.14261168384879724 0.44329896907216493 0.027491408934707903 0.16323024054982818
1 0.16838487972508592 0.5042955326460481 0.027491408934707903 0.15807560137457044
1 0.03350515463917526 0.4579037800687285 0.05670103092783505 0.19759450171821305