1 0.024166666666666666 0.2658333333333333 0.04833333333333333 0.255
1 0.0375 0.165 0.075 0.23666666666666666
1 0.11583333333333333 0.2808333333333333 0.11833333333333333 0.22166666666666668
1 0.13166666666666665 0.1675 0.056666666666666664 0.14333333333333334
1 0.20583333333333334 0.16666666666666666 0.105 0.23333333333333334
1 0.29833333333333334 0.14583333333333334 0.07333333333333333 0.17333333333333334
1 0.3566666666666667 0.16 0.06166666666666667 0.205
1 0.4175 0.1825 0.043333333333333335 0.185
1 0.4033333333333333 0.0675 0.06166666666666667 0.13
1 0.3 0.056666666666666664 0.13166666666666665 0.105
1 0.13916666666666666 0.04583333333333333 0.07833333333333334 0.07
1 0.009166666666666667 0.08083333333333333 0.018333333333333333 0.12833333333333333
1 0.0525 0.08333333333333333 0.09 0.14
1 0.23916666666666667 0.0325 0.06 0.04833333333333333
1 0.16166666666666665 0.03833333333333333 0.055 0.055
1 0.18416666666666667 0.03833333333333333 0.05 0.056666666666666664
1 0.009166666666666667 0.0425 0.018333333333333333 0.051666666666666666
1 0.51 0.16416666666666666 0.16333333333333333 0.3283333333333333
1 0.1525 0.6675 0.305 0.5683333333333334
1 0.5025 0.7258333333333333 0.11 0.405
1 0.5108333333333334 0.725 0.13166666666666665 0.55
1 0.565 0.7525 0.19666666666666666 0.495
1 0.665 0.7708333333333334 0.14 0.45
1 0.8341666666666666 0.7633333333333333 0.255 0.45
1 0.9608333333333333 0.8858333333333334 0.07833333333333334 0.14833333333333334