1 0.5884146341463414 0.050271739130434784 0.06402439024390244 0.08967391304347826
1 0.6397357723577236 0.08423913043478261 0.03861788617886179 0.08831521739130435
1 0.720020325203252 0.171875 0.046747967479674794 0.13451086956521738
1 0.6519308943089431 0.18206521739130435 0.039634146341463415 0.09646739130434782
1 0.7291666666666666 0.06046195652173913 0.041666666666666664 0.07472826086956522
1 0.5940040650406504 0.20652173913043478 0.047764227642276426 0.11005434782608696
1 0.5853658536585366 0.13654891304347827 0.05589430894308943 0.10461956521739131
1 0.8353658536585366 0.9021739130434783 0.1209349593495935 0.13043478260869565
1 0.663109756097561 0.7717391304347826 0.12296747967479675 0.2105978260869565
1 0.7647357723577236 0.6426630434782609 0.12296747967479675 0.15217391304347827
1 0.7748983739837398 0.18410326086956522 0.07317073170731707 0.09103260869565218
1 0.7992886178861789 0.08491847826086957 0.08536585365853659 0.11277173913043478
1 0.4242886178861789 0.46127717391304346 0.05386178861788618 0.09239130434782608
1 0.6727642276422764 0.3580163043478261 0.09959349593495935 0.11413043478260869
1 0.6498983739837398 0.5020380434782609 0.06504065040650407 0.10326086956521739
1 0.5320121951219512 0.47554347826086957 0.056910569105691054 0.08152173913043478
1 0.4344512195121951 0.31046195652173914 0.049796747967479675 0.08016304347826086
1 0.491869918699187 0.5584239130434783 0.08333333333333333 0.09510869565217392
1 0.8003048780487805 0.4592391304347826 0.0782520325203252 0.11684782608695653
1 0.8135162601626016 0.5407608695652174 0.0782520325203252 0.09103260869565218
1 0.7271341463414634 0.41440217391304346 0.052845528455284556 0.06929347826086957
1 0.5091463414634146 0.06657608695652174 0.08841463414634146 0.1331521739130435