1 0.03803131991051454 0.6199664429530202 0.07606263982102908 0.2936241610738255
1 0.10067114093959731 0.6065436241610739 0.06375838926174497 0.3087248322147651
1 0.15156599552572708 0.74748322147651 0.0436241610738255 0.087248322147651
1 0.9809843400447428 0.4228187919463087 0.03803131991051454 0.24496644295302014
1 0.7555928411633109 0.49328859060402686 0.06711409395973154 0.2902684563758389
1 0.3131991051454139 0.5671140939597316 0.09507829977628636 0.37583892617449666
1 0.982662192393736 0.2080536912751678 0.030201342281879196 0.2231543624161074
1 0.616331096196868 0.5125838926174496 0.06152125279642058 0.3187919463087248
1 0.39988814317673377 0.6426174496644296 0.053691275167785234 0.16946308724832215
1 0.9149888143176734 0.44798657718120805 0.06823266219239374 0.27181208053691275
1 0.8171140939597316 0.473993288590604 0.06375838926174497 0.29194630872483224
1 0.8646532438478747 0.44798657718120805 0.05592841163310962 0.28691275167785235
1 0.5374720357941835 0.5327181208053692 0.11521252796420582 0.40604026845637586
1 0.470917225950783 0.5679530201342282 0.08165548098434004 0.2835570469798658
1 0.18400447427293065 0.6401006711409396 0.08053691275167785 0.24328859060402686
1 0.22427293064876958 0.5335570469798657 0.10514541387024609 0.18288590604026847
1 0.6884787472035794 0.5310402684563759 0.07718120805369127 0.28859060402684567
1 0.9334451901565995 0.13003355704697986 0.035794183445190156 0.12080536912751678
1 0.8982102908277405 0.15016778523489932 0.035794183445190156 0.12919463087248323
1 0.8316554809843401 0.2273489932885906 0.030201342281879196 0.21140939597315436
1 0.8590604026845637 0.19630872483221476 0.03691275167785235 0.19966442953020133
1 0.802013422818792 0.2156040268456376 0.039149888143176735 0.1912751677852349
1 0.7667785234899329 0.2424496644295302 0.02348993288590604 0.11073825503355705
1 0.743847874720358 0.24161073825503357 0.020134228187919462 0.0738255033557047
1 0.40492170022371365 0.4748322147651007 0.04697986577181208 0.16778523489932887
1 0.11129753914988814 0.3825503355704698 0.029082774049217 0.16778523489932887
1 0.13870246085011187 0.4437919463087248 0.029082774049217 0.1610738255033557
1 0.015100671140939598 0.3976510067114094 0.030201342281879196 0.20134228187919462