1 0.2818371607515658 0.60625 0.10960334029227557 0.29375
1 0.7834029227557411 0.20546875 0.07933194154488518 0.175
1 0.5135699373695198 0.5109375 0.08768267223382047 0.1765625
1 0.7630480167014614 0.440625 0.10960334029227557 0.35625
1 0.46555323590814196 0.07421875 0.06263048016701461 0.1484375
1 0.41701461377870563 0.22890625 0.06576200417536535 0.1140625
1 0.8282881002087683 0.4625 0.08455114822546973 0.38125
1 0.6466597077244259 0.071875 0.06576200417536535 0.1203125
1 0.5824634655532359 0.10390625 0.054279749478079335 0.1078125
1 0.9024008350730689 0.18203125 0.04488517745302714 0.0859375
1 0.3653444676409186 0.0640625 0.0709812108559499 0.128125
1 0.6085594989561587 0.40625 0.1826722338204593 0.44375
1 0.9843423799582464 0.2953125 0.031315240083507306 0.1875
1 0.13987473903966596 0.64375 0.06471816283924843 0.1859375
1 0.38674321503131526 0.39296875 0.05219206680584551 0.121875
1 0.41597077244258873 0.3609375 0.04279749478079332 0.146875
1 0.5219206680584552 0.29921875 0.04384133611691023 0.121875
1 0.9138830897703549 0.5515625 0.04592901878914405 0.2328125
1 0.9044885177453027 0.40234375 0.04384133611691023 0.084375
1 0.9457202505219207 0.38515625 0.060542797494780795 0.16875