1 0.11715867158671586 0.03966789667896679 0.07011070110701106 0.033210332103321034
1 0.17804428044280443 0.033210332103321034 0.04059040590405904 0.025830258302583026
1 0.27767527675276754 0.04059040590405904 0.04797047970479705 0.055350553505535055
1 0.19833948339483395 0.03505535055350553 0.04059040590405904 0.03136531365313653
1 0.279520295202952 0.023985239852398525 0.046125461254612546 0.023985239852398525
1 0.13468634686346864 0.042435424354243544 0.04981549815498155 0.04059040590405904
1 0.11715867158671586 0.042435424354243544 0.05904059040590406 0.03690036900369004
1 0.33948339483394835 0.02214022140221402 0.08118081180811808 0.02952029520295203
1 0.36162361623616235 0.026752767527675275 0.0940959409594096 0.042435424354243544
1 0.0027675276752767526 0.32011070110701106 0.005535055350553505 0.1014760147601476
1 0.2444649446494465 0.14944649446494465 0.11623616236162361 0.12730627306273062
1 0.24169741697416974 0.3210332103321033 0.07564575645756458 0.11623616236162361
1 0.10239852398523985 0.3154981549815498 0.06642066420664207 0.09040590405904059
1 0.06642066420664207 0.39391143911439114 0.0940959409594096 0.05719557195571956
1 0.40682656826568264 0.23800738007380073 0.09225092250922509 0.13099630996309963
1 0.4345018450184502 0.33025830258302585 0.09225092250922509 0.1014760147601476
1 0.3154981549815498 0.2029520295202952 0.06273062730627306 0.07933579335793357
1 0.03690036900369004 0.05627306273062731 0.07380073800738007 0.05350553505535055
1 0.775830258302583 0.021217712177121772 0.1014760147601476 0.042435424354243544
1 0.05996309963099631 0.709409594095941 0.11992619926199262 0.5811808118081181
1 0.17804428044280443 0.7011070110701108 0.35608856088560886 0.5977859778597786
1 0.5571955719557196 0.7343173431734318 0.24723247232472326 0.5313653136531366
1 0.4833948339483395 0.9059040590405905 0.18450184501845018 0.1881918819188192
1 0.07656826568265683 0.783210332103321 0.14575645756457564 0.43357933579335795
1 0.043357933579335796 0.9547970479704797 0.03505535055350553 0.09040590405904059
1 0.37546125461254615 0.8948339483394834 0.13837638376383765 0.21033210332103322
1 0.9261992619926199 0.7112546125461254 0.14760147601476015 0.525830258302583