1 0.2273489932885906 0.34815436241610737 0.05536912751677853 0.12416107382550336
1 0.34731543624161076 0.31208053691275167 0.04697986577181208 0.11241610738255034
1 0.3850671140939597 0.8221476510067114 0.23993288590604026 0.35570469798657717
1 0.4312080536912752 0.584731543624161 0.1174496644295302 0.26174496644295303
1 0.43288590604026844 0.3733221476510067 0.1593959731543624 0.24664429530201343
1 0.5662751677852349 0.3598993288590604 0.11409395973154363 0.1912751677852349
1 0.6619127516778524 0.34563758389261745 0.10234899328859061 0.174496644295302
1 0.7130872483221476 0.5041946308724832 0.10738255033557047 0.2651006711409396
1 0.6015100671140939 0.9404362416107382 0.20973154362416108 0.11912751677852348
1 0.6166107382550335 0.7667785234899329 0.22651006711409397 0.38422818791946306
1 0.9026845637583892 0.8691275167785235 0.18120805369127516 0.2197986577181208
1 0.8028523489932886 0.7072147651006712 0.18288590604026847 0.24328859060402686
1 0.8817114093959731 0.5746644295302014 0.19966442953020133 0.3053691275167785
1 0.8833892617449665 0.29446308724832215 0.22651006711409397 0.3104026845637584
1 0.5763422818791947 0.11493288590604027 0.08389261744966443 0.12919463087248323
1 0.5444630872483222 0.028523489932885907 0.0587248322147651 0.05704697986577181
1 0.62248322147651 0.04530201342281879 0.0738255033557047 0.09060402684563758
1 0.6484899328859061 0.16526845637583892 0.13758389261744966 0.18959731543624161
1 0.7189597315436241 0.11828859060402684 0.07885906040268456 0.11073825503355705
1 0.8003355704697986 0.07634228187919463 0.1476510067114094 0.15268456375838926
1 0.2726510067114094 0.5067114093959731 0.20134228187919462 0.41946308724832215
1 0.5226510067114094 0.18036912751677853 0.10067114093959731 0.18791946308724833
1 0.4320469798657718 0.1568791946308725 0.10067114093959731 0.2214765100671141
1 0.4983221476510067 0.04949664429530201 0.06375838926174497 0.09563758389261745
1 0.4412751677852349 0.03691275167785235 0.06040268456375839 0.07046979865771812
1 0.35906040268456374 0.1568791946308725 0.07550335570469799 0.174496644295302
1 0.28942953020134227 0.18875838926174496 0.07885906040268456 0.1493288590604027
1 0.19966442953020133 0.2256711409395973 0.087248322147651 0.13087248322147652
1 0.16191275167785235 0.1174496644295302 0.11073825503355705 0.14093959731543623
1 0.0964765100671141 0.412751677852349 0.087248322147651 0.2332214765100671
1 0.14513422818791946 0.3313758389261745 0.0738255033557047 0.17281879194630873
1 0.10906040268456375 0.2273489932885906 0.07550335570469799 0.10067114093959731
1 0.03942953020134228 0.24664429530201343 0.07885906040268456 0.1912751677852349
1 0.16023489932885907 0.8523489932885906 0.21644295302013422 0.2953020134228188
1 0.08053691275167785 0.6778523489932886 0.1593959731543624 0.33221476510067116