1 0.009584664536741214 0.036741214057507986 0.019169329073482427 0.04153354632587859
1 0.1134185303514377 0.03035143769968051 0.038338658146964855 0.03514376996805112
1 0.12779552715654952 0.3634185303514377 0.21565495207667731 0.31150159744408945
1 0.17971246006389777 0.14936102236421725 0.10383386581469649 0.24600638977635783
1 0.19169329073482427 0.05750798722044728 0.14057507987220447 0.09904153354632587
1 0.2955271565495208 0.04153354632587859 0.052715654952076675 0.07028753993610223
1 0.28514376996805113 0.4776357827476038 0.10383386581469649 0.06869009584664537
1 0.29233226837060705 0.3306709265175719 0.08945686900958466 0.3562300319488818
1 0.3075079872204473 0.013578274760383386 0.025559105431309903 0.01597444089456869
1 0.05910543130990415 0.1389776357827476 0.1182108626198083 0.2523961661341853
1 0.28434504792332266 0.04153354632587859 0.07507987220447285 0.07188498402555911
1 0.20527156549520767 0.052715654952076675 0.08466453674121406 0.0878594249201278
1 0.273961661341853 0.020766773162939296 0.05591054313099041 0.027156549520766772
1 0.2220447284345048 0.01757188498402556 0.052715654952076675 0.01757188498402556
1 0.13578274760383385 0.04472843450479233 0.06230031948881789 0.06549520766773163
1 0.06789137380191693 0.039936102236421724 0.0670926517571885 0.051118210862619806
1 0.00878594249201278 0.037539936102236424 0.01757188498402556 0.04313099041533546
1 0.005591054313099041 0.039936102236421724 0.011182108626198083 0.04792332268370607
1 0.004792332268370607 0.052715654952076675 0.009584664536741214 0.07028753993610223
1 0.03514376996805112 0.38738019169329074 0.07028753993610223 0.26357827476038337
1 0.027955271565495207 0.22044728434504793 0.05591054313099041 0.30990415335463256
1 0.6437699680511182 0.2220447284345048 0.22523961661341854 0.22044728434504793
1 0.1964856230031949 0.8753993610223643 0.04313099041533546 0.10063897763578275
1 0.28833865814696485 0.7507987220447284 0.052715654952076675 0.1182108626198083
1 0.06869009584664537 0.8674121405750799 0.039936102236421724 0.09424920127795527
1 0.21485623003194887 0.8130990415335463 0.03194888178913738 0.08146964856230032
1 0.3314696485623003 0.7907348242811502 0.03354632587859425 0.06549520766773163
1 0.020766773162939296 0.8522364217252396 0.020766773162939296 0.07348242811501597
1 0.10782747603833866 0.7236421725239617 0.027156549520766772 0.07028753993610223
1 0.10782747603833866 0.9273162939297125 0.03514376996805112 0.07987220447284345
1 0.016773162939297124 0.6797124600638977 0.025559105431309903 0.07667731629392971
1 0.33226837060702874 0.6333865814696485 0.022364217252396165 0.08306709265175719
1 0.20447284345047922 0.5806709265175719 0.027156549520766772 0.07827476038338659
1 0.14297124600638977 0.5950479233226837 0.027156549520766772 0.07028753993610223
1 0.24361022364217252 0.7164536741214057 0.038338658146964855 0.08466453674121406
1 0.004792332268370607 0.5471246006389776 0.007987220447284345 0.052715654952076675
1 0.28993610223642174 0.6134185303514377 0.03194888178913738 0.08626198083067092
1 0.12140575079872204 0.5383386581469649 0.022364217252396165 0.04313099041533546
1 0.2515974440894569 0.8314696485623003 0.03035143769968051 0.08626198083067092
1 0.22364217252396165 0.9840255591054313 0.022364217252396165 0.03194888178913738
1 0.1134185303514377 0.9960063897763578 0.02875399361022364 0.007987220447284345
1 0.1573482428115016 0.8346645367412141 0.022364217252396165 0.06869009584664537
1 0.3426517571884984 0.8634185303514377 0.01757188498402556 0.08626198083067092
1 0.2771565495207668 0.670926517571885 0.025559105431309903 0.05910543130990415
1 0.06070287539936102 0.6781150159744409 0.03514376996805112 0.07507987220447285
1 0.3314696485623003 0.9776357827476039 0.03035143769968051 0.04472843450479233
1 0.3354632587859425 0.7348242811501597 0.022364217252396165 0.08146964856230032
1 0.0742811501597444 0.9976038338658147 0.023961661341853034 0.004792332268370607
1 0.3226837060702875 0.6829073482428115 0.020766773162939296 0.05750798722044728
1 0.04313099041533546 0.7284345047923323 0.03035143769968051 0.07028753993610223
1 0.05591054313099041 0.9528753993610224 0.03514376996805112 0.09424920127795527
1 0.28115015974440893 0.5439297124600639 0.03354632587859425 0.0670926517571885
1 0.09185303514376997 0.7939297124600639 0.025559105431309903 0.06230031948881789
1 0.11741214057507987 0.5694888178913738 0.020766773162939296 0.04313099041533546
1 0.23003194888178913 0.536741214057508 0.04792332268370607 0.04952076677316294
1 0.2707667731629393 0.9792332268370607 0.036741214057507986 0.04153354632587859
1 0.31309904153354634 0.5487220447284346 0.023961661341853034 0.051118210862619806
1 0.152555910543131 0.7236421725239617 0.03514376996805112 0.08626198083067092
1 0.17252396166134185 0.7987220447284346 0.027156549520766772 0.07028753993610223
1 0.2507987220447284 0.952076677316294 0.025559105431309903 0.05910543130990415
1 0.19488817891373802 0.981629392971246 0.025559105431309903 0.036741214057507986
1 0.1413738019169329 0.9688498402555911 0.025559105431309903 0.06230031948881789
1 0.2340255591054313 0.6477635782747604 0.039936102236421724 0.07188498402555911
1 0.08945686900958466 0.7044728434504792 0.022364217252396165 0.051118210862619806
1 0.1110223642172524 0.6230031948881789 0.023961661341853034 0.054313099041533544
1 0.13178913738019168 0.8210862619808307 0.025559105431309903 0.06230031948881789
1 0.1853035143769968 0.5351437699680511 0.025559105431309903 0.04313099041533546
1 0.24201277955271566 0.5742811501597445 0.025559105431309903 0.052715654952076675
1 0.3210862619808307 0.9369009584664537 0.025559105431309903 0.051118210862619806
1 0.18210862619808307 0.9528753993610224 0.027156549520766772 0.05910543130990415
1 0.1253993610223642 0.8706070287539937 0.023961661341853034 0.052715654952076675
1 0.3330670926517572 0.8993610223642172 0.027156549520766772 0.05910543130990415
1 0.12380191693290735 0.8035143769968051 0.03514376996805112 0.09105431309904154
1 0.24840255591054314 0.9033546325878594 0.039936102236421724 0.09105431309904154
1 0.2827476038338658 0.8594249201277955 0.03035143769968051 0.09904153354632587
1 0.14297124600638977 0.8857827476038339 0.03035143769968051 0.07348242811501597
1 0.3011182108626198 0.518370607028754 0.019169329073482427 0.01597444089456869
1 0.12779552715654952 0.6797124600638977 0.019169329073482427 0.04153354632587859
1 0.027955271565495207 0.786741214057508 0.03035143769968051 0.07827476038338659
1 0.9169329073482428 0.6230031948881789 0.0463258785942492 0.09584664536741214
1 0.4273162939297125 0.7460063897763578 0.17891373801916932 0.48562300319488816
1 0.5263578274760383 0.7044728434504792 0.17731629392971246 0.40894568690095845
1 0.6078274760383386 0.6853035143769968 0.12300319488817892 0.3753993610223642
1 0.7348242811501597 0.6964856230031949 0.134185303514377 0.4057507987220447
1 0.8162939297124601 0.6837060702875399 0.10543130990415335 0.3865814696485623
1 0.36741214057507987 0.7260383386581469 0.054313099041533544 0.268370607028754