1 0.544280442804428 0.1014760147601476 0.07380073800738007 0.2029520295202952
1 0.06826568265682657 0.06734317343173432 0.05166051660516605 0.09225092250922509
1 0.44280442804428044 0.0940959409594096 0.07380073800738007 0.1863468634686347
1 0.2564575645756458 0.522140221402214 0.04981549815498155 0.06457564575645756
1 0.17250922509225092 0.07103321033210332 0.06826568265682657 0.11254612546125461
1 0.3634686346863469 0.4732472324723247 0.05904059040590406 0.15129151291512916
1 0.28505535055350556 0.07195571955719557 0.08302583025830258 0.12546125461254612
1 0.31365313653136534 0.19280442804428044 0.09778597785977859 0.32287822878228783
1 0.008302583025830259 0.26752767527675275 0.016605166051660517 0.18450184501845018
1 0.11623616236162361 0.4797047970479705 0.07195571955719557 0.16605166051660517
1 0.22416974169741696 0.2333948339483395 0.08487084870848709 0.3191881918819188
1 0.5202952029520295 0.05166051660516605 0.0959409594095941 0.1033210332103321
1 0.03044280442804428 0.10055350553505535 0.06088560885608856 0.15682656826568267
1 0.4317343173431734 0.06549815498154982 0.06088560885608856 0.12730627306273062
1 0.3238007380073801 0.061808118081180814 0.1014760147601476 0.11254612546125461
1 0.5793357933579336 0.44649446494464945 0.07380073800738007 0.18265682656826568
1 0.4059040590405904 0.470479704797048 0.055350553505535055 0.15129151291512916
1 0.48616236162361626 0.3856088560885609 0.12361623616236163 0.2730627306273063
1 0.6070110701107011 0.283210332103321 0.04428044280442804 0.14760147601476015
1 0.7011070110701108 0.235239852398524 0.18081180811808117 0.470479704797048
1 0.9677121771217713 0.23800738007380073 0.05166051660516605 0.25092250922509224
1 0.7435424354243543 0.25830258302583026 0.1014760147601476 0.18265682656826568
1 0.8182656826568265 0.22601476014760147 0.08118081180811808 0.1752767527675277
1 0.9040590405904059 0.19280442804428044 0.10516605166051661 0.19557195571955718
1 0.33210332103321033 0.7666051660516605 0.6605166051660517 0.466789667896679
1 0.8653136531365314 0.8514760147601476 0.2693726937269373 0.27121771217712176