1 0.5712025316455697 0.030985915492957747 0.06223628691983123 0.059154929577464786
1 0.6255274261603375 0.048591549295774646 0.03691983122362869 0.08732394366197183
1 0.7130801687763713 0.13309859154929576 0.043248945147679324 0.13661971830985917
1 0.6429324894514767 0.14859154929577464 0.0379746835443038 0.09718309859154929
1 0.7172995780590717 0.03169014084507042 0.04008438818565401 0.04507042253521127
1 0.5838607594936709 0.17816901408450705 0.04535864978902954 0.11126760563380282
1 0.5717299578059072 0.10633802816901408 0.05379746835443038 0.1056338028169014
1 0.8623417721518988 0.8809859154929578 0.12025316455696203 0.1267605633802817
1 0.6787974683544303 0.7577464788732394 0.12025316455696203 0.20985915492957746
1 0.7784810126582279 0.6169014084507042 0.12236286919831224 0.14929577464788732
1 0.7705696202531646 0.1415492957746479 0.07278481012658228 0.09014084507042254
1 0.7916666666666666 0.05211267605633803 0.08438818565400844 0.08169014084507042
1 0.41824894514767935 0.45422535211267606 0.052742616033755275 0.09295774647887324
1 0.6714135021097046 0.3288732394366197 0.09915611814345991 0.11126760563380282
1 0.6534810126582279 0.4802816901408451 0.06329113924050633 0.1028169014084507
1 0.5305907172995781 0.46056338028169014 0.05590717299578059 0.08028169014084507
1 0.4224683544303797 0.2971830985915493 0.049578059071729956 0.08028169014084507
1 0.4920886075949367 0.55 0.08333333333333333 0.09295774647887324
1 0.8074894514767933 0.42464788732394365 0.0770042194092827 0.11690140845070422
1 0.8248945147679325 0.5084507042253521 0.07805907172995781 0.08873239436619719
1 0.729957805907173 0.38380281690140844 0.052742616033755275 0.06901408450704226
1 0.4883966244725738 0.0528169014084507 0.08649789029535865 0.1056338028169014