1 0.2737341772151899 0.7151898734177216 0.08860759493670886 0.2848101265822785
1 0.7958860759493671 0.3275316455696203 0.06645569620253164 0.189873417721519
1 0.3837025316455696 0.26424050632911394 0.05063291139240506 0.16139240506329114
1 0.2879746835443038 0.5087025316455697 0.05063291139240506 0.15981012658227847
1 0.7080696202531646 0.3251582278481013 0.06645569620253164 0.16930379746835442
1 0.16455696202531644 0.252373417721519 0.07120253164556962 0.1360759493670886
1 0.5569620253164557 0.7294303797468354 0.04746835443037975 0.11550632911392406
1 0.4723101265822785 0.25316455696202533 0.06645569620253164 0.1930379746835443
1 0.1305379746835443 0.8496835443037974 0.04588607594936709 0.15348101265822786
1 0.6479430379746836 0.6748417721518988 0.055379746835443035 0.16772151898734178
1 0.5656645569620253 0.20332278481012658 0.08069620253164557 0.21677215189873417
1 0.6700949367088608 0.8765822784810127 0.058544303797468354 0.22784810126582278
1 0.5988924050632911 0.4161392405063291 0.08702531645569621 0.27848101265822783
1 0.07436708860759493 0.7832278481012658 0.09177215189873418 0.3069620253164557
1 0.46044303797468356 0.9003164556962026 0.08544303797468354 0.19936708860759494
1 0.3227848101265823 0.4865506329113924 0.05063291139240506 0.15822784810126583
1 0.15268987341772153 0.9596518987341772 0.055379746835443035 0.08069620253164557
1 0.435126582278481 0.6859177215189873 0.06645569620253164 0.185126582278481
1 0.5229430379746836 0.4525316455696203 0.07753164556962025 0.2737341772151899
1 0.5221518987341772 0.8789556962025317 0.06645569620253164 0.21360759493670886
1 0.307753164556962 0.26819620253164556 0.04746835443037975 0.15031645569620253
1 0.11392405063291139 0.7064873417721519 0.05063291139240506 0.14240506329113925
1 0.7816455696202531 0.7674050632911392 0.03481012658227848 0.10126582278481013
1 0.9454113924050633 0.1518987341772152 0.08386075949367089 0.3037974683544304
1 0.7587025316455697 0.07990506329113924 0.09018987341772151 0.15981012658227847
1 0.2468354430379747 0.5197784810126582 0.04588607594936709 0.12183544303797468
1 0.9018987341772152 0.6329113924050633 0.055379746835443035 0.17721518987341772
1 0.36550632911392406 0.8022151898734177 0.10917721518987342 0.17246835443037975
1 0.3813291139240506 0.9311708860759493 0.0949367088607595 0.13765822784810128
1 0.19224683544303797 0.5775316455696202 0.09968354430379747 0.37341772151898733
1 0.029272151898734177 0.49920886075949367 0.058544303797468354 0.21677215189873417
1 0.037183544303797465 0.375 0.07436708860759493 0.22468354430379747
1 0.02610759493670886 0.17167721518987342 0.05221518987341772 0.17246835443037975
1 0.05458860759493671 0.13291139240506328 0.0949367088607595 0.21044303797468356
1 0.2626582278481013 0.20569620253164558 0.07753164556962025 0.23734177215189872
1 0.3362341772151899 0.15901898734177214 0.07753164556962025 0.2689873417721519
1 0.6859177215189873 0.127373417721519 0.061708860759493674 0.2231012658227848
1 0.5901898734177216 0.09018987341772151 0.0949367088607595 0.18037974683544303
1 0.7666139240506329 0.8971518987341772 0.0949367088607595 0.17563291139240506
1 0.8425632911392406 0.867879746835443 0.08386075949367089 0.2231012658227848
1 0.9058544303797469 0.8457278481012658 0.0759493670886076 0.2563291139240506
1 0.8322784810126582 0.6447784810126582 0.06962025316455696 0.185126582278481
1 0.6123417721518988 0.935126582278481 0.08544303797468354 0.12025316455696203
1 0.9588607594936709 0.6740506329113924 0.08227848101265822 0.36075949367088606
1 0.6867088607594937 0.7143987341772152 0.056962025316455694 0.25316455696202533
1 0.75 0.5783227848101266 0.10917721518987342 0.23575949367088608
1 0.8607594936708861 0.4889240506329114 0.058544303797468354 0.1281645569620253
1 0.9454113924050633 0.3916139240506329 0.10917721518987342 0.20094936708860758