1 0.11363636363636363 0.48133116883116883 0.22727272727272727 0.45616883116883117
1 0.8701298701298701 0.25 0.2597402597402597 0.5
1 0.7930194805194806 0.5 0.056818181818181816 0.09740259740259741
1 0.3051948051948052 0.7256493506493507 0.04383116883116883 0.05519480519480519
1 0.015422077922077922 0.7548701298701299 0.016233766233766232 0.09253246753246754
1 0.3806818181818182 0.7102272727272727 0.017857142857142856 0.02922077922077922
1 0.1241883116883117 0.7175324675324676 0.021103896103896104 0.025974025974025976
1 0.125 0.7118506493506493 0.011363636363636364 0.01461038961038961
1 0.2021103896103896 0.7224025974025974 0.017857142857142856 0.040584415584415584
1 0.7337662337662337 0.6988636363636364 0.016233766233766232 0.030844155844155844
1 0.702922077922078 0.700487012987013 0.01948051948051948 0.032467532467532464
1 0.4090909090909091 0.711038961038961 0.016233766233766232 0.032467532467532464
1 0.4805194805194805 0.7021103896103896 0.01461038961038961 0.01948051948051948
1 0.48295454545454547 0.7021103896103896 0.012987012987012988 0.01948051948051948
1 0.4277597402597403 0.711038961038961 0.01461038961038961 0.03409090909090909
1 0.48457792207792205 0.7086038961038961 0.021103896103896104 0.032467532467532464
1 0.4935064935064935 0.7012987012987013 0.011363636363636364 0.01948051948051948
1 0.4318181818181818 0.7045454545454546 0.011363636363636364 0.021103896103896104
1 0.40665584415584416 0.702922077922078 0.00974025974025974 0.016233766233766232
1 0.4107142857142857 0.702922077922078 0.008116883116883116 0.016233766233766232
1 0.4277597402597403 0.7150974025974026 0.021103896103896104 0.04220779220779221
1 0.4448051948051948 0.702922077922078 0.01461038961038961 0.017857142857142856
1 0.702922077922078 0.8043831168831169 0.012987012987012988 0.05032467532467533
1 0.6176948051948052 0.7118506493506493 0.017857142857142856 0.048701298701298704
1 0.6436688311688312 0.702922077922078 0.017857142857142856 0.032467532467532464
1 0.8823051948051948 0.8319805194805194 0.2353896103896104 0.31655844155844154