1 0.27016985138004246 0.7277070063694268 0.08280254777070063 0.29936305732484075
1 0.8306794055201698 0.3160828025477707 0.06263269639065817 0.19904458598726116
1 0.4007430997876858 0.25238853503184716 0.04777070063694268 0.17038216560509553
1 0.2924628450106157 0.5103503184713376 0.04670912951167728 0.16719745222929935
1 0.7393842887473461 0.31369426751592355 0.06369426751592357 0.17834394904458598
1 0.17250530785562632 0.24203821656050956 0.07006369426751592 0.14171974522292993
1 0.5663481953290871 0.7396496815286624 0.045647558386411886 0.12101910828025478
1 0.49416135881104034 0.24044585987261147 0.06263269639065817 0.20382165605095542
1 0.11464968152866242 0.8694267515923567 0.041401273885350316 0.1624203821656051
1 0.6629511677282378 0.6815286624203821 0.05201698513800425 0.1767515923566879
1 0.5939490445859873 0.18710191082802546 0.07749469214437367 0.22770700636942676
1 0.6778131634819533 0.8813694267515924 0.050955414012738856 0.21337579617834396
1 0.6204883227176221 0.410828025477707 0.08174097664543524 0.2929936305732484
1 0.058386411889596604 0.8009554140127388 0.08492569002123142 0.321656050955414
1 0.4570063694267516 0.9076433121019108 0.07961783439490445 0.18471337579617833
1 0.32961783439490444 0.4864649681528662 0.04670912951167728 0.16719745222929935
1 0.1337579617834395 0.9713375796178344 0.05307855626326964 0.05732484076433121
1 0.4400212314225053 0.695859872611465 0.06263269639065817 0.1942675159235669
1 0.5398089171974523 0.44904458598726116 0.07112526539278131 0.28821656050955413
1 0.5233545647558386 0.892515923566879 0.06050955414012739 0.21496815286624205
1 0.3221868365180467 0.25796178343949044 0.04246284501061571 0.1592356687898089
1 0.1029723991507431 0.7197452229299363 0.04883227176220807 0.1480891719745223
1 0.7993630573248408 0.7778662420382165 0.03397027600849257 0.10668789808917198
1 0.9750530785562632 0.14410828025477707 0.037154989384288746 0.28821656050955413
1 0.8014861995753716 0.07006369426751592 0.0870488322717622 0.14012738853503184
1 0.2484076433121019 0.5230891719745223 0.0435244161358811 0.12898089171974522
1 0.9304670912951167 0.6353503184713376 0.049893842887473464 0.18471337579617833
1 0.3630573248407643 0.8184713375796179 0.10934182590233546 0.18312101910828024
1 0.37314225053078554 0.9402866242038217 0.09235668789808917 0.11942675159235669
1 0.18949044585987262 0.5843949044585988 0.09129511677282377 0.39171974522292996
1 0.024416135881104035 0.5015923566878981 0.04883227176220807 0.22611464968152867
1 0.034501061571125265 0.37261146496815284 0.06900212314225053 0.2356687898089172
1 0.027070063694267517 0.1592356687898089 0.054140127388535034 0.18152866242038215
1 0.06210191082802548 0.12977707006369427 0.09129511677282377 0.19745222929936307
1 0.2765392781316348 0.1926751592356688 0.0732484076433121 0.25
1 0.35509554140127386 0.1464968152866242 0.07006369426751592 0.2754777070063694
1 0.7223991507430998 0.11146496815286625 0.05626326963906582 0.2229299363057325
1 0.6242038216560509 0.08121019108280254 0.09129511677282377 0.1624203821656051
1 0.7791932059447984 0.9012738853503185 0.09341825902335456 0.160828025477707
1 0.8588110403397028 0.8694267515923567 0.07855626326963906 0.21019108280254778
1 0.9262208067940552 0.8471337579617835 0.06900212314225053 0.24522292993630573
1 0.8572186836518046 0.6488853503184714 0.06581740976645435 0.19585987261146498
1 0.6141188959660298 0.9426751592356688 0.08386411889596602 0.1035031847133758
1 0.9766454352441614 0.6799363057324841 0.04670912951167728 0.37579617834394907
1 0.7022292993630573 0.7237261146496815 0.050955414012738856 0.267515923566879
1 0.772823779193206 0.5796178343949044 0.10509554140127389 0.24681528662420382
1 0.8927813163481954 0.48487261146496813 0.05626326963906582 0.1337579617834395
1 0.964968152866242 0.38296178343949044 0.07006369426751592 0.2085987261146497