1 0.5828252032520326 0.04823369565217391 0.06300813008130081 0.08831521739130435
1 0.6341463414634146 0.08084239130434782 0.037601626016260166 0.08695652173913043
1 0.7159552845528455 0.1671195652173913 0.04573170731707317 0.1331521739130435
1 0.6478658536585366 0.17866847826086957 0.03861788617886179 0.09510869565217392
1 0.7235772357723578 0.05502717391304348 0.041666666666666664 0.07336956521739131
1 0.5904471544715447 0.20448369565217392 0.046747967479674794 0.10869565217391304
1 0.5802845528455285 0.13451086956521738 0.05386178861788618 0.10326086956521739
1 0.8409552845528455 0.8940217391304348 0.11890243902439024 0.12771739130434784
1 0.6666666666666666 0.7676630434782609 0.1209349593495935 0.2078804347826087
1 0.766260162601626 0.6365489130434783 0.12195121951219512 0.14945652173913043
1 0.7708333333333334 0.17798913043478262 0.07215447154471545 0.08967391304347826
1 0.7942073170731707 0.078125 0.08434959349593496 0.11005434782608696
1 0.42378048780487804 0.4626358695652174 0.052845528455284556 0.09103260869565218
1 0.6707317073170732 0.3539402173913043 0.0975609756097561 0.11141304347826086
1 0.6498983739837398 0.4986413043478261 0.06300813008130081 0.10190217391304347
1 0.5320121951219512 0.4748641304347826 0.05589430894308943 0.08016304347826086
1 0.43191056910569103 0.311820652173913 0.049796747967479675 0.07880434782608696
1 0.4923780487804878 0.5584239130434783 0.08231707317073171 0.09375
1 0.7997967479674797 0.4517663043478261 0.07621951219512195 0.11548913043478261
1 0.8140243902439024 0.5339673913043478 0.07723577235772358 0.08967391304347826
1 0.7261178861788617 0.40964673913043476 0.051829268292682924 0.06793478260869565
1 0.5035569105691057 0.06657608695652174 0.08739837398373984 0.13179347826086957