1 0.03306451612903226 0.016935483870967744 0.043548387096774194 0.03387096774193549
1 0.15080645161290324 0.013709677419354839 0.037096774193548385 0.027419354838709678
1 0.1532258064516129 0.34758064516129034 0.2064516129032258 0.30806451612903224
1 0.21370967741935484 0.13306451612903225 0.0967741935483871 0.24516129032258063
1 0.22903225806451613 0.04435483870967742 0.13870967741935483 0.08870967741935484
1 0.3338709677419355 0.031451612903225803 0.05161290322580645 0.06290322580645161
1 0.30806451612903224 0.4685483870967742 0.1032258064516129 0.06612903225806452
1 0.3209677419354839 0.32016129032258067 0.07741935483870968 0.3564516129032258
1 0.3467741935483871 0.004032258064516129 0.025806451612903226 0.008064516129032258
1 0.07419354838709677 0.1217741935483871 0.14838709677419354 0.2435483870967742
1 0.3225806451612903 0.031451612903225803 0.07419354838709677 0.06290322580645161
1 0.24274193548387096 0.03951612903225806 0.08225806451612903 0.07903225806451612
1 0.31290322580645163 0.00967741935483871 0.054838709677419356 0.01935483870967742
1 0.26048387096774195 0.004838709677419355 0.0532258064516129 0.00967741935483871
1 0.17258064516129032 0.02903225806451613 0.06129032258064516 0.05806451612903226
1 0.10403225806451613 0.021774193548387097 0.06612903225806452 0.043548387096774194
1 0.02661290322580645 0.017741935483870968 0.0532258064516129 0.035483870967741936
1 0.02338709677419355 0.020161290322580645 0.0467741935483871 0.04032258064516129
1 0.016129032258064516 0.042741935483870966 0.03225806451612903 0.08548387096774193
1 0.013709677419354839 0.028225806451612902 0.027419354838709678 0.056451612903225805
1 0.01532258064516129 0.010483870967741936 0.03064516129032258 0.020967741935483872
1 0.021774193548387097 0.03225806451612903 0.043548387096774194 0.06451612903225806
1 0.04516129032258064 0.36935483870967745 0.09032258064516129 0.2645161290322581
1 0.04032258064516129 0.19919354838709677 0.08064516129032258 0.31129032258064515
1 0.6790322580645162 0.22258064516129034 0.21935483870967742 0.21451612903225806
1 0.00967741935483871 0.5282258064516129 0.01935483870967742 0.0532258064516129
1 0.20483870967741935 0.8661290322580645 0.04032258064516129 0.1
1 0.3016129032258065 0.7443548387096774 0.04838709677419355 0.11774193548387096
1 0.008870967741935484 0.9387096774193548 0.017741935483870968 0.1
1 0.07580645161290323 0.8540322580645161 0.037096774193548385 0.0935483870967742
1 0.010483870967741936 0.8338709677419355 0.020967741935483872 0.11935483870967742
1 0.008870967741935484 0.9137096774193548 0.017741935483870968 0.09838709677419355
1 0.01129032258064516 0.6258064516129033 0.02258064516129032 0.14193548387096774
1 0.0064516129032258064 0.7387096774193549 0.012903225806451613 0.1032258064516129
1 0.22580645161290322 0.8040322580645162 0.02903225806451613 0.08064516129032258
1 0.3435483870967742 0.785483870967742 0.03225806451612903 0.06451612903225806
1 0.02258064516129032 0.8379032258064516 0.03064516129032258 0.07419354838709677
1 0.12096774193548387 0.7104838709677419 0.025806451612903226 0.06935483870967742
1 0.00564516129032258 0.917741935483871 0.01129032258064516 0.08064516129032258
1 0.008870967741935484 0.6483870967741936 0.017741935483870968 0.11290322580645161
1 0.01129032258064516 0.6330645161290323 0.02258064516129032 0.12419354838709677
1 0.11370967741935484 0.9161290322580645 0.03225806451612903 0.07903225806451612
1 0.025806451612903226 0.6629032258064517 0.03387096774193549 0.07741935483870968
1 0.35 0.6274193548387097 0.01935483870967742 0.08387096774193549
1 0.22338709677419355 0.5693548387096774 0.024193548387096774 0.07903225806451612
1 0.16048387096774194 0.5814516129032258 0.024193548387096774 0.07096774193548387
1 0.25806451612903225 0.7080645161290322 0.035483870967741936 0.08387096774193549
1 0.012903225806451613 0.5282258064516129 0.025806451612903226 0.0532258064516129
1 0.010483870967741936 0.7314516129032258 0.020967741935483872 0.1435483870967742
1 0.0064516129032258064 0.660483870967742 0.012903225806451613 0.08870967741935484
1 0.008870967741935484 0.7870967741935484 0.017741935483870968 0.1
1 0.30806451612903224 0.6056451612903225 0.02903225806451613 0.08548387096774193
1 0.14112903225806453 0.5233870967741936 0.020967741935483872 0.043548387096774194
1 0.2620967741935484 0.8241935483870968 0.027419354838709678 0.08548387096774193
1 0.01129032258064516 0.542741935483871 0.02258064516129032 0.08225806451612903
1 0.22822580645161292 0.9806451612903225 0.020967741935483872 0.03870967741935484
1 0.11612903225806452 0.9911290322580645 0.02903225806451613 0.017741935483870968
1 0.004838709677419355 0.7185483870967742 0.00967741935483871 0.06612903225806452
1 0.16693548387096774 0.8241935483870968 0.020967741935483872 0.06935483870967742
1 0.00564516129032258 0.5596774193548387 0.01129032258064516 0.06451612903225806
1 0.0064516129032258064 0.9846774193548387 0.012903225806451613 0.03064516129032258
1 0.3524193548387097 0.8596774193548387 0.014516129032258065 0.08709677419354839
1 0.004838709677419355 0.8741935483870967 0.00967741935483871 0.06774193548387097
1 0.00564516129032258 0.8282258064516129 0.01129032258064516 0.09516129032258064
1 0.004838709677419355 0.5161290322580645 0.00967741935483871 0.02903225806451613
1 0.29354838709677417 0.6629032258064517 0.024193548387096774 0.05806451612903226
1 0.075 0.6629032258064517 0.03225806451612903 0.07419354838709677
1 0.0064516129032258064 0.6153225806451613 0.012903225806451613 0.06612903225806452
1 0.008870967741935484 0.9379032258064516 0.017741935483870968 0.08548387096774193
1 0.004838709677419355 0.8233870967741935 0.00967741935483871 0.05967741935483871
1 0.008870967741935484 0.7661290322580645 0.017741935483870968 0.0935483870967742
1 0.008064516129032258 0.7379032258064516 0.016129032258064516 0.08548387096774193
1 0.3370967741935484 0.9766129032258064 0.02903225806451613 0.0467741935483871
1 0.004838709677419355 0.7629032258064516 0.00967741935483871 0.06451612903225806
1 0.35 0.7298387096774194 0.01935483870967742 0.08225806451612903
1 0.07661290322580645 0.9919354838709677 0.024193548387096774 0.016129032258064516
1 0.3387096774193548 0.6766129032258065 0.01935483870967742 0.05806451612903226
1 0.054838709677419356 0.7129032258064516 0.02903225806451613 0.06935483870967742
1 0.010483870967741936 0.7975806451612903 0.020967741935483872 0.10483870967741936
1 0.05967741935483871 0.942741935483871 0.03225806451612903 0.09838709677419355
1 0.3016129032258065 0.5346774193548387 0.03225806451612903 0.06612903225806452
1 0.10161290322580645 0.7806451612903226 0.024193548387096774 0.06129032258064516
1 0.13548387096774195 0.5548387096774193 0.01935483870967742 0.043548387096774194
1 0.2508064516129032 0.5258064516129032 0.0467741935483871 0.04838709677419355
1 0.27580645161290324 0.9774193548387097 0.035483870967741936 0.04516129032258064
1 0.007258064516129033 0.6064516129032258 0.014516129032258065 0.06774193548387097
1 0.004838709677419355 0.725 0.00967741935483871 0.06612903225806452
1 0.3338709677419355 0.5411290322580645 0.02258064516129032 0.05161290322580645
1 0.16532258064516128 0.7120967741935483 0.03225806451612903 0.08548387096774193
1 0.004838709677419355 0.9217741935483871 0.00967741935483871 0.06612903225806452
1 0.00564516129032258 0.8201612903225807 0.01129032258064516 0.10161290322580645
1 0.18306451612903227 0.7879032258064517 0.025806451612903226 0.06935483870967742
1 0.2564516129032258 0.9459677419354838 0.024193548387096774 0.05806451612903226
1 0.19919354838709677 0.978225806451613 0.024193548387096774 0.043548387096774194
1 0.14596774193548387 0.9588709677419355 0.024193548387096774 0.06290322580645161
1 0.2508064516129032 0.6379032258064516 0.037096774193548385 0.07096774193548387
1 0.004838709677419355 0.5451612903225806 0.00967741935483871 0.08064516129032258
1 0.008870967741935484 0.964516129032258 0.017741935483870968 0.07096774193548387
1 0.10241935483870968 0.6903225806451613 0.020967741935483872 0.05161290322580645
1 0.12741935483870967 0.6088709677419355 0.02258064516129032 0.054838709677419356
1 0.14112903225806453 0.8096774193548387 0.024193548387096774 0.06129032258064516
1 0.2056451612903226 0.5225806451612903 0.024193548387096774 0.041935483870967745
1 0.00564516129032258 0.8685483870967742 0.01129032258064516 0.07258064516129033
1 0.26129032258064516 0.5645161290322581 0.024193548387096774 0.05161290322580645
1 0.3282258064516129 0.9330645161290323 0.024193548387096774 0.05
1 0.010483870967741936 0.6040322580645161 0.020967741935483872 0.1532258064516129
1 0.0064516129032258064 0.9153225806451613 0.012903225806451613 0.08548387096774193
1 0.1870967741935484 0.9443548387096774 0.025806451612903226 0.05806451612903226
1 0.13306451612903225 0.8588709677419355 0.02258064516129032 0.0532258064516129
1 0.3419354838709677 0.8951612903225806 0.025806451612903226 0.05806451612903226
1 0.1338709677419355 0.7911290322580645 0.03225806451612903 0.09032258064516129
1 0.2564516129032258 0.896774193548387 0.037096774193548385 0.09032258064516129
1 0.004838709677419355 0.5548387096774193 0.00967741935483871 0.06774193548387097
1 0.29193548387096774 0.853225806451613 0.027419354838709678 0.09838709677419355
1 0.15 0.875 0.027419354838709678 0.07258064516129033
1 0.012096774193548387 0.5362903225806451 0.024193548387096774 0.06935483870967742
1 0.3225806451612903 0.5096774193548387 0.01935483870967742 0.016129032258064516
1 0.00564516129032258 0.7104838709677419 0.01129032258064516 0.07903225806451612
1 0.004032258064516129 0.7677419354838709 0.008064516129032258 0.06451612903225806
1 0.0064516129032258064 0.6419354838709678 0.012903225806451613 0.07741935483870968
1 0.14193548387096774 0.6669354838709678 0.017741935483870968 0.041935483870967745
1 0.008064516129032258 0.9483870967741935 0.016129032258064516 0.1032258064516129
1 0.008064516129032258 0.8008064516129032 0.016129032258064516 0.09516129032258064
1 0.03790322580645161 0.7709677419354839 0.027419354838709678 0.07741935483870968
1 0.9403225806451613 0.6370967741935484 0.043548387096774194 0.09516129032258064
1 0.44193548387096776 0.7443548387096774 0.16451612903225807 0.4854838709677419
1 0.5435483870967742 0.7056451612903226 0.16451612903225807 0.4080645161290323
1 0.6266129032258064 0.6895161290322581 0.11129032258064517 0.3758064516129032
1 0.7540322580645161 0.7048387096774194 0.12096774193548387 0.4064516129032258
1 0.8370967741935483 0.6951612903225807 0.0935483870967742 0.3870967741935484
1 0.38225806451612904 0.7217741935483871 0.04516129032258064 0.2693548387096774