1 0.009966777408637873 0.3579734219269103 0.019933554817275746 0.27740863787375414
1 0.0033222591362126247 0.3438538205980066 0.006644518272425249 0.292358803986711
1 0.3654485049833887 0.24086378737541528 0.07142857142857142 0.2757475083056478
1 0.01079734219269103 0.3122923588039867 0.02159468438538206 0.3554817275747508
1 0.23338870431893688 0.2616279069767442 0.0664451827242525 0.30398671096345514
1 0.030730897009966777 0.3862126245847176 0.054817275747508304 0.1611295681063123
1 0.40448504983388706 0.22259136212624583 0.03156146179401993 0.2757475083056478
1 0.15946843853820597 0.2815614617940199 0.11794019933554817 0.38704318936877075
1 0.09634551495016612 0.31478405315614616 0.08471760797342193 0.2691029900332226
1 0.008305647840531562 0.3787375415282392 0.016611295681063124 0.2292358803986711
1 0.011627906976744186 0.27906976744186046 0.023255813953488372 0.17275747508305647
1 0.303156146179402 0.2782392026578073 0.08139534883720931 0.27408637873754155
1 0.39867109634551495 0.046511627906976744 0.024916943521594685 0.08637873754152824
1 0.3704318936877076 0.029900332225913623 0.02159468438538206 0.05149501661129568
1 0.3496677740863787 0.02159468438538206 0.019933554817275746 0.03322259136212625
1 0.03156146179401993 0.22674418604651161 0.046511627906976744 0.1611295681063123
1 0.4543189368770764 0.09966777408637874 0.09302325581395349 0.19933554817275748
1 0.5431893687707641 0.09634551495016612 0.07973421926910298 0.18106312292358803
1 0.6162790697674418 0.08637873754152824 0.07641196013289037 0.1478405315614618
1 0.7142857142857143 0.04318936877076412 0.08637873754152824 0.08637873754152824
1 0.8795681063122923 0.13704318936877077 0.22425249169435216 0.27408637873754155
1 0.9692691029900332 0.3380398671096346 0.05813953488372093 0.1760797342192691
1 0.9916943521594684 0.4011627906976744 0.013289036544850499 0.09966777408637874
1 0.9825581395348837 0.4925249169435216 0.03488372093023256 0.15448504983388706
1 0.8845514950166113 0.32142857142857145 0.054817275747508304 0.14285714285714285
1 0.8812292358803987 0.40946843853820597 0.029900332225913623 0.06478405315614617
1 0.9186046511627907 0.3903654485049834 0.061461794019933555 0.1511627906976744
1 0.8122923588039868 0.18023255813953487 0.054817275747508304 0.08970099667774087
1 0.8006644518272426 0.24750830564784054 0.07475083056478406 0.12458471760797342
1 0.7865448504983389 0.3239202657807309 0.0681063122923588 0.08803986710963455
1 0.7965116279069767 0.37790697674418605 0.03156146179401993 0.06312292358803986
1 0.8305647840531561 0.3745847176079734 0.053156146179401995 0.11295681063122924
1 0.9119601328903655 0.53156146179402 0.046511627906976744 0.10631229235880399
1 0.9493355481727574 0.49667774086378735 0.04152823920265781 0.10132890365448505
1 0.978405315614618 0.5705980066445183 0.04318936877076412 0.08139534883720931
1 0.9543189368770764 0.5963455149501661 0.04318936877076412 0.0664451827242525
1 0.7483388704318937 0.4003322259136213 0.04817275747508306 0.09136212624584718
1 0.7250830564784053 0.22009966777408638 0.04983388704318937 0.13122923588039867
1 0.7209302325581395 0.31727574750830567 0.04983388704318937 0.08637873754152824
1 0.6569767441860465 0.19269102990033224 0.07807308970099668 0.1362126245847176
1 0.6021594684385382 0.20016611295681064 0.03820598006644518 0.08970099667774087
1 0.6694352159468439 0.2815614617940199 0.053156146179401995 0.11295681063122924
1 0.6254152823920266 0.28820598006644516 0.053156146179401995 0.09302325581395349
1 0.6511627906976745 0.36710963455149503 0.04152823920265781 0.09136212624584718
1 0.6935215946843853 0.42940199335548174 0.046511627906976744 0.12292358803986711
1 0.6312292358803987 0.4426910299003322 0.06478405315614617 0.10299003322259136
1 0.5722591362126246 0.3504983388704319 0.08471760797342193 0.2159468438538206
1 0.5191029900332226 0.33554817275747506 0.03820598006644518 0.09634551495016612
1 0.5149501661129569 0.23255813953488372 0.10631229235880399 0.12790697674418605
1 0.473421926910299 0.2840531561461794 0.046511627906976744 0.07475083056478406
1 0.4925249169435216 0.37790697674418605 0.04152823920265781 0.09966777408637874
1 0.4958471760797342 0.4601328903654485 0.061461794019933555 0.09800664451827243
1 0.44019933554817275 0.5415282392026578 0.03156146179401993 0.12292358803986711
1 0.6495016611295681 0.5448504983388704 0.059800664451827246 0.11295681063122924
1 0.6835548172757475 0.49750830564784054 0.03156146179401993 0.059800664451827246
1 0.729235880398671 0.4958471760797342 0.059800664451827246 0.1079734219269103
1 0.7790697674418605 0.48255813953488375 0.05647840531561462 0.10299003322259136
1 0.7931893687707641 0.4335548172757475 0.03488372093023256 0.0681063122923588
1 0.8446843853820598 0.4676079734219269 0.05149501661129568 0.12790697674418605
1 0.7375415282392026 0.5772425249169435 0.053156146179401995 0.10132890365448505
1 0.7093023255813954 0.6254152823920266 0.03820598006644518 0.024916943521594685
1 0.6029900332225914 0.5780730897009967 0.046511627906976744 0.12790697674418605
1 0.5539867109634552 0.5157807308970099 0.046511627906976744 0.08637873754152824
1 0.595514950166113 0.510797342192691 0.02823920265780731 0.05647840531561462
1 0.5921926910299004 0.4676079734219269 0.02823920265780731 0.04318936877076412
1 0.9119601328903655 0.6029900332225914 0.046511627906976744 0.05647840531561462
1 0.3803986710963455 0.6727574750830565 0.046511627906976744 0.04983388704318937
1 0.07641196013289037 0.8280730897009967 0.14285714285714285 0.3438538205980066
1 0.04318936877076412 0.8230897009966778 0.07641196013289037 0.3272425249169435
1 0.06395348837209303 0.7599667774086378 0.11627906976744186 0.2026578073089701
1 0.19352159468438537 0.7807308970099668 0.132890365448505 0.2558139534883721
1 0.2782392026578073 0.7774086378737541 0.10465116279069768 0.25249169435215946
1 0.020764119601328904 0.7300664451827242 0.03156146179401993 0.13953488372093023
1 0.9144518272425249 0.840531561461794 0.17109634551495018 0.2956810631229236