1 0.6064981949458483 0.017148014440433214 0.0740072202166065 0.02888086642599278
1 0.37184115523465705 0.21028880866425992 0.08303249097472924 0.148014440433213
1 0.2184115523465704 0.09657039711191336 0.1444043321299639 0.1444043321299639
1 0.30054151624548736 0.20216606498194944 0.06859205776173286 0.09566787003610108
1 0.4259927797833935 0.046028880866425995 0.09747292418772563 0.09205776173285199
1 0.5207581227436823 0.06678700361010831 0.0776173285198556 0.13357400722021662
1 0.6398916967509025 0.07129963898916968 0.09747292418772563 0.13537906137184116
1 0.7066787003610109 0.06768953068592058 0.09205776173285199 0.11913357400722022
1 0.6362815884476535 0.555956678700361 0.08303249097472924 0.13357400722021662
1 0.7003610108303249 0.4963898916967509 0.061371841155234655 0.12274368231046931
1 0.6471119133574007 0.427797833935018 0.07220216606498195 0.11552346570397112
1 0.6796028880866426 0.3194945848375451 0.07942238267148015 0.12093862815884476
1 0.6895306859205776 0.18682310469314078 0.11371841155234658 0.12093862815884476
1 0.7166064981949458 0.10288808664259928 0.0703971119133574 0.148014440433213
1 0.6092057761732852 0.2770758122743682 0.07581227436823104 0.16425992779783394
1 0.5451263537906137 0.23104693140794225 0.09025270758122744 0.16064981949458484
1 0.5731046931407943 0.40252707581227437 0.0776173285198556 0.13537906137184116
1 0.5108303249097473 0.33754512635379064 0.07581227436823104 0.09927797833935018
1 0.48465703971119134 0.41155234657039713 0.0631768953068592 0.10108303249097472
1 0.4250902527075812 0.48826714801444043 0.09566787003610108 0.1407942238267148
1 0.3528880866425993 0.37093862815884476 0.09566787003610108 0.11191335740072202
1 0.2509025270758123 0.29873646209386284 0.11913357400722022 0.1624548736462094
1 0.16967509025270758 0.27166064981949456 0.09025270758122744 0.11732851985559567
1 0.26805054151624547 0.04783393501805054 0.13176895306859207 0.09566787003610108
1 0.48375451263537905 0.0315884476534296 0.08303249097472924 0.0631768953068592
1 0.5523465703971119 0.0351985559566787 0.09386281588447654 0.0703971119133574
1 0.17148014440433212 0.021660649819494584 0.09025270758122744 0.04332129963898917
1 0.18140794223826714 0.02256317689530686 0.10288808664259928 0.04512635379061372
1 0.09296028880866426 0.011732851985559567 0.06678700361010831 0.023465703971119134
1 0.09566787003610108 0.02256317689530686 0.1299638989169675 0.04512635379061372
1 0.2283393501805054 0.41787003610108303 0.1407942238267148 0.13898916967509026
1 0.19133574007220217 0.5983754512635379 0.07220216606498195 0.05956678700361011
1 0.2490974729241877 0.5541516245487365 0.0703971119133574 0.08483754512635379
1 0.3492779783393502 0.5370036101083032 0.12454873646209386 0.1967509025270758
1 0.572202166064982 0.5902527075812274 0.07220216606498195 0.11191335740072202
1 0.47833935018050544 0.572202166064982 0.09205776173285199 0.10649819494584838
1 0.3510830324909747 0.8113718411552346 0.4891696750902527 0.37725631768953066
1 0.6308664259927798 0.8231046931407943 0.17509025270758122 0.35379061371841153
1 0.09025270758122744 0.7987364620938628 0.18050541516245489 0.3664259927797834
1 0.030685920577617327 0.9097472924187726 0.061371841155234655 0.13357400722021662
1 0.02888086642599278 0.907942238267148 0.05776173285198556 0.1371841155234657
1 0.0388086642599278 0.7590252707581228 0.0776173285198556 0.2870036101083033
1 0.720216606498195 0.9377256317689531 0.039711191335740074 0.12454873646209386
1 0.7328519855595668 0.9431407942238267 0.06498194945848375 0.11371841155234658
1 0.8862815884476535 0.8808664259927798 0.19855595667870035 0.23826714801444043