1 0.1111111111111111 0.4793650793650794 0.2222222222222222 0.44126984126984126
1 0.8674603174603175 0.25476190476190474 0.2650793650793651 0.5095238095238095
1 0.7785714285714286 0.5103174603174603 0.05396825396825397 0.09523809523809523
1 0.2976190476190476 0.7214285714285714 0.04285714285714286 0.05238095238095238
1 0.011904761904761904 0.746031746031746 0.01746031746031746 0.09047619047619047
1 0.37222222222222223 0.7087301587301588 0.015873015873015872 0.02857142857142857
1 0.12142857142857143 0.7111111111111111 0.01904761904761905 0.025396825396825397
1 0.12142857142857143 0.7055555555555556 0.011111111111111112 0.014285714285714285
1 0.1976190476190476 0.7174603174603175 0.015873015873015872 0.03968253968253968
1 0.7174603174603175 0.7031746031746032 0.014285714285714285 0.03015873015873016
1 0.6873015873015873 0.7047619047619048 0.01746031746031746 0.031746031746031744
1 0.4 0.7095238095238096 0.014285714285714285 0.031746031746031744
1 0.46904761904761905 0.7023809523809523 0.014285714285714285 0.01904761904761905
1 0.4714285714285714 0.7023809523809523 0.012698412698412698 0.01904761904761905
1 0.41825396825396827 0.7103174603174603 0.012698412698412698 0.03333333333333333
1 0.4738095238095238 0.7087301587301588 0.01904761904761905 0.031746031746031744
1 0.48174603174603176 0.7015873015873015 0.011111111111111112 0.01904761904761905
1 0.42142857142857143 0.703968253968254 0.011111111111111112 0.020634920634920634
1 0.3968253968253968 0.7015873015873015 0.009523809523809525 0.015873015873015872
1 0.4007936507936508 0.7015873015873015 0.007936507936507936 0.015873015873015872
1 0.41825396825396827 0.7142857142857143 0.01904761904761905 0.04126984126984127
1 0.43412698412698414 0.7015873015873015 0.014285714285714285 0.01746031746031746
1 0.6857142857142857 0.8063492063492064 0.012698412698412698 0.049206349206349205
1 0.6039682539682539 0.7142857142857143 0.01746031746031746 0.047619047619047616
1 0.6293650793650793 0.7055555555555556 0.015873015873015872 0.031746031746031744
1 0.8738095238095238 0.8388888888888889 0.2523809523809524 0.3126984126984127