1 0.040584415584415584 0.6201298701298701 0.08116883116883117 0.275974025974026
1 0.09659090909090909 0.6112012987012987 0.0762987012987013 0.28733766233766234
1 0.1331168831168831 0.7459415584415584 0.045454545454545456 0.08441558441558442
1 0.9293831168831169 0.5219155844155844 0.056818181818181816 0.22564935064935066
1 0.711038961038961 0.5641233766233766 0.07792207792207792 0.2711038961038961
1 0.2962662337662338 0.5941558441558441 0.10876623376623376 0.3522727272727273
1 0.9512987012987013 0.32305194805194803 0.05844155844155844 0.21103896103896103
1 0.5803571428571429 0.5706168831168831 0.07467532467532467 0.29707792207792205
1 0.37094155844155846 0.6704545454545454 0.060064935064935064 0.15746753246753248
1 0.862012987012987 0.5373376623376623 0.07792207792207792 0.25487012987012986
1 0.9878246753246753 0.5137987012987013 0.024350649350649352 0.2159090909090909
1 0.7694805194805194 0.551948051948052 0.07467532467532467 0.2711038961038961
1 0.8157467532467533 0.5332792207792207 0.06655844155844155 0.26785714285714285
1 0.5064935064935064 0.5827922077922078 0.12824675324675325 0.37987012987012986
1 0.44237012987012986 0.6079545454545454 0.09090909090909091 0.26461038961038963
1 0.17126623376623376 0.6493506493506493 0.08928571428571429 0.2288961038961039
1 0.21672077922077923 0.5551948051948052 0.10714285714285714 0.1737012987012987
1 0.6461038961038961 0.5941558441558441 0.08766233766233766 0.2711038961038961
1 0.9959415584415584 0.32711038961038963 0.008116883116883116 0.16071428571428573
1 0.9853896103896104 0.24675324675324675 0.02922077922077922 0.09090909090909091
1 0.9837662337662337 0.3449675324675325 0.032467532467532464 0.15746753246753248
1 0.9025974025974026 0.24512987012987014 0.040584415584415584 0.11363636363636363
1 0.8693181818181818 0.26055194805194803 0.040584415584415584 0.12012987012987013
1 0.8011363636363636 0.3262987012987013 0.03896103896103896 0.19805194805194806
1 0.8295454545454546 0.3003246753246753 0.045454545454545456 0.18668831168831168
1 0.7751623376623377 0.3125 0.04707792207792208 0.17857142857142858
1 0.7402597402597403 0.3344155844155844 0.027597402597402596 0.1038961038961039
1 0.7191558441558441 0.33116883116883117 0.022727272727272728 0.0698051948051948
1 0.387987012987013 0.5162337662337663 0.05194805194805195 0.1590909090909091
1 0.1241883116883117 0.4050324675324675 0.037337662337662336 0.15584415584415584
1 0.1444805194805195 0.4642857142857143 0.03571428571428571 0.15097402597402598
1 0.026785714285714284 0.411525974025974 0.05357142857142857 0.18993506493506493