1 0.4476744186046512 0.013289036544850499 0.061461794019933555 0.026578073089700997
1 0.46096345514950166 0.01744186046511628 0.03820598006644518 0.03322259136212625
1 0.4476744186046512 0.015780730897009966 0.05149501661129568 0.03156146179401993
1 0.3023255813953488 0.02159468438538206 0.04983388704318937 0.03820598006644518
1 0.4161129568106312 0.01744186046511628 0.054817275747508304 0.03322259136212625
1 0.3023255813953488 0.011627906976744186 0.046511627906976744 0.016611295681063124
1 0.3812292358803987 0.08637873754152824 0.08305647840531562 0.09302325581395349
1 0.3646179401993355 0.02408637873754153 0.08471760797342193 0.044850498338870434
1 0.7981727574750831 0.31893687707641194 0.40365448504983387 0.46179401993355484
1 0.061461794019933555 0.7790697674418605 0.12292358803986711 0.4418604651162791
1 0.4219269102990033 0.7757475083056479 0.14950166112956811 0.4485049833887043
1 0.19186046511627908 0.776578073089701 0.35714285714285715 0.446843853820598
1 0.8338870431893688 0.8845514950166113 0.18272425249169436 0.22259136212624583
1 0.5805647840531561 0.8928571428571429 0.1744186046511628 0.21428571428571427