1 0.026041666666666668 0.3498263888888889 0.052083333333333336 0.4357638888888889
1 0.036458333333333336 0.0998263888888889 0.052083333333333336 0.1996527777777778
1 0.3046875 0.07465277777777778 0.09895833333333333 0.14930555555555555
1 0.1449652777777778 0.4861111111111111 0.2152777777777778 0.1840277777777778
1 0.1796875 0.2743055555555556 0.2222222222222222 0.390625
1 0.4609375 0.4435763888888889 0.1857638888888889 0.2881944444444444
1 0.3784722222222222 0.23350694444444445 0.18229166666666666 0.2465277777777778
1 0.4722222222222222 0.1293402777777778 0.19444444444444445 0.2586805555555556
1 0.4800347222222222 0.03732638888888889 0.17881944444444445 0.07465277777777778
1 0.051215277777777776 0.0078125 0.07118055555555555 0.015625
1 0.6380208333333334 0.2482638888888889 0.171875 0.4930555555555556
1 0.05295138888888889 0.7777777777777778 0.10590277777777778 0.4166666666666667
1 0.8619791666666666 0.6744791666666666 0.2690972222222222 0.1579861111111111