1 0.26418 0.6933583208395803 0.0684 0.27679160419790105
1 0.80504 0.3476311844077961 0.052950000000000004 0.18422788605697152
1 0.40298 0.2561619190404798 0.039509999999999997 0.15721139430284858
1 0.2922 0.4903898050974512 0.038799999999999994 0.1548425787106447
1 0.71911 0.3389955022488756 0.054049999999999994 0.16382308845577212
1 0.18836000000000003 0.2294752623688156 0.061810000000000004 0.12920539730134933
1 0.5425099999999999 0.726551724137931 0.039229999999999994 0.1112743628185907
1 0.49107 0.2517991004497751 0.05249 0.18823088455772113
1 0.11347 0.8153223388305848 0.03401 0.15029985007496252
1 0.63536 0.6789655172413793 0.0429 0.16268365817091454
1 0.58641 0.20929535232383809 0.06566 0.20907046476761618
1 0.6429900000000001 0.8800749625187406 0.04184 0.2217991004497751
1 0.60436 0.4214092953523238 0.06811 0.27059970014992507
1 0.06265 0.7469415292353823 0.06983 0.29806596701649174
1 0.43519 0.8950974512743628 0.06919 0.20659670164917543
1 0.32823 0.47110944527736137 0.03836 0.15419790104947526
1 0.12773 0.9442428785607195 0.04672 0.11152923538230884
1 0.42495 0.6760269865067466 0.053130000000000004 0.17953523238380809
1 0.52708 0.4515592203898051 0.05727 0.26730134932533733
1 0.49775 0.872023988005997 0.05045 0.20703148425787107
1 0.32848 0.2556371814092953 0.0353 0.1469265367316342
1 0.10709 0.6732383808095952 0.041 0.13689655172413792
1 0.7606900000000001 0.779400299850075 0.02835 0.09797601199400299
1 0.96741 0.17598200899550223 0.06396 0.31326836581709144
1 0.78677 0.08937031484257871 0.07651000000000001 0.1787256371814093
1 0.25054 0.49901049475262366 0.03712 0.11901049475262368
1 0.88847 0.6550824587706147 0.04155 0.17118440779610197
1 0.34855 0.7854722638680659 0.09709999999999999 0.16437781109445276
1 0.35525999999999996 0.9247076461769115 0.08338 0.1505847076461769
1 0.19290000000000002 0.5526536731634183 0.07322 0.3631184407796102
1 0.03041 0.46442278860569713 0.06082 0.2098950524737631
1 0.05029 0.3419340329835082 0.06631999999999999 0.21737631184407796
1 0.04902 0.14059970014992504 0.05754 0.1662368815592204
1 0.08807999999999999 0.10284857571214392 0.07984000000000001 0.20569715142428785
1 0.28798 0.1906296851574213 0.06111 0.2306896551724138
1 0.36385 0.15035982008995502 0.057280000000000005 0.2625487256371814
1 0.71016 0.14310344827586208 0.045020000000000004 0.2163568215892054
1 0.61991 0.0932983508245877 0.08123999999999999 0.18661169415292353
1 0.7380399999999999 0.9113943028485757 0.08288 0.1772263868065967
1 0.81376 0.8825487256371813 0.06743 0.21497751124437778
1 0.87815 0.8705697151424288 0.05758 0.25886056971514243
1 0.81905 0.6624737631184408 0.055369999999999996 0.1798350824587706
1 0.58172 0.9384257871064468 0.07575 0.12314842578710644
1 0.9578 0.702383808095952 0.08441 0.3518290854572714
1 0.67079 0.7211994002998501 0.03975 0.248455772113943
1 0.74203 0.5913193403298351 0.09134 0.2258470764617691
1 0.8581799999999999 0.5112593703148426 0.04908 0.12298350824587706
1 0.95 0.4219940029985008 0.1 0.1924887556221889