1 0.5780669144981413 0.007434944237918215 0.07434944237918216 0.01486988847583643
1 0.3550185873605948 0.4423791821561338 0.07992565055762081 0.15055762081784388
1 0.1895910780669145 0.33643122676579923 0.14312267657992564 0.14312267657992564
1 0.2815985130111524 0.43866171003717475 0.06691449814126393 0.09665427509293681
1 0.40055762081784385 0.23513011152416358 0.09665427509293681 0.16171003717472118
1 0.5 0.2815985130111524 0.07434944237918216 0.14312267657992564
1 0.6198884758364313 0.15985130111524162 0.09851301115241635 0.2788104089219331
1 0.6942379182156134 0.10594795539033457 0.10594795539033457 0.21189591078066913
1 0.7843866171003717 0.11617100371747212 0.08178438661710037 0.23234200743494424
1 0.8513011152416357 0.17657992565055763 0.09665427509293681 0.23048327137546468
1 0.9423791821561338 0.10687732342007435 0.08178438661710037 0.15985130111524162
1 0.6514869888475836 0.7778810408921933 0.07992565055762081 0.13568773234200743
1 0.7202602230483272 0.7128252788104089 0.0724907063197026 0.12639405204460966
1 0.654275092936803 0.645910780669145 0.07063197026022305 0.1171003717472119
1 0.679368029739777 0.5325278810408922 0.0762081784386617 0.12267657992565056
1 0.6886617100371747 0.3949814126394052 0.12825278810408922 0.12267657992565056
1 0.7342007434944238 0.3066914498141264 0.13197026022304834 0.15055762081784388
1 0.604089219330855 0.49349442379182157 0.0724907063197026 0.16728624535315986
1 0.5343866171003717 0.4507434944237918 0.08921933085501858 0.16356877323420074
1 0.5752788104089219 0.6254646840148699 0.07434944237918216 0.137546468401487
1 0.5074349442379182 0.5631970260223048 0.07434944237918216 0.10037174721189591
1 0.48605947955390333 0.6403345724907064 0.06133828996282528 0.10223048327137546
1 0.42936802973977695 0.7230483271375465 0.09293680297397769 0.14312267657992564
1 0.3475836431226766 0.6087360594795539 0.09479553903345725 0.11152416356877323
1 0.2379182156133829 0.54182156133829 0.1171003717472119 0.16356877323420074
1 0.15148698884758363 0.5204460966542751 0.08921933085501858 0.11895910780669144
1 0.23698884758364314 0.1812267657992565 0.13382899628252787 0.22490706319702602
1 0.45724907063197023 0.10594795539033457 0.08364312267657993 0.14312267657992564
1 0.5278810408921933 0.10037174721189591 0.09479553903345725 0.14869888475836432
1 0.13382899628252787 0.1895910780669145 0.09107806691449814 0.13382899628252787
1 0.1412639405204461 0.048327137546468404 0.10408921933085502 0.08550185873605948
1 0.05111524163568773 0.03345724907063197 0.06691449814126393 0.05390334572490706
1 0.05947955390334572 0.10223048327137546 0.11895910780669144 0.1412639405204461
1 0.22304832713754646 0.6654275092936803 0.13940520446096655 0.137546468401487
1 0.19888475836431227 0.8680297397769516 0.0724907063197026 0.08550185873605948
1 0.2537174721189591 0.8039033457249071 0.0687732342007435 0.08550185873605948
1 0.3550185873605948 0.7797397769516728 0.12267657992565056 0.1970260223048327
1 0.5882899628252788 0.8178438661710037 0.07063197026022305 0.11338289962825279
1 0.49070631970260226 0.8057620817843866 0.09107806691449814 0.10780669144981413
1 0.20353159851301114 0.9609665427509294 0.120817843866171 0.07806691449814127
1 0.3104089219330855 0.9693308550185874 0.07063197026022305 0.06133828996282528
1 0.3652416356877323 0.9219330855018587 0.09107806691449814 0.09479553903345725
1 0.5362453531598513 0.9191449814126395 0.10780669144981413 0.13568773234200743
1 0.6328996282527881 0.9340148698884758 0.07063197026022305 0.11338289962825279
1 0.9302973977695167 0.258364312267658 0.10594795539033457 0.12639405204460966
1 0.9572490706319703 0.2992565055762082 0.07992565055762081 0.10408921933085502