1 0.50696 0.026336336336336336 0.06264 0.05267267267267267
1 0.31201 0.4086936936936937 0.06584000000000001 0.12396396396396396
1 0.17428 0.31725225225225223 0.11766 0.11854354354354354
1 0.24971000000000002 0.40436936936936935 0.05396 0.07983483483483483
1 0.35345 0.23513513513513512 0.07962999999999999 0.13448948948948947
1 0.43610000000000004 0.276006006006006 0.0613 0.11792792792792793
1 0.5382899999999999 0.17509009009009008 0.07839 0.23279279279279277
1 0.60215 0.11687687687687688 0.08660999999999999 0.20645645645645647
1 0.67899 0.13666666666666666 0.06565 0.20237237237237238
1 0.73305 0.19264264264264266 0.07755 0.19145645645645645
1 0.80992 0.13546546546546545 0.06744 0.1317117117117117
1 0.87082 0.09513513513513513 0.04927 0.15205705705705705
1 0.5561799999999999 0.6951201201201201 0.06508 0.11259759759759759
1 0.61491 0.6415915915915916 0.05891 0.10382882882882884
1 0.56036 0.5845345345345345 0.05708 0.09618618618618618
1 0.58245 0.4889189189189189 0.06309000000000001 0.10151651651651651
1 0.59263 0.3739339339339339 0.10708 0.10084084084084084
1 0.6325 0.30001501501501504 0.10864 0.125
1 0.5202899999999999 0.45572072072072073 0.05695 0.13885885885885887
1 0.46222 0.4188738738738739 0.07171999999999999 0.13614114114114115
1 0.49415 0.5657957957957958 0.061020000000000005 0.1132882882882883
1 0.43813 0.5124174174174174 0.05989 0.082987987987988
1 0.41870999999999997 0.5774624624624625 0.05015 0.08475975975975976
1 0.37019 0.6459309309309309 0.07673999999999999 0.11795795795795797
1 0.30316000000000004 0.5483633633633633 0.07905 0.09207207207207208
1 0.21183000000000002 0.4909309309309309 0.09639 0.1355705705705706
1 0.13985 0.47078078078078084 0.07244 0.09800300300300299
1 0.2165 0.18785285285285286 0.10936 0.18734234234234234
1 0.40201 0.12723723723723723 0.06765 0.11797297297297296
1 0.46176999999999996 0.12403903903903904 0.07809 0.12250750750750751
1 0.12933 0.19327327327327326 0.07501000000000001 0.11082582582582583
1 0.13838 0.05531531531531532 0.08584 0.11064564564564565
1 0.06262 0.043198198198198194 0.05614 0.08094594594594594
1 0.06393 0.1196096096096096 0.10967 0.11636636636636637
1 0.19766999999999998 0.5947597597597598 0.11533 0.1139039039039039
1 0.17413 0.764039039039039 0.05916 0.07025525525525525
1 0.2214 0.710990990990991 0.05735 0.07063063063063063
1 0.3073 0.6923873873873874 0.10006 0.16445945945945947
1 0.502 0.728078078078078 0.056729999999999996 0.09387387387387387
1 0.42010000000000003 0.716021021021021 0.07475 0.08888888888888889
1 0.17672 0.8639489489489489 0.10071 0.10627627627627628
1 0.20085 0.9538588588588588 0.05442 0.09226726726726728
1 0.25617 0.9563513513513513 0.05779 0.08632132132132132
1 0.26713 0.868033033033033 0.057890000000000004 0.08166666666666667
1 0.31344 0.8114864864864866 0.07415999999999999 0.0777927927927928
1 0.43975 0.9271471471471472 0.07404000000000001 0.11255255255255255
1 0.45732999999999996 0.8124324324324325 0.08922 0.11246246246246247
1 0.53646 0.9277777777777777 0.08746 0.10561561561561562
1 0.53804 0.8258408408408409 0.057890000000000004 0.09283783783783783
1 0.79738 0.2622972972972973 0.08771 0.10354354354354353
1 0.8288300000000001 0.2983633633633634 0.08316 0.08527027027027027
1 0.8797699999999999 0.304024024024024 0.08134000000000001 0.05444444444444444
1 0.93611 0.28783783783783784 0.05867 0.06704204204204205