1 0.2805466237942122 0.6061093247588425 0.09967845659163987 0.2829581993569132
1 0.747588424437299 0.1527331189710611 0.07395498392282958 0.16720257234726688
1 0.502411575562701 0.4847266881028939 0.08360128617363344 0.16881028938906753
1 0.7427652733118971 0.3858520900321543 0.09967845659163987 0.3440514469453376
1 0.4284565916398714 0.06591639871382636 0.05627009646302251 0.13183279742765272
1 0.38987138263665594 0.21945337620578778 0.06270096463022508 0.10771704180064309
1 0.8078778135048231 0.3987138263665595 0.07395498392282958 0.37138263665594856
1 0.6036977491961415 0.04662379421221865 0.06270096463022508 0.0932475884244373
1 0.5442122186495176 0.07636655948553055 0.04983922829581994 0.10289389067524116
1 0.8633440514469454 0.11495176848874598 0.04180064308681672 0.08038585209003216
1 0.3279742765273312 0.0635048231511254 0.06591639871382636 0.12218649517684887
1 0.5884244372990354 0.37057877813504825 0.16881028938906753 0.42604501607717044
1 0.9606109324758842 0.2170418006430868 0.04501607717041801 0.18167202572347266
1 0.14308681672025725 0.659967845659164 0.0594855305466238 0.17845659163987138
1 0.36977491961414793 0.3842443729903537 0.04823151125401929 0.1157556270096463
1 0.3971061093247588 0.34807073954983925 0.04019292604501608 0.1414790996784566
1 0.4967845659163987 0.2757234726688103 0.04019292604501608 0.1157556270096463
1 0.8979099678456591 0.4758842443729904 0.03858520900321544 0.2266881028938907
1 0.8786173633440515 0.3311897106109325 0.04180064308681672 0.07877813504823152
1 0.9188102893890675 0.3086816720257235 0.05627009646302251 0.16237942122186494