1 0.6607142857142857 0.033928571428571426 0.06964285714285715 0.05357142857142857
1 0.7178571428571429 0.054464285714285715 0.04285714285714286 0.08214285714285714
1 0.8089285714285714 0.14107142857142857 0.055357142857142855 0.15
1 0.7321428571428571 0.15535714285714286 0.04642857142857143 0.10714285714285714
1 0.81875 0.039285714285714285 0.044642857142857144 0.039285714285714285
1 0.6669642857142857 0.18571428571428572 0.055357142857142855 0.12321428571428572
1 0.65625 0.10803571428571429 0.0625 0.11607142857142858
1 0.91875 0.9410714285714286 0.10892857142857143 0.11785714285714285
1 0.7419642857142857 0.8160714285714286 0.14107142857142857 0.23214285714285715
1 0.85625 0.6660714285714285 0.14107142857142857 0.16607142857142856
1 0.8696428571428572 0.15178571428571427 0.08392857142857142 0.1
1 0.8955357142857143 0.06160714285714286 0.09464285714285714 0.075
1 0.4732142857142857 0.48035714285714287 0.0625 0.10178571428571428
1 0.7535714285714286 0.3508928571428571 0.11071428571428571 0.12321428571428572
1 0.7276785714285714 0.5151785714285714 0.07321428571428572 0.1125
1 0.5955357142857143 0.4901785714285714 0.06428571428571428 0.0875
1 0.4857142857142857 0.3107142857142857 0.05714285714285714 0.0875
1 0.5491071428571429 0.5857142857142857 0.09464285714285714 0.10357142857142858
1 0.8973214285714286 0.45803571428571427 0.08928571428571429 0.12857142857142856
1 0.9116071428571428 0.5491071428571429 0.08928571428571429 0.09821428571428571
1 0.8151785714285714 0.41160714285714284 0.060714285714285714 0.07678571428571429
1 0.5696428571428571 0.05357142857142857 0.09821428571428571 0.10535714285714286