1 0.5214723926380368 0.027607361963190184 0.065439672801636 0.05521472392638037
1 0.31390593047034765 0.40797546012269936 0.0705521472392638 0.1303680981595092
1 0.17535787321063395 0.3067484662576687 0.12269938650306748 0.1273006134969325
1 0.2505112474437628 0.3995398773006135 0.05725971370143149 0.0843558282208589
1 0.3604294478527607 0.23236196319018404 0.08486707566462168 0.1411042944785276
1 0.4437627811860941 0.2791411042944785 0.065439672801636 0.12423312883435583
1 0.5506134969325154 0.18098159509202455 0.08588957055214724 0.24233128834355827
1 0.6170756646216768 0.125 0.09304703476482618 0.2147239263803681
1 0.6952965235173824 0.1495398773006135 0.07157464212678936 0.21012269938650308
1 0.7494887525562373 0.2093558282208589 0.08384458077709611 0.19938650306748465
1 0.8292433537832311 0.15567484662576686 0.07157464212678936 0.13803680981595093
1 0.8926380368098159 0.11733128834355828 0.0541922290388548 0.1579754601226994
1 0.5567484662576687 0.7131901840490797 0.06952965235173825 0.11809815950920245
1 0.6180981595092024 0.6618098159509203 0.06237218813905931 0.10889570552147239
1 0.5633946830265849 0.6004601226993865 0.06032719836400818 0.10122699386503067
1 0.5884458077709611 0.5038343558282209 0.06646216768916155 0.10736196319018405
1 0.6017382413087935 0.38726993865030673 0.1114519427402863 0.10889570552147239
1 0.6441717791411042 0.3136503067484663 0.11349693251533742 0.1334355828220859
1 0.5255623721881391 0.46702453987730064 0.06134969325153374 0.1441717791411043
1 0.467280163599182 0.4263803680981595 0.07668711656441718 0.14263803680981596
1 0.49642126789366053 0.5774539877300614 0.065439672801636 0.1196319018404908
1 0.4401840490797546 0.5199386503067485 0.06339468302658487 0.08742331288343558
1 0.4187116564417178 0.5858895705521472 0.053169734151329244 0.08895705521472393
1 0.3675869120654397 0.6526073619631901 0.08077709611451943 0.12423312883435583
1 0.3016359918200409 0.5498466257668712 0.08282208588957055 0.09815950920245399
1 0.20961145194274028 0.48619631901840493 0.10122699386503067 0.1441717791411043
1 0.13650306748466257 0.4616564417177914 0.07668711656441718 0.10429447852760736
1 0.22137014314928424 0.17714723926380369 0.1165644171779141 0.19785276073619631
1 0.4125766871165644 0.125 0.07157464212678936 0.12423312883435583
1 0.47392638036809814 0.125 0.08282208588957055 0.12883435582822086
1 0.13241308793456033 0.17791411042944785 0.07975460122699386 0.1165644171779141
1 0.1441717791411043 0.04754601226993865 0.08997955010224949 0.0950920245398773
1 0.06748466257668712 0.032208588957055216 0.05930470347648262 0.06441717791411043
1 0.06748466257668712 0.09892638036809816 0.11451942740286299 0.12423312883435583
1 0.19274028629856851 0.5912576687116564 0.12065439672801637 0.12269938650306748
1 0.16462167689161555 0.7630368098159509 0.06237218813905931 0.07515337423312883
1 0.2142126789366053 0.7116564417177914 0.06032719836400818 0.07515337423312883
1 0.30214723926380366 0.6970858895705522 0.10633946830265849 0.17331288343558282
1 0.5005112474437627 0.7438650306748467 0.06032719836400818 0.09815950920245399
1 0.4171779141104294 0.7269938650306749 0.0787321063394683 0.0950920245398773
1 0.16462167689161555 0.8650306748466258 0.10531697341513292 0.11349693251533742
1 0.18711656441717792 0.9470858895705522 0.05828220858895705 0.07668711656441718
1 0.24386503067484663 0.9532208588957055 0.06134969325153374 0.0705521472392638
1 0.25715746421267893 0.8742331288343558 0.06134969325153374 0.08588957055214724
1 0.3057259713701431 0.8190184049079755 0.07770961145194274 0.08282208588957055
1 0.43149284253578735 0.941717791411043 0.07770961145194274 0.11503067484662577
1 0.45296523517382414 0.8274539877300614 0.09406952965235174 0.1196319018404908
1 0.5306748466257669 0.9455521472392638 0.09202453987730061 0.10889570552147239
1 0.5347648261758691 0.8458588957055214 0.06134969325153374 0.09815950920245399
1 0.8133946830265849 0.28450920245398775 0.09202453987730061 0.11042944785276074
1 0.8445807770961146 0.32285276073619634 0.0869120654396728 0.09202453987730061
1 0.8967280163599182 0.3312883435582822 0.08486707566462168 0.0598159509202454
1 0.9544989775051125 0.3174846625766871 0.06134969325153374 0.07208588957055215