1 0.06672025723472669 0.37057877813504825 0.03376205787781351 0.03858520900321544
1 0.0040192926045016075 0.34887459807073956 0.008038585209003215 0.08681672025723473
1 0.33681672025723475 0.33038585209003213 0.03054662379421222 0.08038585209003216
1 0.15192926045016078 0.3102893890675241 0.01929260450160772 0.04180064308681672
1 0.31109324758842444 0.3086816720257235 0.022508038585209004 0.04983922829581994
1 0.3987138263665595 0.3432475884244373 0.022508038585209004 0.05787781350482315
1 0.2829581993569132 0.3102893890675241 0.02090032154340836 0.04983922829581994
1 0.028135048231511254 0.3271704180064309 0.04019292604501608 0.12861736334405144
1 0.001607717041800643 0.3553054662379421 0.003215434083601286 0.07395498392282958
1 0.36736334405144694 0.3086816720257235 0.03054662379421222 0.09485530546623794
1 0.23231511254019294 0.2572347266881029 0.028938906752411574 0.07877813504823152
1 0.19533762057877813 0.3665594855305466 0.027331189710610933 0.03376205787781351
1 0.17765273311897106 0.30305466237942125 0.01929260450160772 0.04662379421221865
1 0.8368167202572347 0.11495176848874598 0.27813504823151125 0.22990353697749197
1 0.8255627009646302 0.17765273311897106 0.2909967845659164 0.3553054662379421
1 0.5032154340836013 0.19292604501607716 0.22347266881028938 0.3553054662379421
1 0.5434083601286174 0.11254019292604502 0.3054662379421222 0.22508038585209003
1 0.3247588424437299 0.7556270096463023 0.2347266881028939 0.4887459807073955
1 0.8344051446945338 0.7596463022508039 0.3311897106109325 0.46141479099678456