1 0.24344569288389514 0.02153558052434457 0.08239700374531835 0.04307116104868914
1 0.22940074906367042 0.17134831460674158 0.11235955056179775 0.3089887640449438
1 0.3052434456928839 0.17228464419475656 0.08426966292134831 0.3089887640449438
1 0.07397003745318352 0.16104868913857678 0.1441947565543071 0.32209737827715357
1 0.4887640449438202 0.06741573033707865 0.05056179775280899 0.1348314606741573
1 0.40636704119850187 0.26217228464419473 0.04307116104868914 0.13108614232209737
1 0.3904494382022472 0.15917602996254682 0.04868913857677903 0.09176029962546817
1 0.43820224719101125 0.1348314606741573 0.06554307116104868 0.1891385767790262
1 0.7584269662921348 0.16853932584269662 0.48314606741573035 0.33707865168539325
1 0.36329588014981273 0.398876404494382 0.12921348314606743 0.14606741573033707
1 0.18820224719101122 0.596441947565543 0.11797752808988764 0.32771535580524347
1 0.25936329588014984 0.5842696629213483 0.12172284644194757 0.25842696629213485
1 0.40074906367041196 0.5440074906367042 0.11610486891385768 0.2153558052434457
1 0.4803370786516854 0.5 0.07303370786516854 0.22284644194756553
1 0.4400749063670412 0.6741573033707865 0.0449438202247191 0.056179775280898875
1 0.3258426966292135 0.701310861423221 0.03932584269662921 0.07865168539325842
1 0.352059925093633 0.7219101123595506 0.02247191011235955 0.04119850187265917
1 0.12640449438202248 0.7331460674157303 0.04868913857677903 0.08426966292134831
1 0.03745318352059925 0.650749063670412 0.0749063670411985 0.2303370786516854
1 0.7528089887640449 0.6647940074906367 0.4943820224719101 0.6704119850187266