1 0.2545731707317073 0.28211009174311924 0.04878048780487805 0.11926605504587157
1 0.3714430894308943 0.268348623853211 0.041666666666666664 0.10856269113149847
1 0.34959349593495936 0.7874617737003058 0.22052845528455284 0.41437308868501527
1 0.41971544715447157 0.536697247706422 0.10670731707317073 0.25076452599388377
1 0.445630081300813 0.34021406727828746 0.14634146341463414 0.23853211009174313
1 0.5716463414634146 0.34938837920489296 0.10467479674796748 0.1834862385321101
1 0.6626016260162602 0.35091743119266056 0.09349593495934959 0.16819571865443425
1 0.6935975609756098 0.5091743119266054 0.09552845528455285 0.25382262996941896
1 0.5411585365853658 0.918960244648318 0.19817073170731708 0.1620795107033639
1 0.5741869918699187 0.7385321100917431 0.20630081300813008 0.37003058103975534
1 0.8292682926829268 0.8868501529051988 0.17073170731707318 0.22629969418960244
1 0.7560975609756098 0.7140672782874617 0.16869918699186992 0.23547400611620795
1 0.8445121951219512 0.6024464831804281 0.18191056910569106 0.29510703363914376
1 0.8795731707317073 0.3394495412844037 0.21341463414634146 0.3012232415902141
1 0.6082317073170732 0.12079510703363915 0.07621951219512195 0.12385321100917432
1 0.5884146341463414 0.034403669724770644 0.05386178861788618 0.05657492354740061
1 0.6600609756097561 0.06039755351681957 0.06910569105691057 0.09480122324159021
1 0.6702235772357723 0.17966360856269112 0.12601626016260162 0.1834862385321101
1 0.7413617886178862 0.14755351681957188 0.07113821138211382 0.10703363914373089
1 0.8241869918699187 0.11773700305810397 0.13617886178861788 0.16055045871559634
1 0.27997967479674796 0.43730886850152906 0.1798780487804878 0.40214067278287463
1 0.5503048780487805 0.1735474006116208 0.09146341463414634 0.1834862385321101
1 0.4679878048780488 0.13608562691131498 0.09044715447154472 0.21253822629969418
1 0.5416666666666666 0.046636085626911315 0.057926829268292686 0.09327217125382263
1 0.49034552845528456 0.0290519877675841 0.05589430894308943 0.0581039755351682
1 0.39939024390243905 0.12385321100917432 0.06707317073170732 0.16819571865443425
1 0.3313008130081301 0.14220183486238533 0.07215447154471545 0.14220183486238533
1 0.24288617886178862 0.1628440366972477 0.07926829268292683 0.12538226299694188
1 0.2190040650406504 0.06192660550458716 0.10264227642276423 0.12385321100917432
1 0.12449186991869919 0.32033639143730885 0.0782520325203252 0.22324159021406728
1 0.1798780487804878 0.25229357798165136 0.06605691056910569 0.16666666666666666
1 0.15752032520325204 0.14908256880733944 0.06910569105691057 0.09785932721712538
1 0.07571138211382114 0.1529051987767584 0.09857723577235772 0.18501529051987767
1 0.13617886178861788 0.7637614678899083 0.19715447154471544 0.3241590214067278
1 0.07672764227642276 0.5649847094801224 0.15345528455284552 0.32262996941896027