1 0.4150793650793651 0.1357142857142857 0.05873015873015873 0.2015873015873016
1 0.40476190476190477 0.044444444444444446 0.050793650793650794 0.08412698412698413
1 0.376984126984127 0.024603174603174603 0.03333333333333333 0.04285714285714286
1 0.3246031746031746 0.15396825396825398 0.049206349206349205 0.1492063492063492
1 0.34444444444444444 0.09365079365079365 0.06666666666666667 0.17777777777777778
1 0.1626984126984127 0.48412698412698413 0.20793650793650795 0.25873015873015875
1 0.05317460317460317 0.5095238095238095 0.10634920634920635 0.2126984126984127
1 0.3674603174603175 0.49603174603174605 0.10793650793650794 0.21746031746031746
1 0.44603174603174606 0.46111111111111114 0.06984126984126984 0.1746031746031746
1 0.4373015873015873 0.30634920634920637 0.0761904761904762 0.18412698412698414
1 0.4246031746031746 0.05555555555555555 0.08095238095238096 0.10952380952380952
1 0.3126984126984127 0.5007936507936508 0.06825396825396825 0.2015873015873016
1 0.023809523809523808 0.5333333333333333 0.047619047619047616 0.16507936507936508
1 0.016666666666666666 0.4634920634920635 0.03333333333333333 0.23492063492063492
1 0.01507936507936508 0.47619047619047616 0.03015873015873016 0.16825396825396827
1 0.014285714285714285 0.33650793650793653 0.02857142857142857 0.3396825396825397
1 0.010317460317460317 0.19126984126984126 0.020634920634920634 0.22380952380952382
1 0.020634920634920634 0.32063492063492066 0.04126984126984127 0.24126984126984127
1 0.006349206349206349 0.1976190476190476 0.012698412698412698 0.1349206349206349
1 0.05793650793650794 0.1976190476190476 0.1 0.2222222222222222
1 0.14682539682539683 0.17777777777777778 0.06984126984126984 0.16507936507936508
1 0.2015873015873016 0.19126984126984126 0.05873015873015873 0.19523809523809524
1 0.2896825396825397 0.2126984126984127 0.10158730158730159 0.17777777777777778
1 0.26825396825396824 0.07222222222222222 0.10476190476190476 0.13174603174603175
1 0.14761904761904762 0.0626984126984127 0.1253968253968254 0.10634920634920635
1 0.015873015873015872 0.051587301587301584 0.031746031746031744 0.07142857142857142
1 0.011904761904761904 0.09365079365079365 0.023809523809523808 0.15555555555555556
1 0.010317460317460317 0.09841269841269841 0.020634920634920634 0.16507936507936508
1 0.006349206349206349 0.31825396825396823 0.012698412698412698 0.15714285714285714
1 0.00873015873015873 0.2246031746031746 0.01746031746031746 0.23333333333333334
1 0.006349206349206349 0.23015873015873015 0.012698412698412698 0.16507936507936508
1 0.010317460317460317 0.1492063492063492 0.020634920634920634 0.26666666666666666
1 0.004761904761904762 0.24126984126984127 0.009523809523809525 0.18095238095238095
1 0.002380952380952381 0.10793650793650794 0.004761904761904762 0.13015873015873017
1 0.006349206349206349 0.07301587301587302 0.012698412698412698 0.11428571428571428
1 0.002380952380952381 0.06428571428571428 0.004761904761904762 0.09365079365079365
1 0.08888888888888889 0.03968253968253968 0.05714285714285714 0.05238095238095238
1 0.020634920634920634 0.04523809523809524 0.04126984126984127 0.05873015873015873
1 0.0373015873015873 0.04523809523809524 0.047619047619047616 0.06031746031746032
1 0.004761904761904762 0.04365079365079365 0.009523809523809525 0.05555555555555555
1 0.5063492063492063 0.1388888888888889 0.08888888888888889 0.2777777777777778
1 0.49126984126984125 0.11349206349206349 0.05873015873015873 0.22698412698412698
1 0.4873015873015873 0.3325396825396825 0.03492063492063492 0.22857142857142856
1 0.4857142857142857 0.24285714285714285 0.044444444444444446 0.43174603174603177
1 0.48333333333333334 0.3476190476190476 0.023809523809523808 0.13174603174603175
1 0.48174603174603176 0.3349206349206349 0.020634920634920634 0.12222222222222222
1 0.48412698412698413 0.34206349206349207 0.025396825396825397 0.11428571428571428
1 0.4849206349206349 0.37063492063492065 0.026984126984126985 0.19047619047619047
1 0.5158730158730159 0.34285714285714286 0.09365079365079365 0.4142857142857143
1 0.5603174603174603 0.3246031746031746 0.07936507936507936 0.3253968253968254
1 0.626984126984127 0.26746031746031745 0.0873015873015873 0.373015873015873
1 0.6087301587301587 0.05 0.06190476190476191 0.1
1 0.7476190476190476 0.08333333333333333 0.06666666666666667 0.16666666666666666
1 0.7158730158730159 0.3896825396825397 0.08571428571428572 0.38095238095238093
1 0.7626984126984127 0.3888888888888889 0.07777777777777778 0.4015873015873016
1 0.8111111111111111 0.3261904761904762 0.08571428571428572 0.3888888888888889
1 0.8293650793650794 0.051587301587301584 0.06190476190476191 0.10317460317460317
1 0.8761904761904762 0.20634920634920634 0.08571428571428572 0.353968253968254
1 0.9515873015873015 0.2968253968253968 0.09682539682539683 0.5238095238095238
1 0.18015873015873016 0.7428571428571429 0.353968253968254 0.2777777777777778
1 0.9317460317460318 0.807936507936508 0.1365079365079365 0.35873015873015873