1 0.18956043956043955 0.7079207920792079 0.08901098901098901 0.3118811881188119
1 0.8005494505494506 0.3910891089108911 0.06703296703296703 0.2079207920792079
1 0.36428571428571427 0.24422442244224424 0.051648351648351645 0.17656765676567657
1 0.23076923076923078 0.4884488448844885 0.05054945054945055 0.17491749174917492
1 0.7065934065934066 0.3712871287128713 0.06813186813186813 0.18646864686468648
1 0.13021978021978023 0.18976897689768976 0.07472527472527472 0.1485148514851485
1 0.49340659340659343 0.7764026402640264 0.04835164835164835 0.12706270627062707
1 0.460989010989011 0.24917491749174916 0.06703296703296703 0.21287128712871287
1 0.02032967032967033 0.8234323432343235 0.04065934065934066 0.16831683168316833
1 0.5972527472527472 0.7351485148514851 0.054945054945054944 0.18316831683168316
1 0.5675824175824176 0.2136963696369637 0.08241758241758242 0.2376237623762376
1 0.5967032967032967 0.9158415841584159 0.05274725274725275 0.16831683168316833
1 0.5763736263736263 0.44884488448844884 0.08901098901098901 0.30528052805280526
1 0.005494505494505495 0.7458745874587459 0.01098901098901099 0.33003300330033003
1 0.36813186813186816 0.9108910891089109 0.08241758241758242 0.16006600660066006
1 0.2714285714285714 0.47112211221122113 0.04945054945054945 0.17326732673267325
1 0.02912087912087912 0.9282178217821783 0.05384615384615385 0.05115511551155116
1 0.367032967032967 0.7079207920792079 0.06703296703296703 0.20297029702970298
1 0.4901098901098901 0.47277227722772275 0.07692307692307693 0.30033003300330036
1 0.4368131868131868 0.9051155115511551 0.06263736263736264 0.18316831683168316
1 0.2824175824175824 0.23514851485148514 0.046153846153846156 0.16501650165016502
1 0.02197802197802198 0.6666666666666666 0.04395604395604396 0.1551155115511551
1 0.7296703296703296 0.8597359735973598 0.03626373626373627 0.11056105610561057
1 0.971978021978022 0.21947194719471946 0.056043956043956046 0.3465346534653465
1 0.7928571428571428 0.11633663366336634 0.09230769230769231 0.18151815181518152
1 0.18461538461538463 0.4933993399339934 0.04725274725274725 0.1353135313531353
1 0.8758241758241758 0.7376237623762376 0.05384615384615385 0.19306930693069307
1 0.2774725274725275 0.8193069306930693 0.11538461538461539 0.19141914191419143
1 0.2785714285714286 0.9331683168316832 0.0956043956043956 0.09900990099009901
1 0.11868131868131868 0.5453795379537953 0.0989010989010989 0.4075907590759076
1 0.045054945054945054 0.07838283828382839 0.05934065934065934 0.15676567656765678
1 0.24175824175824176 0.15841584158415842 0.07912087912087912 0.2607260726072607
1 0.32582417582417583 0.13448844884488448 0.07582417582417582 0.26897689768976896
1 0.7065934065934066 0.1551155115511551 0.06043956043956044 0.24257425742574257
1 0.6093406593406593 0.10148514851485149 0.0967032967032967 0.18976897689768976
1 0.6989010989010989 0.9488448844884488 0.0967032967032967 0.10231023102310231
1 0.7835164835164835 0.9273927392739274 0.08131868131868132 0.14521452145214522
1 0.8549450549450549 0.9133663366336634 0.07252747252747253 0.17326732673267325
1 0.7994505494505495 0.7376237623762376 0.07032967032967033 0.20462046204620463
1 0.5263736263736264 0.9702970297029703 0.08571428571428572 0.0594059405940594
1 0.945054945054945 0.7962046204620462 0.1021978021978022 0.3943894389438944
1 0.634065934065934 0.7854785478547854 0.056043956043956046 0.27722772277227725
1 0.7186813186813187 0.650990099009901 0.11208791208791209 0.2590759075907591
1 0.85 0.5767326732673267 0.06043956043956044 0.14026402640264027
1 0.9478021978021978 0.4867986798679868 0.1043956043956044 0.22112211221122113