1 0.04722792607802875 0.686923076923077 0.08932238193018481 0.2753846153846154
1 0.10831622176591375 0.6676923076923077 0.06776180698151951 0.2876923076923077
1 0.15965092402464065 0.7938461538461539 0.043121149897330596 0.08307692307692308
1 0.9142710472279261 0.4369230769230769 0.050308008213552365 0.22615384615384615
1 0.7053388090349076 0.5169230769230769 0.07084188911704312 0.27076923076923076
1 0.30184804928131415 0.6169230769230769 0.09958932238193019 0.3507692307692308
1 0.9127310061601642 0.23923076923076922 0.0513347022587269 0.20923076923076922
1 0.5780287474332649 0.5453846153846154 0.06673511293634497 0.2953846153846154
1 0.3839835728952772 0.6792307692307692 0.054414784394250515 0.15846153846153846
1 0.8495893223819302 0.46384615384615385 0.07084188911704312 0.25384615384615383
1 0.9799794661190965 0.4176923076923077 0.04004106776180698 0.2169230769230769
1 0.7612936344969199 0.4946153846153846 0.06776180698151951 0.27076923076923076
1 0.8039014373716632 0.4676923076923077 0.060574948665297744 0.26615384615384613
1 0.5061601642710473 0.5692307692307692 0.11806981519507187 0.38
1 0.446611909650924 0.6053846153846154 0.08418891170431211 0.26461538461538464
1 0.18634496919917864 0.6923076923076923 0.0811088295687885 0.2276923076923077
1 0.21971252566735114 0.5923076923076923 0.1026694045174538 0.17384615384615384
1 0.6447638603696099 0.5561538461538461 0.08008213552361396 0.2692307692307692
1 0.9743326488706365 0.23384615384615384 0.03593429158110883 0.16153846153846155
1 0.9620123203285421 0.11692307692307692 0.033880903490759756 0.1123076923076923
1 0.938911704312115 0.15846153846153846 0.029774127310061602 0.09076923076923077
1 0.9491786447638604 0.2561538461538462 0.030800821355236138 0.15538461538461537
1 0.8562628336755647 0.17153846153846153 0.03696098562628337 0.11384615384615385
1 0.8249486652977412 0.19230769230769232 0.03593429158110883 0.12
1 0.7664271047227926 0.2684615384615385 0.033880903490759756 0.19538461538461538
1 0.7905544147843943 0.2376923076923077 0.04004106776180698 0.18461538461538463
1 0.7387063655030801 0.2592307692307692 0.04209445585215606 0.17692307692307693
1 0.7073921971252567 0.28692307692307695 0.024640657084188913 0.10307692307692308
1 0.6863449691991786 0.28692307692307695 0.02053388090349076 0.06923076923076923
1 0.3834702258726899 0.5253846153846153 0.048254620123203286 0.15692307692307692
1 0.11139630390143737 0.46153846153846156 0.03285420944558522 0.15538461538461537
1 0.13809034907597537 0.5161538461538462 0.03182751540041068 0.14923076923076922
1 0.02002053388090349 0.4846153846153846 0.04004106776180698 0.18769230769230769