1 0.05883 0.6372754491017963 0.07534 0.26
1 0.11882 0.6244161676646707 0.05366 0.27429640718562875
1 0.16284 0.7518862275449102 0.03824 0.07733532934131736
1 0.91213 0.4824251497005988 0.03915 0.21679640718562873
1 0.7056699999999999 0.5385778443113772 0.05738 0.25773952095808383
1 0.30909 0.5945958083832336 0.08142 0.3338323353293413
1 0.9196 0.29035928143712575 0.04107 0.19967065868263473
1 0.58074 0.5532035928143713 0.05207 0.28320359281437124
1 0.38602 0.6636676646706586 0.045939999999999995 0.14958083832335328
1 0.84853 0.5023203592814371 0.05812 0.24176646706586827
1 0.98196 0.47128742514970057 0.03607 0.20806886227544913
1 0.76089 0.5228293413173652 0.054189999999999995 0.2587874251497006
1 0.8035599999999999 0.5013023952095809 0.04725 0.2547455089820359
1 0.5100899999999999 0.569311377245509 0.09874 0.35982035928143713
1 0.45013 0.598622754491018 0.07008 0.2510329341317365
1 0.19329 0.6563323353293413 0.06933 0.21544910179640717
1 0.23038 0.5623053892215569 0.09246 0.16020958083832335
1 0.64508 0.5707634730538922 0.06616 0.255374251497006
1 0.9831599999999999 0.2920808383233533 0.03368 0.15474550898203593
1 0.97327 0.17690119760479042 0.028480000000000002 0.10634730538922156
1 0.94904 0.21473053892215568 0.025 0.0855688622754491
1 0.95427 0.3102694610778443 0.023309999999999997 0.14926646706586824
1 0.86827 0.21910179640718566 0.0312 0.10705089820359283
1 0.83678 0.23625748502994012 0.030199999999999998 0.11405688622754491
1 0.77616 0.3036377245508982 0.02444 0.1884880239520958
1 0.80122 0.27619760479041916 0.0308 0.17755988023952096
1 0.7500399999999999 0.292065868263473 0.032979999999999995 0.16926646706586826
1 0.71794 0.31544910179640717 0.019829999999999997 0.09775449101796407
1 0.69771 0.313937125748503 0.01705 0.06562874251497007
1 0.39242 0.5139670658682635 0.03978 0.14896706586826347
1 0.131 0.4249850299401197 0.024730000000000002 0.1485928143712575
1 0.15475 0.4805089820359282 0.02398 0.14375748502994012
1 0.03207 0.4384281437125749 0.05106 0.18001497005988024