1 0.05817610062893082 0.11713836477987422 0.036163522012578615 0.12578616352201258
1 0.027515723270440252 0.16037735849056603 0.04559748427672956 0.17138364779874213
1 0.8671383647798742 0.3522012578616352 0.05188679245283019 0.19811320754716982
1 0.7389937106918238 0.9213836477987422 0.0440251572327044 0.15723270440251572
1 0.860062893081761 0.18867924528301888 0.04716981132075472 0.16352201257861634
1 0.8341194968553459 0.04245283018867924 0.031446540880503145 0.08333333333333333
1 0.7767295597484277 0.3671383647798742 0.0440251572327044 0.14622641509433962
1 0.018867924528301886 0.02830188679245283 0.03773584905660377 0.05660377358490566
1 0.7987421383647799 0.279874213836478 0.059748427672955975 0.22955974842767296
1 0.6053459119496856 0.779874213836478 0.19811320754716982 0.43238993710691825
1 0.4811320754716981 0.8026729559748428 0.1289308176100629 0.3946540880503145
1 0.8466981132075472 0.9190251572327044 0.06132075471698113 0.1619496855345912
1 0.8962264150943396 0.8734276729559748 0.07232704402515723 0.20440251572327045
1 0.964622641509434 0.7916666666666666 0.07075471698113207 0.4166666666666667
1 0.8081761006289309 0.7861635220125787 0.09905660377358491 0.3694968553459119
1 0.8962264150943396 0.6761006289308176 0.08176100628930817 0.16981132075471697
1 0.8922955974842768 0.5220125786163522 0.08490566037735849 0.18081761006289307
1 0.9567610062893082 0.3938679245283019 0.08647798742138364 0.3474842767295597
1 0.9575471698113207 0.19732704402515724 0.08490566037735849 0.2248427672955975
1 0.8907232704402516 0.10377358490566038 0.09905660377358491 0.20754716981132076
1 0.9748427672955975 0.07154088050314465 0.040880503144654086 0.10534591194968554
1 0.7531446540880503 0.7099056603773585 0.06132075471698113 0.19654088050314467
1 0.2916666666666667 0.8781446540880503 0.11163522012578617 0.24056603773584906
1 0.2028301886792453 0.8773584905660378 0.07075471698113207 0.2169811320754717
1 0.13364779874213836 0.8757861635220126 0.07547169811320754 0.23113207547169812
1 0.055031446540880505 0.8254716981132075 0.10377358490566038 0.3490566037735849
1 0.1611635220125786 0.6635220125786163 0.08176100628930817 0.23113207547169812
1 0.23349056603773585 0.6761006289308176 0.07389937106918239 0.1650943396226415
1 0.3199685534591195 0.5377358490566038 0.0770440251572327 0.33647798742138363
1 0.3474842767295597 0.3938679245283019 0.07389937106918239 0.22012578616352202
1 0.4229559748427673 0.5220125786163522 0.10377358490566038 0.2389937106918239
1 0.4418238993710692 0.39937106918238996 0.050314465408805034 0.13364779874213836
1 0.5117924528301887 0.4009433962264151 0.09119496855345911 0.2169811320754717
1 0.5998427672955975 0.38443396226415094 0.06289308176100629 0.1619496855345912
1 0.6540880503144654 0.39937106918238996 0.05188679245283019 0.1918238993710692
1 0.7405660377358491 0.42374213836477986 0.09433962264150944 0.17295597484276728
1 0.7240566037735849 0.2130503144654088 0.09905660377358491 0.25471698113207547
1 0.6053459119496856 0.21540880503144655 0.12264150943396226 0.20125786163522014
1 0.45361635220125784 0.2209119496855346 0.07232704402515723 0.13836477987421383
1 0.29245283018867924 0.2775157232704403 0.08962264150943396 0.1918238993710692
1 0.3710691823899371 0.2908805031446541 0.08018867924528301 0.18396226415094338
1 0.24371069182389937 0.5188679245283019 0.05188679245283019 0.15566037735849056
1 0.1650943396226415 0.4261006289308176 0.06446540880503145 0.23113207547169812
1 0.2240566037735849 0.4308176100628931 0.05345911949685535 0.16352201257861634
1 0.054245283018867926 0.35141509433962265 0.07389937106918239 0.26572327044025157
1 0.11084905660377359 0.44261006289308175 0.04874213836477988 0.1792452830188679
1 0.10062893081761007 0.31053459119496857 0.05345911949685535 0.1289308176100629
1 0.12578616352201258 0.22327044025157233 0.07075471698113207 0.2169811320754717
1 0.1918238993710692 0.21462264150943397 0.05660377358490566 0.1871069182389937
1 0.23977987421383648 0.18238993710691823 0.03773584905660377 0.09433962264150944
1 0.5487421383647799 0.05188679245283019 0.055031446540880505 0.10062893081761007
1 0.47562893081761004 0.16745283018867924 0.050314465408805034 0.11320754716981132
1 0.4968553459119497 0.10534591194968554 0.04716981132075472 0.11635220125786164
1 0.30660377358490565 0.06289308176100629 0.06761006289308176 0.10849056603773585
1 0.24056603773584906 0.03773584905660377 0.050314465408805034 0.07547169811320754
1 0.14465408805031446 0.10455974842767296 0.05345911949685535 0.12264150943396226