1 0.03839869281045752 0.11274509803921569 0.042483660130718956 0.1323529411764706
1 0.01715686274509804 0.15849673202614378 0.03431372549019608 0.17973856209150327
1 0.8872549019607843 0.3276143790849673 0.06045751633986928 0.20751633986928106
1 0.7745098039215687 0.9166666666666666 0.05065359477124183 0.1503267973856209
1 0.8741830065359477 0.15849673202614378 0.05555555555555555 0.1715686274509804
1 0.8406862745098039 0.025326797385620915 0.03431372549019608 0.05065359477124183
1 0.7941176470588235 0.3464052287581699 0.05065359477124183 0.15359477124183007
1 0.007352941176470588 0.03431372549019608 0.014705882352941176 0.03594771241830065
1 0.8137254901960784 0.2549019607843137 0.07026143790849673 0.24019607843137256
1 0.630718954248366 0.7761437908496732 0.22058823529411764 0.44607843137254904
1 0.5016339869281046 0.8006535947712419 0.14705882352941177 0.39869281045751637
1 0.886437908496732 0.9101307189542484 0.06862745098039216 0.15522875816993464
1 0.9362745098039216 0.8684640522875817 0.08333333333333333 0.21568627450980393
1 0.9795751633986928 0.7736928104575164 0.04084967320261438 0.4199346405228758
1 0.8415032679738562 0.7810457516339869 0.11601307189542484 0.3872549019607843
1 0.928921568627451 0.6633986928104575 0.0915032679738562 0.17973856209150327
1 0.9191176470588235 0.5032679738562091 0.09477124183006536 0.19117647058823528
1 0.9648692810457516 0.36764705882352944 0.07026143790849673 0.3627450980392157
1 0.9599673202614379 0.1642156862745098 0.06535947712418301 0.23529411764705882
1 0.9027777777777778 0.08905228758169935 0.10947712418300654 0.1781045751633987
1 0.9754901960784313 0.04330065359477124 0.0196078431372549 0.08660130718954248
1 0.7818627450980392 0.7034313725490197 0.07026143790849673 0.20588235294117646
1 0.30718954248366015 0.8839869281045751 0.12418300653594772 0.23202614379084968
1 0.21568627450980393 0.8913398692810458 0.08169934640522876 0.2173202614379085
1 0.14460784313725492 0.8872549019607843 0.08660130718954248 0.22549019607843138
1 0.06209150326797386 0.8325163398692811 0.11437908496732026 0.3349673202614379
1 0.1650326797385621 0.6764705882352942 0.09313725490196079 0.2434640522875817
1 0.24101307189542484 0.6870915032679739 0.08333333333333333 0.17483660130718953
1 0.32598039215686275 0.5400326797385621 0.0915032679738562 0.35294117647058826
1 0.3488562091503268 0.3897058823529412 0.08496732026143791 0.23202614379084968
1 0.43218954248366015 0.5204248366013072 0.11601307189542484 0.25163398692810457
1 0.44689542483660133 0.39215686274509803 0.05718954248366013 0.14052287581699346
1 0.5196078431372549 0.39133986928104575 0.10294117647058823 0.22875816993464052
1 0.6111111111111112 0.3709150326797386 0.0718954248366013 0.16993464052287582
1 0.6674836601307189 0.38480392156862747 0.06045751633986928 0.20098039215686275
1 0.7581699346405228 0.4068627450980392 0.10457516339869281 0.1830065359477124
1 0.7336601307189542 0.18872549019607843 0.11274509803921569 0.2679738562091503
1 0.6102941176470589 0.19526143790849673 0.13398692810457516 0.21405228758169934
1 0.4526143790849673 0.20669934640522875 0.08006535947712418 0.14705882352941177
1 0.2875816993464052 0.27124183006535946 0.09967320261437909 0.20261437908496732
1 0.3700980392156863 0.2818627450980392 0.08986928104575163 0.19444444444444445
1 0.24591503267973855 0.5236928104575164 0.058823529411764705 0.16339869281045752
1 0.16094771241830066 0.4297385620915033 0.07516339869281045 0.24183006535947713
1 0.2222222222222222 0.43300653594771243 0.06209150326797386 0.1715686274509804
1 0.04330065359477124 0.3562091503267974 0.08660130718954248 0.27941176470588236
1 0.1053921568627451 0.4493464052287582 0.05718954248366013 0.18790849673202614
1 0.08986928104575163 0.31209150326797386 0.06045751633986928 0.13562091503267973
1 0.11274509803921569 0.22058823529411764 0.08169934640522876 0.22712418300653595
1 0.18055555555555555 0.20915032679738563 0.06535947712418301 0.19607843137254902
1 0.2295751633986928 0.17401960784313725 0.042483660130718956 0.09967320261437909
1 0.5449346405228758 0.04003267973856209 0.06045751633986928 0.08006535947712418
1 0.4738562091503268 0.1503267973856209 0.05555555555555555 0.119281045751634
1 0.4934640522875817 0.08496732026143791 0.05392156862745098 0.12254901960784313
1 0.29411764705882354 0.05473856209150327 0.07352941176470588 0.09803921568627451
1 0.22549019607843138 0.03594771241830065 0.05392156862745098 0.05555555555555555
1 0.12826797385620914 0.09722222222222222 0.06045751633986928 0.12908496732026145