1 0.1109375 0.2125 0.040625 0.1578125
1 0.009375 0.40390625 0.01875 0.0703125
1 0.42421875 0.29453125 0.0515625 0.1640625
1 0.01484375 0.18515625 0.0296875 0.1296875
1 0.19921875 0.2078125 0.053125 0.1890625
1 0.29453125 0.165625 0.065625 0.209375
1 0.31171875 0.340625 0.0671875 0.196875
1 0.03515625 0.39453125 0.0390625 0.0890625
1 0.234375 0.35625 0.05625 0.165625
1 0.0359375 0.21171875 0.0359375 0.146875
1 0.01484375 0.3765625 0.0296875 0.125
1 0.01640625 0.29765625 0.0328125 0.2171875
1 0.0140625 0.09609375 0.028125 0.1671875
1 0.01953125 0.08046875 0.0390625 0.1609375
1 0.01484375 0.14609375 0.0296875 0.2296875
1 0.07109375 0.11875 0.0578125 0.2375
1 0.41796875 0.103125 0.0453125 0.20625
1 0.3265625 0.07109375 0.08125 0.1421875
1 0.225 0.6515625 0.45 0.425
1 0.08125 0.51171875 0.1625 0.1453125
1 0.91953125 0.53515625 0.0671875 0.1921875
1 0.725 0.72421875 0.0609375 0.2109375
1 0.93984375 0.859375 0.0703125 0.25
1 0.98828125 0.77890625 0.0234375 0.3171875
1 0.60859375 0.6140625 0.1015625 0.35
1 0.8125 0.91015625 0.103125 0.1796875
1 0.7578125 0.6375 0.084375 0.396875
1 0.6671875 0.89140625 0.11875 0.2171875
1 0.83828125 0.7171875 0.09375 0.290625
1 0.5015625 0.89921875 0.103125 0.2015625