1 0.21945337620578778 0.30305466237942125 0.43890675241157556 0.5996784565916399
1 0.7371382636655949 0.2869774919614148 0.41318327974276525 0.5739549839228296
1 0.11655948553054662 0.7098070739549839 0.18488745980707397 0.23311897106109325
1 0.4855305466237942 0.7491961414790996 0.09163987138263666 0.34565916398713825
1 0.5040192926045016 0.7869774919614148 0.1302250803858521 0.42604501607717044
1 0.4815112540192926 0.6872990353697749 0.08360128617363344 0.2202572347266881
1 0.5281350482315113 0.7942122186495176 0.1752411575562701 0.4115755627009646
1 0.6471061093247589 0.8930868167202572 0.16237942122186494 0.20739549839228297
1 0.7652733118971061 0.7186495176848875 0.2491961414790997 0.3215434083601286
1 0.6406752411575563 0.6262057877813505 0.11093247588424437 0.11736334405144695
1 0.6615755627009646 0.6479099678456591 0.10932475884244373 0.16237942122186494
1 0.4702572347266881 0.655144694533762 0.06109324758842444 0.15594855305466238
1 0.7765273311897106 0.614951768488746 0.13344051446945338 0.11093247588424437