1 0.2425249169435216 0.2857142857142857 0.4850498338870432 0.5714285714285714
1 0.7948504983388704 0.29651162790697677 0.41029900332225916 0.5863787375415282
1 0.1212624584717608 0.6760797342192691 0.1877076411960133 0.23920265780730898
1 0.49750830564784054 0.75 0.08803986710963455 0.3554817275747508
1 0.5132890365448505 0.7857142857142857 0.12624584717607973 0.42857142857142855
1 0.49916943521594687 0.6852159468438538 0.08305647840531562 0.22591362126245848
1 0.5373754152823921 0.7940199335548173 0.1744186046511628 0.4119601328903654
1 0.6503322259136213 0.9036544850498339 0.1644518272425249 0.19269102990033224
1 0.7882059800664452 0.7433554817275747 0.25249169435215946 0.3289036544850498
1 0.6686046511627907 0.6370431893687708 0.11129568106312292 0.11960132890365449
1 0.6877076411960132 0.6611295681063123 0.10963455149501661 0.16611295681063123
1 0.4908637873754153 0.6519933554817275 0.059800664451827246 0.15946843853820597
1 0.8089700996677741 0.6378737541528239 0.1362126245847176 0.11295681063122924