1 0.24077490774907748 0.1088560885608856 0.10516605166051661 0.18265682656826568
1 0.10608856088560886 0.2592250922509225 0.2066420664206642 0.46494464944649444
1 0.2140221402214022 0.05904059040590406 0.14022140221402213 0.08302583025830258
1 0.8053505535055351 0.042435424354243544 0.06088560885608856 0.08487084870848709
1 0.8570110701107011 0.09132841328413284 0.08671586715867159 0.18265682656826568
1 0.6079335793357934 0.03136531365313653 0.05719557195571956 0.06273062730627306
1 0.6512915129151291 0.05719557195571956 0.033210332103321034 0.09225092250922509
1 0.7140221402214022 0.18450184501845018 0.055350553505535055 0.16974169741697417
1 0.7527675276752768 0.04797047970479705 0.04428044280442804 0.0959409594095941
1 0.6845018450184502 0.05904059040590406 0.05166051660516605 0.11808118081180811
1 0.7619926199261993 0.16236162361623616 0.06642066420664207 0.1918819188191882
1 0.8025830258302583 0.2140221402214022 0.06642066420664207 0.1918819188191882
1 0.8902214022140221 0.2518450184501845 0.07749077490774908 0.16236162361623616
1 0.966789667896679 0.17988929889298894 0.03690036900369004 0.25092250922509224
1 0.3800738007380074 0.025830258302583026 0.06088560885608856 0.04059040590405904
1 0.5018450184501845 0.04059040590405904 0.04428044280442804 0.08118081180811808
1 0.577490774907749 0.11623616236162361 0.05166051660516605 0.14575645756457564
1 0.6245387453874539 0.13653136531365315 0.05166051660516605 0.12730627306273062
1 0.32564575645756455 0.033210332103321034 0.033210332103321034 0.04059040590405904
1 0.29612546125461253 0.06457564575645756 0.03690036900369004 0.0996309963099631
1 0.35977859778597787 0.14206642066420663 0.07195571955719557 0.17712177121771217
1 0.4640221402214022 0.09225092250922509 0.05166051660516605 0.15682656826568267
1 0.42066420664206644 0.08118081180811808 0.05719557195571956 0.12915129151291513
1 0.511070110701107 0.1392988929889299 0.055350553505535055 0.15313653136531366
1 0.559040590405904 0.19649446494464945 0.04797047970479705 0.13099630996309963
1 0.6531365313653137 0.22047970479704798 0.07195571955719557 0.14760147601476015
1 0.709409594095941 0.2952029520295203 0.055350553505535055 0.1088560885608856
1 0.9077490774907749 0.3413284132841328 0.07749077490774908 0.13653136531365315
1 0.29981549815498154 0.11439114391143912 0.03874538745387454 0.14760147601476015
1 0.29704797047970477 0.17435424354243542 0.02029520295202952 0.09778597785977859
1 0.3154981549815498 0.18081180811808117 0.033210332103321034 0.08487084870848709
1 0.4317343173431734 0.2029520295202952 0.05350553505535055 0.1752767527675277
1 0.47509225092250923 0.22324723247232472 0.05719557195571956 0.14391143911439114
1 0.30719557195571956 0.06826568265682657 0.05904059040590406 0.11070110701107011
1 0.2952029520295203 0.07933579335793357 0.033210332103321034 0.10516605166051661
1 0.3053505535055351 0.14944649446494465 0.04797047970479705 0.18450184501845018
1 0.3007380073800738 0.17896678966789667 0.027675276752767528 0.13099630996309963
1 0.30996309963099633 0.21955719557195572 0.042435424354243544 0.16605166051660517
1 0.30350553505535055 0.22047970479704798 0.02214022140221402 0.08302583025830258
1 0.3828413284132841 0.4086715867158672 0.05719557195571956 0.11070110701107011
1 0.5295202952029521 0.35977859778597787 0.03874538745387454 0.11992619926199262
1 0.46863468634686345 0.3284132841328413 0.04428044280442804 0.08118081180811808
1 0.4547970479704797 0.4086715867158672 0.04797047970479705 0.09778597785977859
1 0.6715867158671587 0.3634686346863469 0.042435424354243544 0.1088560885608856
1 0.7149446494464945 0.3800738007380074 0.04059040590405904 0.08487084870848709
1 0.7915129151291513 0.39391143911439114 0.033210332103321034 0.06642066420664207
1 0.8404059040590406 0.32656826568265684 0.05719557195571956 0.12361623616236163
1 0.7629151291512916 0.31365313653136534 0.046125461254612546 0.1033210332103321
1 0.31273062730627305 0.275830258302583 0.03505535055350553 0.12361623616236163
1 0.3182656826568266 0.34870848708487084 0.03136531365313653 0.11808118081180811
1 0.3736162361623616 0.3044280442804428 0.03874538745387454 0.11254612546125461
1 0.4059040590405904 0.3284132841328413 0.042435424354243544 0.1088560885608856
1 0.3210332103321033 0.37546125461254615 0.03136531365313653 0.11808118081180811
1 0.31273062730627305 0.25276752767527677 0.04428044280442804 0.1918819188191882
1 0.5682656826568265 0.4160516605166052 0.03136531365313653 0.06088560885608856
1 0.5359778597785978 0.44003690036900367 0.023985239852398525 0.01845018450184502
1 0.5636531365313653 0.3311808118081181 0.025830258302583026 0.07195571955719557
1 0.31365313653136534 0.246309963099631 0.03136531365313653 0.08118081180811808
1 0.3459409594095941 0.279520295202952 0.046125461254612546 0.15498154981549817
1 0.3007380073800738 0.2029520295202952 0.02214022140221402 0.1070110701107011
1 0.31088560885608857 0.3016605166051661 0.025830258302583026 0.11254612546125461
1 0.3284132841328413 0.4280442804428044 0.03690036900369004 0.07933579335793357
1 0.3505535055350554 0.4345018450184502 0.033210332103321034 0.06273062730627306
1 0.8597785977859779 0.4077490774907749 0.025830258302583026 0.027675276752767528
1 0.7656826568265682 0.3948339483394834 0.033210332103321034 0.06826568265682657
1 0.7407749077490775 0.40682656826568264 0.03136531365313653 0.04981549815498155
1 0.6660516605166051 0.4261992619926199 0.02029520295202952 0.023985239852398525
1 0.6208487084870848 0.39760147601476015 0.04059040590405904 0.08487084870848709
1 0.6171586715867159 0.3182656826568266 0.02214022140221402 0.06457564575645756
1 0.933579335793358 0.4077490774907749 0.02214022140221402 0.014760147601476014
1 0.8118081180811808 0.4123616236162362 0.025830258302583026 0.025830258302583026
1 0.3191881918819188 0.3662361623616236 0.027675276752767528 0.08671586715867159
1 0.3182656826568266 0.40129151291512916 0.02029520295202952 0.08856088560885608
1 0.5968634686346863 0.4261992619926199 0.02952029520295203 0.03690036900369004
1 0.18081180811808117 0.7333948339483395 0.36162361623616235 0.533210332103321
1 0.22416974169741696 0.8523985239852399 0.17158671586715868 0.24907749077490776
1 0.8883763837638377 0.6900369003690037 0.22324723247232472 0.5645756457564576
1 0.4944649446494465 0.7103321033210332 0.35424354243542433 0.540590405904059