1 0.9330645161290323 0.5225806451612903 0.10161290322580645 0.1870967741935484
1 0.8145161290322581 0.7040322580645161 0.1064516129032258 0.15645161290322582
1 0.9064516129032258 0.8362903225806452 0.07903225806451612 0.20161290322580644
1 0.9516129032258065 0.7120967741935483 0.09193548387096774 0.1774193548387097
1 0.6516129032258065 0.7709677419354839 0.08870967741935484 0.1435483870967742
1 0.25 0.7411290322580645 0.1064516129032258 0.2032258064516129
1 0.3879032258064516 0.6991935483870968 0.08548387096774193 0.16774193548387098
1 0.22258064516129034 0.5854838709677419 0.05967741935483871 0.1032258064516129
1 0.07903225806451612 0.85 0.15806451612903225 0.25161290322580643
1 0.12419354838709677 0.7540322580645161 0.06774193548387097 0.13870967741935483
1 0.08790322580645162 0.49274193548387096 0.07258064516129033 0.2129032258064516
1 0.14758064516129032 0.5798387096774194 0.06935483870967742 0.13064516129032258
1 0.5903225806451613 0.4403225806451613 0.06774193548387097 0.13709677419354838
1 0.7112903225806452 0.5258064516129032 0.06129032258064516 0.1967741935483871
1 0.6661290322580645 0.2903225806451613 0.0532258064516129 0.1064516129032258
1 0.7096774193548387 0.21451612903225806 0.0532258064516129 0.12903225806451613
1 0.2709677419354839 0.6201612903225806 0.05161290322580645 0.1032258064516129
1 0.4935483870967742 0.3911290322580645 0.1 0.20967741935483872
1 0.925 0.34516129032258064 0.07258064516129033 0.14193548387096774
1 0.5145161290322581 0.7782258064516129 0.15483870967741936 0.4435483870967742
1 0.6790322580645162 0.8346774193548387 0.14516129032258066 0.33064516129032256
1 0.40241935483870966 0.47258064516129034 0.1435483870967742 0.32741935483870965
1 0.29354838709677417 0.3741935483870968 0.11612903225806452 0.29516129032258065
1 0.19193548387096773 0.37016129032258066 0.13225806451612904 0.24516129032258063
1 0.5467741935483871 0.2814516129032258 0.07258064516129033 0.18548387096774194