1 0.29323899371069184 0.43474842767295596 0.05660377358490566 0.18238993710691823
1 0.21462264150943397 0.6092767295597484 0.1069182389937107 0.139937106918239
1 0.0589622641509434 0.654874213836478 0.08647798742138364 0.0660377358490566
1 0.031446540880503145 0.6297169811320755 0.05660377358490566 0.11635220125786164
1 0.025157232704402517 0.6179245283018868 0.04716981132075472 0.139937106918239
1 0.015723270440251572 0.5204402515723271 0.031446540880503145 0.10062893081761007
1 0.02279874213836478 0.6540880503144654 0.03459119496855346 0.06761006289308176
1 0.01729559748427673 0.43238993710691825 0.03459119496855346 0.20754716981132076
1 0.018081761006289308 0.5165094339622641 0.036163522012578615 0.12735849056603774
1 0.013364779874213837 0.375 0.026729559748427674 0.13364779874213836
1 0.1029874213836478 0.45047169811320753 0.0660377358490566 0.19339622641509435
1 0.04245283018867924 0.2248427672955975 0.055031446540880505 0.10534591194968554
1 0.08018867924528301 0.14858490566037735 0.05660377358490566 0.12735849056603774
1 0.014150943396226415 0.5542452830188679 0.02830188679245283 0.10062893081761007
1 0.02122641509433962 0.3270440251572327 0.04245283018867924 0.20440251572327045
1 0.2861635220125786 0.2617924528301887 0.05188679245283019 0.13836477987421383
1 0.03930817610062893 0.5872641509433962 0.07861635220125786 0.19968553459119498
1 0.08726415094339622 0.6391509433962265 0.139937106918239 0.0959119496855346
1 0.03459119496855346 0.40723270440251574 0.06918238993710692 0.32075471698113206
1 0.025157232704402517 0.31446540880503143 0.050314465408805034 0.2893081761006289
1 0.02830188679245283 0.3121069182389937 0.05660377358490566 0.24056603773584906
1 0.0110062893081761 0.2209119496855346 0.0220125786163522 0.18081761006289307
1 0.7712264150943396 0.1501572327044025 0.33176100628930816 0.300314465408805
1 0.8089622641509434 0.40723270440251574 0.300314465408805 0.2720125786163522
1 0.5432389937106918 0.16037735849056603 0.21855345911949686 0.2830188679245283
1 0.5290880503144654 0.529874213836478 0.2169811320754717 0.2720125786163522
1 0.5235849056603774 0.036163522012578615 0.16037735849056603 0.07232704402515723
1 0.06839622641509434 0.8191823899371069 0.0330188679245283 0.07075471698113207
1 0.027515723270440252 0.8482704402515723 0.025157232704402517 0.08490566037735849
1 0.11635220125786164 0.8734276729559748 0.05345911949685535 0.09433962264150944
1 0.030660377358490566 0.8985849056603774 0.025157232704402517 0.09433962264150944
1 0.21540880503144655 0.9512578616352201 0.040880503144654086 0.09119496855345911
1 0.02437106918238994 0.8223270440251572 0.018867924528301886 0.059748427672955975
1 0.3081761006289308 0.7028301886792453 0.026729559748427674 0.06289308176100629
1 0.02830188679245283 0.7940251572327044 0.03459119496855346 0.139937106918239
1 0.2908805031446541 0.8301886792452831 0.04716981132075472 0.11635220125786164
1 0.031446540880503145 0.9709119496855346 0.018867924528301886 0.05817610062893082
1 0.019654088050314465 0.7122641509433962 0.0220125786163522 0.05188679245283019
1 0.025157232704402517 0.7177672955974843 0.031446540880503145 0.06289308176100629
1 0.1792452830188679 0.6981132075471698 0.025157232704402517 0.03930817610062893
1 0.15566037735849056 0.9748427672955975 0.040880503144654086 0.050314465408805034
1 0.2028301886792453 0.714622641509434 0.031446540880503145 0.07547169811320754
1 0.027515723270440252 0.8836477987421384 0.018867924528301886 0.06289308176100629
1 0.28852201257861637 0.9811320754716981 0.04874213836477988 0.03773584905660377
1 0.025943396226415096 0.7492138364779874 0.0330188679245283 0.12578616352201258
1 0.16430817610062892 0.8529874213836478 0.0440251572327044 0.09276729559748427
1 0.26022012578616355 0.6886792452830188 0.031446540880503145 0.029874213836477988
1 0.7727987421383647 0.8977987421383647 0.2830188679245283 0.1918238993710692