1 0.05860805860805861 0.4734432234432234 0.11538461538461539 0.21245421245421245
1 0.19322344322344323 0.6794871794871795 0.12087912087912088 0.17765567765567766
1 0.08882783882783883 0.8296703296703297 0.08974358974358974 0.22893772893772893
1 0.045787545787545784 0.6886446886446886 0.08791208791208792 0.20146520146520147
1 0.3782051282051282 0.7554945054945055 0.10073260073260074 0.163003663003663
1 0.8342490842490843 0.7216117216117216 0.12087912087912088 0.23076923076923078
1 0.6776556776556777 0.673992673992674 0.09523809523809523 0.19047619047619047
1 0.8653846153846154 0.5448717948717948 0.06776556776556776 0.11721611721611722
1 0.9688644688644689 0.8470695970695971 0.06227106227106227 0.2838827838827839
1 0.9688644688644689 0.7362637362637363 0.06227106227106227 0.1575091575091575
1 0.9880952380952381 0.43864468864468864 0.023809523809523808 0.23992673992673993
1 0.9505494505494505 0.5384615384615384 0.07875457875457875 0.14835164835164835
1 0.4478021978021978 0.38003663003663 0.07692307692307693 0.15567765567765568
1 0.31043956043956045 0.47710622710622713 0.06776556776556776 0.22344322344322345
1 0.3617216117216117 0.2097069597069597 0.06043956043956044 0.12087912087912088
1 0.31227106227106227 0.12454212454212454 0.05860805860805861 0.14652014652014653
1 0.8104395604395604 0.5842490842490843 0.05860805860805861 0.11721611721611722
1 0.5576923076923077 0.3241758241758242 0.11355311355311355 0.23809523809523808
1 0.06776556776556776 0.27197802197802196 0.08241758241758242 0.16117216117216118
1 0.5311355311355311 0.7554945054945055 0.17582417582417584 0.489010989010989
1 0.3434065934065934 0.8205128205128205 0.163003663003663 0.358974358974359
1 0.6611721611721612 0.4166666666666667 0.16483516483516483 0.3717948717948718
1 0.7847985347985348 0.30494505494505497 0.13186813186813187 0.33516483516483514
1 0.9001831501831502 0.30036630036630035 0.15018315018315018 0.2783882783882784
1 0.49725274725274726 0.19963369963369965 0.08241758241758242 0.21062271062271062