1 0.3175 0.10583333333333333 0.11166666666666666 0.16333333333333333
1 0.3875 0.0375 0.028333333333333332 0.07
1 0.14833333333333334 0.06166666666666667 0.09166666666666666 0.10333333333333333
1 0.005833333333333334 0.09416666666666666 0.011666666666666667 0.155
1 0.0175 0.050833333333333335 0.035 0.07166666666666667
1 0.09166666666666666 0.3825 0.07333333333333333 0.14
1 0.215 0.2925 0.06666666666666667 0.20333333333333334
1 0.17166666666666666 0.5366666666666666 0.056666666666666664 0.11
1 0.2175 0.585 0.056666666666666664 0.07833333333333334
1 0.0225 0.4325 0.045 0.215
1 0.04583333333333333 0.1375 0.09166666666666666 0.24833333333333332
1 0.18 0.07666666666666666 0.14833333333333334 0.13666666666666666
1 0.02 0.3475 0.04 0.3383333333333333
1 0.014166666666666666 0.4483333333333333 0.028333333333333332 0.30333333333333334
1 0.018333333333333333 0.4483333333333333 0.03666666666666667 0.25333333333333335
1 0.04833333333333333 0.5408333333333334 0.07833333333333334 0.17833333333333334
1 0.20833333333333334 0.7575 0.4066666666666667 0.2816666666666667