1 0.3094059405940594 0.1353135313531353 0.11386138613861387 0.16336633663366337
1 0.37541254125412543 0.052805280528052806 0.03135313531353135 0.09570957095709572
1 0.14026402640264027 0.08085808580858085 0.09405940594059406 0.13036303630363036
1 0.0033003300330033004 0.11551155115511551 0.006600660066006601 0.18151815181518152
1 0.014026402640264026 0.07343234323432343 0.028052805280528052 0.09735973597359736
1 0.08993399339933994 0.41254125412541254 0.07425742574257425 0.14026402640264027
1 0.2103960396039604 0.320957095709571 0.06930693069306931 0.20297029702970298
1 0.1716171617161716 0.5635313531353136 0.057755775577557754 0.11056105610561057
1 0.21864686468646866 0.6105610561056105 0.056105610561056105 0.07920792079207921
1 0.02392739273927393 0.4628712871287129 0.04785478547854786 0.21287128712871287
1 0.04372937293729373 0.15841584158415842 0.08745874587458746 0.2739273927392739
1 0.1716171617161716 0.09488448844884488 0.15016501650165018 0.16336633663366337
1 0.020627062706270627 0.3803630363036304 0.041254125412541254 0.334983498349835
1 0.0165016501650165 0.4793729372937294 0.033003300330033 0.30198019801980197
1 0.019801980198019802 0.4801980198019802 0.039603960396039604 0.2508250825082508
1 0.05033003300330033 0.5701320132013201 0.07920792079207921 0.1782178217821782
1 0.21122112211221122 0.7821782178217822 0.4075907590759076 0.2854785478547855