1 0.9484536082474226 0.563573883161512 0.10309278350515463 0.2027491408934708
1 0.8221649484536082 0.7525773195876289 0.11855670103092783 0.17010309278350516
1 0.9149484536082474 0.8943298969072165 0.09106529209621993 0.211340206185567
1 0.9544673539518901 0.7654639175257731 0.07560137457044673 0.19072164948453607
1 0.6469072164948454 0.8178694158075601 0.09965635738831616 0.1563573883161512
1 0.21993127147766323 0.770618556701031 0.12027491408934708 0.21993127147766323
1 0.36855670103092786 0.7310996563573883 0.09621993127147767 0.18213058419243985
1 0.19673539518900343 0.6048109965635738 0.06701030927835051 0.11168384879725086
1 0.06099656357388316 0.8625429553264605 0.12199312714776632 0.23367697594501718
1 0.0859106529209622 0.7800687285223368 0.07731958762886598 0.14948453608247422
1 0.05670103092783505 0.5008591065292096 0.0859106529209622 0.22852233676975944
1 0.11769759450171821 0.5962199312714777 0.07903780068728522 0.140893470790378
1 0.5936426116838488 0.4639175257731959 0.07731958762886598 0.14776632302405499
1 0.7199312714776632 0.5584192439862543 0.07216494845360824 0.211340206185567
1 0.679553264604811 0.30670103092783507 0.06013745704467354 0.11512027491408934
1 0.729381443298969 0.22852233676975944 0.061855670103092786 0.13917525773195877
1 0.24742268041237114 0.6434707903780069 0.058419243986254296 0.11168384879725086
1 0.49312714776632305 0.4072164948453608 0.11512027491408934 0.2268041237113402
1 0.9536082474226805 0.3745704467353952 0.08075601374570447 0.15292096219931273
1 0.5025773195876289 0.7912371134020618 0.17697594501718214 0.4175257731958763
1 0.6743986254295533 0.8539518900343642 0.16323024054982818 0.2920962199312715
1 0.3917525773195876 0.49054982817869414 0.16323024054982818 0.3539518900343643
1 0.2800687285223368 0.38144329896907214 0.13402061855670103 0.3178694158075601
1 0.1718213058419244 0.3745704467353952 0.14948453608247422 0.2663230240549828
1 0.5532646048109966 0.2929553264604811 0.08419243986254296 0.19931271477663232