1 0.9258064516129032 0.5266129032258065 0.11451612903225807 0.1935483870967742
1 0.7951612903225806 0.6991935483870968 0.11612903225806452 0.1629032258064516
1 0.8774193548387097 0.8370967741935483 0.0935483870967742 0.2064516129032258
1 0.9330645161290323 0.717741935483871 0.10483870967741936 0.18225806451612903
1 0.6282258064516129 0.7548387096774194 0.0967741935483871 0.14838709677419354
1 0.22903225806451613 0.6967741935483871 0.12096774193548387 0.20967741935483872
1 0.37016129032258066 0.6645161290322581 0.0967741935483871 0.17258064516129032
1 0.2129032258064516 0.5395161290322581 0.06612903225806452 0.1064516129032258
1 0.06935483870967742 0.7935483870967742 0.13870967741935483 0.26129032258064516
1 0.1032258064516129 0.7008064516129032 0.07741935483870968 0.14193548387096774
1 0.08548387096774193 0.43790322580645163 0.08709677419354839 0.2161290322580645
1 0.13870967741935483 0.5290322580645161 0.07903225806451612 0.1338709677419355
1 0.5903225806451613 0.42016129032258065 0.07741935483870968 0.1403225806451613
1 0.7048387096774194 0.5137096774193548 0.07419354838709677 0.2
1 0.6758064516129032 0.27580645161290324 0.06129032258064516 0.10967741935483871
1 0.725 0.20403225806451614 0.06290322580645161 0.13064516129032258
1 0.25887096774193546 0.5774193548387097 0.05806451612903226 0.10483870967741936
1 0.4975806451612903 0.36451612903225805 0.11451612903225807 0.2161290322580645
1 0.9306451612903226 0.34919354838709676 0.08064516129032258 0.14516129032258066
1 0.49032258064516127 0.7629032258064516 0.1870967741935484 0.47419354838709676
1 0.6491935483870968 0.825 0.1693548387096774 0.35
1 0.4 0.43951612903225806 0.16451612903225807 0.3370967741935484
1 0.29838709677419356 0.33306451612903226 0.13709677419354838 0.3016129032258065
1 0.1975806451612903 0.3225806451612903 0.14838709677419354 0.2532258064516129
1 0.557258064516129 0.25887096774193546 0.08548387096774193 0.18870967741935485