1 0.3977635782747604 0.03354632587859425 0.07827476038338659 0.06549520766773163
1 0.25 0.03274760383386582 0.08626198083067092 0.05910543130990415
1 0.019169329073482427 0.051118210862619806 0.038338658146964855 0.08626198083067092
1 0.01437699680511182 0.04313099041533546 0.02875399361022364 0.07028753993610223
1 0.00878594249201278 0.09664536741214058 0.01757188498402556 0.10063897763578275
1 0.03194888178913738 0.06230031948881789 0.06389776357827476 0.11182108626198083
1 0.009584664536741214 0.03514376996805112 0.019169329073482427 0.054313099041533544
1 0.011980830670926517 0.18610223642172524 0.023961661341853034 0.20926517571884984
1 0.011182108626198083 0.10063897763578275 0.022364217252396165 0.12779552715654952
1 0.1876996805111821 0.2452076677316294 0.0670926517571885 0.134185303514377
1 0.3083067092651757 0.16054313099041534 0.06070287539936102 0.19488817891373802
1 0.26277955271565495 0.3937699680511182 0.052715654952076675 0.10543130990415335
1 0.3059105431309904 0.4472843450479233 0.052715654952076675 0.0878594249201278
1 0.005591054313099041 0.06389776357827476 0.011182108626198083 0.10223642172523961
1 0.09185303514376997 0.2939297124600639 0.09904153354632587 0.20607028753993611
1 0.11741214057507987 0.11661341853035144 0.1485623003194888 0.22364217252396165
1 0.2803514376996805 0.08706070287539937 0.14057507987220447 0.16773162939297126
1 0.035942492012779555 0.21166134185303515 0.07188498402555911 0.3242811501597444
1 0.023961661341853034 0.3075079872204473 0.04792332268370607 0.29233226837060705
1 0.027955271565495207 0.3083067092651757 0.05591054313099041 0.24281150159744408
1 0.14456869009584664 0.402555910543131 0.07188498402555911 0.18370607028753994
1 0.6118210862619808 0.08706070287539937 0.10223642172523961 0.13578274760383385
1 0.7907348242811502 0.023961661341853034 0.09584664536741214 0.04792332268370607
1 0.9880191693290735 0.4273162939297125 0.023961661341853034 0.10223642172523961
1 0.8929712460063898 0.3075079872204473 0.04153354632587859 0.0878594249201278
1 0.5023961661341853 0.36661341853035145 0.04952076677316294 0.12619808306709265
1 0.9424920127795527 0.3730031948881789 0.06869009584664537 0.14217252396166133
1 0.9193290734824281 0.023961661341853034 0.09424920127795527 0.04792332268370607
1 0.5543130990415336 0.038338658146964855 0.06389776357827476 0.07667731629392971
1 0.8506389776357828 0.027156549520766772 0.09424920127795527 0.054313099041533544
1 0.4520766773162939 0.22124600638977635 0.027156549520766772 0.134185303514377
1 0.603035143769968 0.18849840255591055 0.04472843450479233 0.08626198083067092
1 0.6413738019169329 0.46565495207667734 0.025559105431309903 0.038338658146964855
1 0.5503194888178914 0.4416932907348243 0.06549520766773163 0.09105431309904154
1 0.7579872204472844 0.02476038338658147 0.06869009584664537 0.04952076677316294
1 0.7611821086261981 0.00718849840255591 0.05591054313099041 0.01437699680511182
1 0.549520766773163 0.015175718849840255 0.03514376996805112 0.03035143769968051
1 0.4504792332268371 0.3402555910543131 0.019169329073482427 0.10063897763578275
1 0.8674121405750799 0.010383386581469648 0.08945686900958466 0.020766773162939296
1 0.4512779552715655 0.26517571884984026 0.023961661341853034 0.10702875399361023
1 0.48642172523961663 0.4512779552715655 0.0463258785942492 0.07188498402555911
1 0.45527156549520764 0.3514376996805112 0.02875399361022364 0.10063897763578275
1 0.6413738019169329 0.029552715654952075 0.06869009584664537 0.05910543130990415
1 0.7563897763578274 0.4217252396166134 0.03194888178913738 0.0878594249201278
1 0.8929712460063898 0.048722044728434506 0.05750798722044728 0.09744408945686901
1 0.7292332268370607 0.048722044728434506 0.03194888178913738 0.08626198083067092
1 0.9624600638977636 0.034345047923322686 0.05910543130990415 0.06869009584664537
1 0.8921725239616614 0.42012779552715657 0.03354632587859425 0.10862619808306709
1 0.6613418530351438 0.46086261980830673 0.025559105431309903 0.0463258785942492
1 0.9720447284345048 0.0694888178913738 0.04313099041533546 0.1389776357827476
1 0.8123003194888179 0.08386581469648563 0.025559105431309903 0.07667731629392971
1 0.9129392971246006 0.007987220447284345 0.04313099041533546 0.01597444089456869
1 0.7699680511182109 0.06309904153354633 0.051118210862619806 0.12619808306709265
1 0.792332268370607 0.40175718849840253 0.03035143769968051 0.07667731629392971
1 0.5455271565495208 0.01437699680511182 0.052715654952076675 0.02875399361022364
1 0.5343450479233227 0.2971246006389776 0.04153354632587859 0.08306709265175719
1 0.8426517571884984 0.16932907348242812 0.03194888178913738 0.08626198083067092
1 0.5686900958466453 0.31629392971246006 0.03514376996805112 0.07507987220447285
1 0.7779552715654952 0.46485623003194887 0.03035143769968051 0.03514376996805112
1 0.5567092651757188 0.365814696485623 0.038338658146964855 0.09424920127795527
1 0.4504792332268371 0.40175718849840253 0.01757188498402556 0.08306709265175719
1 0.8258785942492013 0.3218849840255591 0.03514376996805112 0.08466453674121406
1 0.8234824281150159 0.03274760383386582 0.06869009584664537 0.06549520766773163
1 0.9808306709265175 0.015175718849840255 0.019169329073482427 0.03035143769968051
1 0.7531948881789138 0.19488817891373802 0.022364217252396165 0.051118210862619806
1 0.5678913738019169 0.00878594249201278 0.03035143769968051 0.01757188498402556
1 0.6509584664536742 0.41054313099041534 0.03194888178913738 0.10063897763578275
1 0.8618210862619808 0.4680511182108626 0.025559105431309903 0.025559105431309903
1 0.4584664536741214 0.44009584664536744 0.03194888178913738 0.09584664536741214
1 0.481629392971246 0.04313099041533546 0.09424920127795527 0.08626198083067092
1 0.6214057507987221 0.2979233226837061 0.05910543130990415 0.1597444089456869
1 0.45926517571884984 0.4488817891373802 0.03354632587859425 0.07827476038338659
1 0.28514376996805113 0.744408945686901 0.33386581469648563 0.5111821086261981
1 0.7659744408945687 0.9185303514376997 0.07348242811501597 0.15495207667731628
1 0.8362619808306709 0.9400958466453674 0.05750798722044728 0.11022364217252396
1 0.6972843450479234 0.9369009584664537 0.04792332268370607 0.11980830670926518
1 0.9936102236421726 0.9089456869009584 0.012779552715654952 0.16293929712460065
1 0.48003194888178913 0.9329073482428115 0.04313099041533546 0.11661341853035144
1 0.5295527156549521 0.9361022364217252 0.038338658146964855 0.10862619808306709
1 0.5638977635782748 0.920926517571885 0.039936102236421724 0.13578274760383385
1 0.5982428115015974 0.9369009584664537 0.051118210862619806 0.12460063897763578
1 0.9017571884984026 0.9041533546325878 0.07028753993610223 0.17891373801916932
1 0.9608626198083067 0.9161341853035144 0.06389776357827476 0.15335463258785942
1 0.46166134185303515 0.8905750798722045 0.022364217252396165 0.1182108626198083
1 0.46485623003194887 0.8099041533546326 0.03194888178913738 0.12939297124600638
1 0.5191693290734825 0.7859424920127795 0.022364217252396165 0.06230031948881789
1 0.5623003194888179 0.8210862619808307 0.05591054313099041 0.0926517571884984
1 0.615814696485623 0.786741214057508 0.04472843450479233 0.10862619808306709
1 0.6557507987220448 0.895367412140575 0.04792332268370607 0.16134185303514376
1 0.8035143769968051 0.8410543130990416 0.054313099041533544 0.08945686900958466