1 0.9577464788732394 0.4727112676056338 0.08450704225352113 0.20598591549295775
1 0.8389084507042254 0.2790492957746479 0.12147887323943662 0.1742957746478873
1 0.9348591549295775 0.13204225352112675 0.09330985915492958 0.22183098591549297
1 0.9647887323943662 0.2649647887323944 0.058098591549295774 0.1936619718309859
1 0.659330985915493 0.21214788732394366 0.10211267605633803 0.1602112676056338
1 0.22183098591549297 0.2605633802816901 0.12323943661971831 0.22535211267605634
1 0.37411971830985913 0.301056338028169 0.09859154929577464 0.18838028169014084
1 0.19806338028169015 0.43133802816901406 0.06866197183098592 0.11443661971830986
1 0.06073943661971831 0.1522887323943662 0.12147887323943662 0.2658450704225352
1 0.08538732394366197 0.25088028169014087 0.07922535211267606 0.15316901408450703
1 0.05545774647887324 0.5378521126760564 0.0880281690140845 0.23415492957746478
1 0.11707746478873239 0.44014084507042256 0.08098591549295775 0.1443661971830986
1 0.6056338028169014 0.5757042253521126 0.07922535211267606 0.14964788732394366
1 0.7341549295774648 0.4779929577464789 0.07394366197183098 0.21654929577464788
1 0.6927816901408451 0.7367957746478874 0.061619718309859156 0.11795774647887323
1 0.7438380281690141 0.8169014084507042 0.06338028169014084 0.1426056338028169
1 0.25 0.39172535211267606 0.05985915492957746 0.11619718309859155
1 0.5017605633802817 0.6329225352112676 0.11795774647887323 0.2306338028169014
1 0.965669014084507 0.6663732394366197 0.06866197183098592 0.15669014084507044
1 0.5105633802816901 0.2262323943661972 0.18309859154929578 0.4524647887323944
1 0.6883802816901409 0.1619718309859155 0.16901408450704225 0.323943661971831
1 0.3987676056338028 0.5475352112676056 0.16725352112676056 0.3626760563380282
1 0.2834507042253521 0.659330985915493 0.13732394366197184 0.3257042253521127
1 0.17253521126760563 0.6672535211267606 0.15316901408450703 0.272887323943662
1 0.5633802816901409 0.7508802816901409 0.08626760563380281 0.20422535211267606