1 0.059027777777777776 0.4965277777777778 0.11631944444444445 0.2048611111111111
1 0.1935763888888889 0.6866319444444444 0.11979166666666667 0.171875
1 0.09895833333333333 0.8324652777777778 0.0920138888888889 0.21875
1 0.051215277777777776 0.6996527777777778 0.09375 0.19270833333333334
1 0.3706597222222222 0.7526041666666666 0.10069444444444445 0.1579861111111111
1 0.8020833333333334 0.7048611111111112 0.12152777777777778 0.2222222222222222
1 0.6519097222222222 0.6649305555555556 0.0954861111111111 0.18229166666666666
1 0.8255208333333334 0.5364583333333334 0.06770833333333333 0.11284722222222222
1 0.9496527777777778 0.8185763888888888 0.10069444444444445 0.2725694444444444
1 0.9375 0.7144097222222222 0.0798611111111111 0.15104166666666666
1 0.9618055555555556 0.4314236111111111 0.0763888888888889 0.2309027777777778
1 0.9053819444444444 0.5286458333333334 0.0798611111111111 0.1423611111111111
1 0.4244791666666667 0.3940972222222222 0.078125 0.14930555555555555
1 0.296875 0.4904513888888889 0.07118055555555555 0.21354166666666666
1 0.3376736111111111 0.23524305555555555 0.06076388888888889 0.11631944444444445
1 0.2873263888888889 0.15625 0.06076388888888889 0.140625
1 0.7743055555555556 0.5763888888888888 0.059027777777777776 0.11284722222222222
1 0.5260416666666666 0.3376736111111111 0.11631944444444445 0.22916666666666666
1 0.06076388888888889 0.3046875 0.08159722222222222 0.1545138888888889
1 0.5164930555555556 0.7569444444444444 0.18229166666666666 0.4861111111111111
1 0.3411458333333333 0.8211805555555556 0.1684027777777778 0.3576388888888889
1 0.6284722222222222 0.421875 0.16666666666666666 0.3576388888888889
1 0.7413194444444444 0.3116319444444444 0.13541666666666666 0.3211805555555556
1 0.8506944444444444 0.3046875 0.15104166666666666 0.2690972222222222
1 0.4652777777777778 0.2222222222222222 0.08506944444444445 0.2013888888888889