1 0.49910071942446044 0.585431654676259 0.10611510791366907 0.16366906474820145
1 0.05935251798561151 0.5260791366906474 0.11870503597122302 0.23201438848920863
1 0.20953237410071943 0.4892086330935252 0.10431654676258993 0.1906474820143885
1 0.0368705035971223 0.3534172661870504 0.06294964028776978 0.11690647482014388
1 0.4505395683453237 0.2131294964028777 0.08453237410071943 0.1564748201438849
1 0.5809352517985612 0.31564748201438847 0.07913669064748201 0.22122302158273383
1 0.5422661870503597 0.05485611510791367 0.06474820143884892 0.10971223021582734
1 0.591726618705036 0.03597122302158273 0.06115107913669065 0.06474820143884892
1 0.08453237410071943 0.3947841726618705 0.06294964028776978 0.11690647482014388
1 0.3462230215827338 0.1528776978417266 0.12410071942446044 0.2392086330935252
1 0.35251798561151076 0.5116906474820144 0.18705035971223022 0.35251798561151076
1 0.5314748201438849 0.585431654676259 0.16906474820143885 0.2302158273381295
1 0.2392086330935252 0.2383093525179856 0.17805755395683454 0.3723021582733813
1 0.12320143884892086 0.1447841726618705 0.14568345323741008 0.289568345323741
1 0.053057553956834536 0.12589928057553956 0.0737410071942446 0.2517985611510791
1 0.40827338129496404 0.06924460431654676 0.08633093525179857 0.13848920863309352
1 0.9406474820143885 0.4199640287769784 0.11870503597122302 0.6133093525179856
1 0.06205035971223022 0.814748201438849 0.12410071942446044 0.31654676258992803
1 0.9766187050359713 0.7544964028776978 0.017985611510791366 0.05575539568345324
1 0.9163669064748201 0.8893884892086331 0.11690647482014388 0.17985611510791366
1 0.8345323741007195 0.9244604316546763 0.22661870503597123 0.1510791366906475
1 0.7185251798561151 0.9469424460431655 0.09892086330935251 0.10611510791366907
1 0.6564748201438849 0.9046762589928058 0.08633093525179857 0.1906474820143885
1 0.8057553956834532 0.8579136690647482 0.07553956834532374 0.16007194244604317
1 0.7320143884892086 0.7976618705035972 0.06654676258992806 0.11151079136690648
1 0.6420863309352518 0.8192446043165468 0.03597122302158273 0.11510791366906475
1 0.6420863309352518 0.7724820143884892 0.030575539568345324 0.11151079136690648
1 0.64568345323741 0.7284172661870504 0.02697841726618705 0.052158273381294966
1 0.6438848920863309 0.7203237410071942 0.02158273381294964 0.03597122302158273
1 0.6438848920863309 0.7221223021582733 0.02158273381294964 0.039568345323741004
1 0.6762589928057554 0.7248201438848921 0.050359712230215826 0.04316546762589928
1 0.8660071942446043 0.7365107913669064 0.048561151079136694 0.039568345323741004
1 0.9361510791366906 0.7589928057553957 0.048561151079136694 0.0737410071942446