1 0.52 0.5141666666666667 0.08833333333333333 0.14666666666666667
1 0.10416666666666667 0.49 0.10666666666666667 0.20833333333333334
1 0.24583333333333332 0.44416666666666665 0.085 0.17166666666666666
1 0.07333333333333333 0.33 0.06 0.105
1 0.025833333333333333 0.5458333333333333 0.051666666666666666 0.135
1 0.004166666666666667 0.5058333333333334 0.008333333333333333 0.14166666666666666
1 0.015 0.325 0.03 0.13333333333333333
1 0.4508333333333333 0.17333333333333334 0.06833333333333333 0.14
1 0.5775 0.25916666666666666 0.06 0.20166666666666666
1 0.525 0.035 0.05333333333333334 0.07
1 0.57 0.014166666666666666 0.05333333333333334 0.028333333333333332
1 0.12416666666666666 0.365 0.051666666666666666 0.105
1 0.35 0.12416666666666666 0.1 0.215
1 0.37916666666666665 0.455 0.15166666666666667 0.31666666666666665
1 0.55 0.5116666666666667 0.14333333333333334 0.20333333333333334
1 0.25666666666666665 0.21 0.14166666666666666 0.33666666666666667
1 0.1425 0.13083333333333333 0.115 0.26166666666666666
1 0.051666666666666666 0.11666666666666667 0.10333333333333333 0.23333333333333334
1 0.4025 0.0525 0.07166666666666667 0.105
1 0.9408333333333333 0.33166666666666667 0.11833333333333333 0.5633333333333334
1 0.1025 0.7991666666666667 0.15166666666666667 0.37166666666666665
1 0.013333333333333334 0.8066666666666666 0.02666666666666667 0.38666666666666666
1 0.7208333333333333 0.9708333333333333 0.135 0.058333333333333334
1 0.99 0.685 0.02 0.09333333333333334
1 0.9825 0.6391666666666667 0.035 0.051666666666666666
1 0.925 0.7683333333333333 0.09666666666666666 0.16
1 0.8533333333333334 0.8716666666666667 0.2 0.25666666666666665
1 0.7475 0.8666666666666667 0.085 0.155
1 0.6866666666666666 0.8108333333333333 0.06666666666666667 0.195
1 0.8208333333333333 0.7458333333333333 0.06 0.145
1 0.7483333333333333 0.695 0.055 0.1
1 0.6666666666666666 0.7208333333333333 0.02666666666666667 0.105
1 0.6641666666666667 0.6775 0.021666666666666667 0.10166666666666667
1 0.6641666666666667 0.6366666666666667 0.021666666666666667 0.04666666666666667
1 0.6625 0.6291666666666667 0.018333333333333333 0.03166666666666667
1 0.6625 0.6308333333333334 0.018333333333333333 0.035
1 0.6925 0.6316666666666667 0.045 0.03666666666666667
1 0.8683333333333333 0.63 0.043333333333333335 0.03333333333333333
1 0.935 0.6458333333333334 0.04 0.065