1 0.2974683544303797 0.41060126582278483 0.056962025316455694 0.18354430379746836
1 0.19936708860759494 0.5775316455696202 0.10759493670886076 0.14082278481012658
1 0.04113924050632911 0.6060126582278481 0.08227848101265822 0.06645569620253164
1 0.021360759493670885 0.5783227848101266 0.04272151898734177 0.11550632911392406
1 0.01661392405063291 0.5656645569620253 0.03322784810126582 0.14082278481012658
1 0.012658227848101266 0.46835443037974683 0.02531645569620253 0.10126582278481013
1 0.010284810126582278 0.6020569620253164 0.020569620253164556 0.0680379746835443
1 0.0189873417721519 0.3805379746835443 0.0379746835443038 0.2088607594936709
1 0.015031645569620253 0.46439873417721517 0.030063291139240507 0.1281645569620253
1 0.021360759493670885 0.3212025316455696 0.03164556962025317 0.13449367088607594
1 0.10443037974683544 0.4074367088607595 0.06645569620253164 0.19462025316455697
1 0.0680379746835443 0.17484177215189872 0.055379746835443035 0.1060126582278481
1 0.11392405063291139 0.10284810126582279 0.056962025316455694 0.1281645569620253
1 0.00949367088607595 0.5007911392405063 0.0189873417721519 0.09968354430379747
1 0.03164556962025317 0.27531645569620256 0.05221518987341772 0.20569620253164558
1 0.307753164556962 0.23734177215189872 0.05221518987341772 0.13924050632911392
1 0.03322784810126582 0.5371835443037974 0.06645569620253164 0.20094936708860758
1 0.06962025316455696 0.5941455696202531 0.13924050632911392 0.09651898734177215
1 0.0379746835443038 0.3560126582278481 0.0759493670886076 0.3227848101265823
1 0.03560126582278481 0.26186708860759494 0.061708860759493674 0.28955696202531644
1 0.03955696202531646 0.25949367088607594 0.0680379746835443 0.24208860759493672
1 0.030063291139240507 0.1661392405063291 0.03639240506329114 0.1819620253164557
1 0.8061708860759493 0.1685126582278481 0.3338607594936709 0.3212025316455696
1 0.8164556962025317 0.43829113924050633 0.3022151898734177 0.2737341772151899
1 0.5759493670886076 0.16218354430379747 0.2199367088607595 0.2848101265822785
1 0.5229430379746836 0.5316455696202531 0.21835443037974683 0.2737341772151899
1 0.569620253164557 0.03639240506329114 0.16139240506329114 0.07278481012658228
1 0.030854430379746837 0.7721518987341772 0.03322784810126582 0.07120253164556962
1 0.07357594936708861 0.8314873417721519 0.05379746835443038 0.0949367088607595
1 0.16455696202531644 0.9200949367088608 0.04113924050632911 0.09177215189873418
1 0.28401898734177217 0.6811708860759493 0.02689873417721519 0.06329113924050633
1 0.005537974683544304 0.742879746835443 0.011075949367088608 0.14082278481012658
1 0.252373417721519 0.8061708860759493 0.04746835443037975 0.11708860759493671
1 0.0023734177215189874 0.6598101265822784 0.004746835443037975 0.05063291139240506
1 0.007120253164556962 0.6661392405063291 0.014240506329113924 0.06329113924050633
1 0.1550632911392405 0.6621835443037974 0.02531645569620253 0.03955696202531646
1 0.10126582278481013 0.9462025316455697 0.04113924050632911 0.0680379746835443
1 0.1764240506329114 0.6819620253164557 0.03164556962025317 0.0759493670886076
1 0.23417721518987342 0.9628164556962026 0.0490506329113924 0.0490506329113924
1 0.006329113924050633 0.6977848101265823 0.012658227848101266 0.12658227848101267
1 0.12341772151898735 0.8164556962025317 0.04430379746835443 0.09335443037974683
1 0.23734177215189872 0.6621835443037974 0.03164556962025317 0.030063291139240507
1 0.7278481012658228 0.9137658227848101 0.2848101265822785 0.17246835443037975