1 0.01650943396226415 0.17295597484276728 0.0330188679245283 0.18238993710691823
1 0.02122641509433962 0.35141509433962265 0.04245283018867924 0.15251572327044025
1 0.01650943396226415 0.47877358490566035 0.0330188679245283 0.19654088050314467
1 0.018081761006289308 0.35691823899371067 0.036163522012578615 0.17295597484276728
1 0.13522012578616352 0.4158805031446541 0.0880503144654088 0.14150943396226415
1 0.3915094339622642 0.3411949685534591 0.08490566037735849 0.1650943396226415
1 0.18946540880503146 0.09198113207547169 0.06918238993710692 0.13364779874213836
1 0.07232704402515723 0.17767295597484276 0.06132075471698113 0.1918238993710692
1 0.11556603773584906 0.03773584905660377 0.05188679245283019 0.050314465408805034
1 0.07389937106918239 0.04481132075471698 0.050314465408805034 0.06132075471698113
1 0.2838050314465409 0.07547169811320754 0.09905660377358491 0.139937106918239
1 0.006289308176100629 0.049528301886792456 0.012578616352201259 0.06761006289308176
1 0.26572327044025157 0.3922955974842767 0.15566037735849056 0.37735849056603776
1 0.1069182389937107 0.45125786163522014 0.14465408805031446 0.27044025157232704
1 0.3742138364779874 0.14150943396226415 0.14465408805031446 0.279874213836478
1 0.4449685534591195 0.08411949685534591 0.0440251572327044 0.16666666666666666
1 0.23349056603773585 0.05267295597484277 0.07075471698113207 0.08962264150943396
1 0.7334905660377359 0.28537735849056606 0.5330188679245284 0.5707547169811321
1 0.04874213836477988 0.6470125786163522 0.09276729559748427 0.12421383647798742
1 0.9473270440251572 0.7696540880503144 0.10534591194968554 0.43238993710691825