1 0.015957446808510637 0.5070921985815603 0.031914893617021274 0.20567375886524822
1 0.09485815602836879 0.7109929078014184 0.11879432624113476 0.17375886524822695
1 0.015957446808510637 0.8519503546099291 0.031914893617021274 0.22163120567375885
1 0.2695035460992908 0.7943262411347518 0.09929078014184398 0.1595744680851064
1 0.7127659574468085 0.7845744680851063 0.12056737588652482 0.225177304964539
1 0.5638297872340425 0.7304964539007093 0.09574468085106383 0.18617021276595744
1 0.75177304964539 0.6152482269503546 0.0673758865248227 0.11347517730496454
1 0.8945035460992907 0.8874113475177305 0.17907801418439717 0.225177304964539
1 0.849290780141844 0.8058510638297872 0.0797872340425532 0.1524822695035461
1 0.9042553191489362 0.5212765957446809 0.0851063829787234 0.23404255319148937
1 0.8342198581560284 0.6134751773049646 0.0797872340425532 0.14361702127659576
1 0.3554964539007092 0.43439716312056736 0.07801418439716312 0.15070921985815602
1 0.21808510638297873 0.5212765957446809 0.06914893617021277 0.21631205673758866
1 0.28191489361702127 0.2650709219858156 0.06028368794326241 0.11702127659574468
1 0.2375886524822695 0.1799645390070922 0.06028368794326241 0.14184397163120568
1 0.6959219858156028 0.650709219858156 0.05851063829787234 0.11347517730496454
1 0.4645390070921986 0.38652482269503546 0.11347517730496454 0.2322695035460993
1 0.018617021276595744 0.3120567375886525 0.030141843971631204 0.15425531914893617
1 0.41843971631205673 0.7828014184397163 0.17553191489361702 0.43439716312056736
1 0.2349290780141844 0.8368794326241135 0.16312056737588654 0.31382978723404253
1 0.5611702127659575 0.4804964539007092 0.16489361702127658 0.36347517730496454
1 0.6861702127659575 0.37854609929078015 0.13297872340425532 0.3262411347517731
1 0.7978723404255319 0.38120567375886527 0.14893617021276595 0.2730496453900709
1 0.41312056737588654 0.2624113475177305 0.08333333333333333 0.20390070921985815