1 0.01485148514851485 0.4315181518151815 0.0297029702970297 0.13366336633663367
1 0.05363036303630363 0.46947194719471946 0.0297029702970297 0.09075907590759076
1 0.19966996699669967 0.3910891089108911 0.09735973597359736 0.22937293729372937
1 0.10148514851485149 0.4612211221122112 0.04455445544554455 0.11716171617161716
1 0.07920792079207921 0.43316831683168316 0.04950495049504951 0.10396039603960396
1 0.1485148514851485 0.5338283828382838 0.0297029702970297 0.06930693069306931
1 0.46947194719471946 0.2764026402640264 0.38778877887788776 0.5528052805280528
1 0.9496699669966997 0.21699669966996699 0.0891089108910891 0.22442244224422442
1 0.8778877887788779 0.20957095709570958 0.10231023102310231 0.22442244224422442
1 0.773102310231023 0.183993399339934 0.1188118811881188 0.14521452145214522
1 0.7524752475247525 0.28795379537953797 0.08250825082508251 0.14356435643564355
1 0.6864686468646864 0.22854785478547854 0.057755775577557754 0.10396039603960396
1 0.636963696369637 0.2854785478547855 0.057755775577557754 0.10561056105610561
1 0.5825082508250825 0.2747524752475248 0.0891089108910891 0.18646864686468648
1 0.5272277227722773 0.33993399339933994 0.0429042904290429 0.11716171617161716