1 0.011607142857142858 0.6196428571428572 0.01607142857142857 0.09642857142857143
1 0.16875 0.6883928571428571 0.1125 0.25
1 0.054464285714285715 0.6241071428571429 0.05357142857142857 0.12857142857142856
1 0.033928571428571426 0.65625 0.055357142857142855 0.11428571428571428
1 0.09732142857142857 0.5410714285714285 0.03571428571428571 0.075
1 0.46964285714285714 0.7375 0.4357142857142857 0.525
1 0.9714285714285714 0.7892857142857143 0.05714285714285714 0.24285714285714285
1 0.91875 0.8071428571428572 0.11785714285714285 0.24464285714285713
1 0.8089285714285714 0.8464285714285714 0.13392857142857142 0.16071428571428573
1 0.775 0.7366071428571429 0.09464285714285714 0.15714285714285714
1 0.7107142857142857 0.8080357142857143 0.06607142857142857 0.11428571428571428
1 0.6508928571428572 0.7526785714285714 0.06607142857142857 0.11607142857142858
1 0.5928571428571429 0.7696428571428572 0.10357142857142858 0.20357142857142857
1 0.5267857142857143 0.70625 0.05178571428571429 0.12857142857142856