1 0.1267361111111111 0.4296875 0.109375 0.24305555555555555
1 0.026041666666666668 0.5069444444444444 0.052083333333333336 0.125
1 0.013888888888888888 0.4765625 0.027777777777777776 0.109375
1 0.078125 0.5815972222222222 0.034722222222222224 0.07291666666666667
1 0.4079861111111111 0.2986111111111111 0.4270833333333333 0.5954861111111112
1 0.9192708333333334 0.21961805555555555 0.11805555555555555 0.23958333333333334
1 0.8333333333333334 0.21354166666666666 0.11458333333333333 0.23958333333333334
1 0.7222222222222222 0.1909722222222222 0.13020833333333334 0.1579861111111111
1 0.7048611111111112 0.3012152777777778 0.0920138888888889 0.1527777777777778
1 0.6328125 0.24131944444444445 0.0642361111111111 0.1111111111111111
1 0.5824652777777778 0.3029513888888889 0.0642361111111111 0.11284722222222222
1 0.5243055555555556 0.2934027777777778 0.10069444444444445 0.19791666666666666
1 0.4696180555555556 0.3637152777777778 0.050347222222222224 0.125