1 0.01819620253164557 0.5822784810126582 0.03639240506329114 0.12658227848101267
1 0.06091772151898734 0.5443037974683544 0.02531645569620253 0.08544303797468354
1 0.20332278481012658 0.6147151898734177 0.08544303797468354 0.21677215189873417
1 0.10680379746835443 0.5506329113924051 0.03955696202531646 0.11075949367088607
1 0.08623417721518987 0.5783227848101266 0.04430379746835443 0.0981012658227848
1 0.1495253164556962 0.47943037974683544 0.02689873417721519 0.06487341772151899
1 0.46677215189873417 0.7159810126582279 0.35443037974683544 0.5189873417721519
1 0.9367088607594937 0.7555379746835443 0.09335443037974683 0.2120253164556962
1 0.8591772151898734 0.7658227848101266 0.09018987341772151 0.21044303797468356
1 0.759493670886076 0.7935126582278481 0.10917721518987342 0.13449367088607594
1 0.7365506329113924 0.694620253164557 0.07436708860759493 0.13449367088607594
1 0.6748417721518988 0.7539556962025317 0.05221518987341772 0.0981012658227848
1 0.6257911392405063 0.7009493670886076 0.05221518987341772 0.09968354430379747
1 0.5735759493670886 0.7128164556962026 0.07911392405063292 0.17563291139240506
1 0.5189873417721519 0.6526898734177216 0.0379746835443038 0.11075949367088607