1 0.13289962825278812 0.4052044609665427 0.1171003717472119 0.26022304832713755
1 0.026022304832713755 0.4888475836431227 0.05204460966542751 0.13382899628252787
1 0.013011152416356878 0.4563197026022305 0.026022304832713755 0.1171003717472119
1 0.08085501858736059 0.5687732342007435 0.03717472118959108 0.07806691449814127
1 0.4340148698884758 0.2908921933085502 0.45539033457249073 0.5817843866171004
1 0.9516728624535316 0.1812267657992565 0.07063197026022305 0.2527881040892193
1 0.8894052044609665 0.17472118959107807 0.12267657992565056 0.25650557620817843
1 0.7695167286245354 0.15055762081784388 0.13940520446096655 0.1691449814126394
1 0.7509293680297398 0.26858736059479554 0.09851301115241635 0.16356877323420074
1 0.6737918215613383 0.20353159851301114 0.0687732342007435 0.11895910780669144
1 0.620817843866171 0.2695167286245353 0.0687732342007435 0.120817843866171
1 0.5585501858736059 0.26022304832713755 0.10780669144981413 0.21189591078066913
1 0.5 0.3355018587360595 0.05390334572490706 0.13382899628252787