1 0.00964630225080386 0.5442122186495176 0.01929260450160772 0.1302250803858521
1 0.04260450160771704 0.5080385852090032 0.03215434083601286 0.08842443729903537
1 0.18167202572347266 0.590032154340836 0.10128617363344052 0.22508038585209003
1 0.08842443729903537 0.5176848874598071 0.04823151125401929 0.1157556270096463
1 0.06591639871382636 0.5442122186495176 0.05144694533762058 0.10289389067524116
1 0.13665594855305466 0.44855305466237944 0.03215434083601286 0.06752411575562701
1 0.44212218649517687 0.7114147909967846 0.3954983922829582 0.5514469453376206
1 0.9155948553054662 0.7845659163987139 0.10932475884244373 0.22186495176848875
1 0.8360128617363344 0.7893890675241158 0.10610932475884244 0.2202572347266881
1 0.7331189710610932 0.8102893890675241 0.12057877813504823 0.14469453376205788
1 0.7170418006430869 0.7081993569131833 0.08520900321543408 0.1414790996784566
1 0.6503215434083601 0.7644694533762058 0.0594855305466238 0.10289389067524116
1 0.6036977491961415 0.707395498392283 0.0594855305466238 0.1045016077170418
1 0.5498392282958199 0.7154340836012861 0.0932475884244373 0.1832797427652733
1 0.4991961414790997 0.6503215434083601 0.04662379421221865 0.1157556270096463