1 0.035 0.0325 0.02666666666666667 0.065
1 0.10166666666666667 0.11583333333333333 0.17666666666666667 0.23166666666666666
1 0.44583333333333336 0.043333333333333335 0.075 0.08666666666666667
1 0.37833333333333335 0.041666666666666664 0.1 0.08333333333333333
1 0.2733333333333333 0.019166666666666665 0.11666666666666667 0.03833333333333333
1 0.25 0.0175 0.08 0.035
1 0.18666666666666668 0.005833333333333334 0.056666666666666664 0.011666666666666667
1 0.135 0.005 0.056666666666666664 0.01
1 0.07833333333333334 0.024166666666666666 0.08666666666666667 0.04833333333333333
1 0.034166666666666665 0.005 0.018333333333333333 0.01
1 0.9233333333333333 0.255 0.15333333333333332 0.47333333333333333
1 0.0525 0.7025 0.105 0.37833333333333335
1 0.7883333333333333 0.7625 0.42 0.475