1 0.011945392491467578 0.3447098976109215 0.020477815699658702 0.13651877133105803
1 0.04607508532423208 0.378839590443686 0.02901023890784983 0.07679180887372014
1 0.20136518771331058 0.30802047781569963 0.09556313993174062 0.22525597269624573
1 0.09726962457337884 0.36945392491467577 0.04436860068259386 0.09726962457337884
1 0.07508532423208192 0.34982935153583616 0.04948805460750853 0.10580204778156997
1 0.46075085324232085 0.21331058020477817 0.33447098976109213 0.42662116040955633
1 0.5921501706484642 0.21416382252559726 0.06825938566552901 0.19112627986348124
1 0.5435153583617748 0.2781569965870307 0.042662116040955635 0.11945392491467577
1 0.6612627986348123 0.30887372013651876 0.08020477815699659 0.23890784982935154
1 0.7798634812286689 0.16296928327645052 0.22525597269624573 0.3191126279863481
1 0.43686006825938567 0.8191126279863481 0.3310580204778157 0.36177474402730375
1 0.3660409556313993 0.9701365187713311 0.09556313993174062 0.05631399317406143
1 0.924061433447099 0.7841296928327645 0.14846416382252559 0.431740614334471