1 0.3741883116883117 0.21834415584415584 0.2564935064935065 0.4366883116883117
1 0.024350649350649352 0.05032467532467533 0.048701298701298704 0.08766233766233766
1 0.6128246753246753 0.27516233766233766 0.23376623376623376 0.400974025974026
1 0.17857142857142858 0.7386363636363636 0.35714285714285715 0.5227272727272727
1 0.9667207792207793 0.7297077922077922 0.06655844155844155 0.23214285714285715
1 0.952922077922078 0.5438311688311688 0.07305194805194805 0.15422077922077923
1 0.9724025974025974 0.9107142857142857 0.05519480519480519 0.16233766233766234
1 0.7621753246753247 0.5413961038961039 0.14285714285714285 0.14285714285714285
1 0.7118506493506493 0.7313311688311688 0.09740259740259741 0.2792207792207792
1 0.849025974025974 0.7938311688311688 0.11363636363636363 0.4025974025974026
1 0.9910714285714286 0.5162337662337663 0.017857142857142856 0.10064935064935066
1 0.6306818181818182 0.6948051948051948 0.06818181818181818 0.21428571428571427
1 0.6996753246753247 0.885551948051948 0.1266233766233766 0.22402597402597402
1 0.8782467532467533 0.9756493506493507 0.09740259740259741 0.037337662337662336
1 0.5454545454545454 0.8612012987012987 0.0762987012987013 0.2775974025974026
1 0.5698051948051948 0.564935064935065 0.13474025974025974 0.18181818181818182