1 0.066006600660066 0.2764026402640264 0.132013201320132 0.5528052805280528
1 0.42161716171617164 0.25825082508250824 0.10231023102310231 0.19966996699669967
1 0.014026402640264026 0.4042904290429043 0.028052805280528052 0.19141914191419143
1 0.7252475247524752 0.30033003300330036 0.5495049504950495 0.6006600660066007
1 0.8985148514851485 0.38613861386138615 0.20297029702970298 0.429042904290429
1 0.36221122112211224 0.6138613861386139 0.06105610561056106 0.09735973597359736
1 0.3613861386138614 0.5907590759075908 0.037953795379537955 0.04950495049504951
1 0.28052805280528054 0.679042904290429 0.04950495049504951 0.11056105610561057
1 0.3217821782178218 0.6056105610561056 0.06930693069306931 0.08415841584158416
1 0.30775577557755773 0.6014851485148515 0.052805280528052806 0.07755775577557755
1 0.41254125412541254 0.6031353135313532 0.05115511551155116 0.06765676567656766
1 0.4249174917491749 0.594059405940594 0.039603960396039604 0.04950495049504951
1 0.36056105610561057 0.5965346534653465 0.05115511551155116 0.06105610561056106
1 0.41254125412541254 0.5957095709570958 0.039603960396039604 0.052805280528052806
1 0.4265676567656766 0.6237623762376238 0.04950495049504951 0.10726072607260725
1 0.2566006600660066 0.5973597359735974 0.052805280528052806 0.07425742574257425
1 0.3028052805280528 0.8234323432343235 0.07425742574257425 0.15676567656765678
1 0.18564356435643564 0.608085808580858 0.09075907590759076 0.10561056105610561
1 0.13943894389438943 0.5882838283828383 0.09075907590759076 0.07095709570957096
1 0.07590759075907591 0.7516501650165016 0.1485148514851485 0.1254125412541254
1 0.07673267326732673 0.6039603960396039 0.10396039603960396 0.10891089108910891
1 0.0858085808580858 0.6155115511551155 0.14521452145214522 0.132013201320132
1 0.19884488448844884 0.5998349834983498 0.06435643564356436 0.0858085808580858
1 0.04207920792079208 0.5825082508250825 0.08415841584158416 0.06930693069306931
1 0.019801980198019802 0.5957095709570958 0.039603960396039604 0.09570957095709572
1 0.19471947194719472 0.8729372937293729 0.06105610561056106 0.10561056105610561
1 0.38531353135313534 0.9570957095709571 0.052805280528052806 0.07755775577557755
1 0.3952145214521452 0.858085808580858 0.054455445544554455 0.13366336633663367
1 0.3481848184818482 0.8952145214521452 0.052805280528052806 0.14026402640264027
1 0.2466996699669967 0.5891089108910891 0.04785478547854786 0.057755775577557754
1 0.9092409240924092 0.7136963696369637 0.1716171617161716 0.22772277227722773