1 0.04607508532423208 0.2354948805460751 0.09215017064846416 0.4709897610921502
1 0.514505119453925 0.23890784982935154 0.052901023890784986 0.4778156996587031
1 0.5537542662116041 0.23976109215017063 0.09726962457337884 0.47952218430034127
1 0.6501706484641638 0.24146757679180889 0.08873720136518772 0.47952218430034127
1 0.5204778156996587 0.23890784982935154 0.06484641638225255 0.4778156996587031
1 0.984641638225256 0.24744027303754265 0.030716723549488054 0.4778156996587031
1 0.7482935153583617 0.2431740614334471 0.10409556313993173 0.47952218430034127
1 0.8156996587030717 0.24573378839590443 0.09897610921501707 0.4761092150170648
1 0.8984641638225256 0.24573378839590443 0.11092150170648464 0.47952218430034127
1 0.5290102389078498 0.25341296928327645 0.08191126279863481 0.4522184300341297
1 0.2440273037542662 0.734641638225256 0.4880546075085324 0.5307167235494881
1 0.7303754266211604 0.8771331058020477 0.5017064846416383 0.24573378839590443