1 0.04428044280442804 0.3016605166051661 0.08856088560885608 0.6033210332103321
1 0.41420664206642066 0.27398523985239853 0.11439114391143912 0.22324723247232472
1 0.7232472324723247 0.32656826568265684 0.5535055350553506 0.6531365313653137
1 0.9169741697416974 0.4151291512915129 0.16605166051660517 0.47601476014760147
1 0.34686346863468637 0.672509225092251 0.06826568265682657 0.1088560885608856
1 0.3459409594095941 0.6466789667896679 0.042435424354243544 0.055350553505535055
1 0.2564575645756458 0.7453874538745388 0.055350553505535055 0.12361623616236163
1 0.3016605166051661 0.6623616236162362 0.07749077490774908 0.0940959409594096
1 0.28690036900369004 0.6577490774907749 0.05904059040590406 0.08671586715867159
1 0.4040590405904059 0.6595940959409594 0.05719557195571956 0.07564575645756458
1 0.41697416974169743 0.6503690036900369 0.04428044280442804 0.055350553505535055
1 0.34501845018450183 0.6522140221402214 0.05719557195571956 0.06826568265682657
1 0.40313653136531363 0.6512915129151291 0.04428044280442804 0.05904059040590406
1 0.41974169741697415 0.6826568265682657 0.055350553505535055 0.11992619926199262
1 0.22970479704797048 0.6531365313653137 0.05904059040590406 0.08302583025830258
1 0.28136531365313655 0.9040590405904059 0.08302583025830258 0.17343173431734318
1 0.14944649446494465 0.665129151291513 0.1014760147601476 0.11808118081180811
1 0.09778597785977859 0.6429889298892989 0.1014760147601476 0.07933579335793357
1 0.0544280442804428 0.8256457564575646 0.1088560885608856 0.13837638376383765
1 0.042435424354243544 0.6605166051660517 0.08487084870848709 0.12177121771217712
1 0.05904059040590406 0.6743542435424354 0.11808118081180811 0.14575645756457564
1 0.16512915129151293 0.6559040590405905 0.07195571955719557 0.0959409594095941
1 0.017527675276752766 0.6383763837638377 0.03505535055350553 0.07380073800738007
1 0.16051660516605165 0.9428044280442804 0.06642066420664207 0.08302583025830258
1 0.3837638376383764 0.9326568265682657 0.05904059040590406 0.12546125461254612
1 0.33210332103321033 0.9501845018450185 0.055350553505535055 0.08487084870848709
1 0.2177121771217712 0.6439114391143912 0.05350553505535055 0.06457564575645756
1 0.9280442804428044 0.7822878228782287 0.12915129151291513 0.25092250922509224