1 0.18884892086330934 0.27967625899280574 0.3776978417266187 0.5593525179856115
1 0.4676258992805755 0.2904676258992806 0.19424460431654678 0.3776978417266187
1 0.1789568345323741 0.8066546762589928 0.3579136690647482 0.37949640287769787
1 0.6294964028776978 0.6267985611510791 0.09892086330935251 0.12769784172661872
1 0.5251798561151079 0.6115107913669064 0.09892086330935251 0.10071942446043165
1 0.9244604316546763 0.5998201438848921 0.052158273381294966 0.06294964028776978
1 0.7158273381294964 0.6025179856115108 0.07014388489208633 0.07733812949640288
1 0.8911870503597122 0.6016187050359713 0.06115107913669065 0.0683453237410072
1 0.802158273381295 0.9163669064748201 0.044964028776978415 0.11151079136690648
1 0.7482014388489209 0.5989208633093526 0.052158273381294966 0.06654676258992806
1 0.7401079136690647 0.5926258992805755 0.050359712230215826 0.0539568345323741
1 0.9802158273381295 0.5971223021582733 0.03776978417266187 0.05575539568345324
1 0.46672661870503596 0.5863309352517986 0.07194244604316546 0.0539568345323741
1 0.7410071942446043 0.6258992805755396 0.1420863309352518 0.1223021582733813
1 0.6411870503597122 0.5953237410071942 0.050359712230215826 0.06294964028776978
1 0.9784172661870504 0.5926258992805755 0.039568345323741004 0.046762589928057555
1 0.6106115107913669 0.6016187050359713 0.10071942446043165 0.07913669064748201
1 0.9109712230215827 0.5989208633093526 0.07194244604316546 0.06294964028776978
1 0.6762589928057554 0.5845323741007195 0.039568345323741004 0.04136690647482014
1 0.8300359712230215 0.6303956834532374 0.0683453237410072 0.12949640287769784
1 0.6088129496402878 0.5926258992805755 0.046762589928057555 0.05935251798561151
1 0.8821942446043165 0.6061151079136691 0.050359712230215826 0.07733812949640288
1 0.8974820143884892 0.6312949640287769 0.09532374100719425 0.12769784172661872
1 0.7230215827338129 0.8345323741007195 0.044964028776978415 0.15467625899280577
1 0.710431654676259 0.6933453237410072 0.05575539568345324 0.1474820143884892
1 0.9577338129496403 0.612410071942446 0.05755395683453238 0.08812949640287769
1 0.9748201438848921 0.5989208633093526 0.048561151079136694 0.05935251798561151
1 0.38848920863309355 0.6223021582733813 0.04136690647482014 0.12589928057553956
1 0.8030575539568345 0.6034172661870504 0.06115107913669065 0.07553956834532374
1 0.447841726618705 0.9100719424460432 0.039568345323741004 0.07194244604316546
1 0.7751798561151079 0.6025179856115108 0.06294964028776978 0.07553956834532374
1 0.6088129496402878 0.6142086330935251 0.039568345323741004 0.10251798561151079
1 0.9046762589928058 0.6510791366906474 0.048561151079136694 0.12769784172661872
1 0.9370503597122302 0.7616906474820144 0.04136690647482014 0.08453237410071943
1 0.5440647482014388 0.9622302158273381 0.05575539568345324 0.07553956834532374
1 0.947841726618705 0.9442446043165468 0.04316546762589928 0.11151079136690648
1 0.8579136690647482 0.9298561151079137 0.050359712230215826 0.14028776978417265
1 0.9847122302158273 0.6088129496402878 0.02877697841726619 0.07913669064748201
1 0.6933453237410072 0.5944244604316546 0.03597122302158273 0.05935251798561151
1 0.5440647482014388 0.7859712230215827 0.044964028776978415 0.07913669064748201
1 0.41097122302158273 0.875 0.052158273381294966 0.08812949640287769
1 0.3732014388489209 0.9649280575539568 0.023381294964028777 0.06654676258992806
1 0.5431654676258992 0.6276978417266187 0.09532374100719425 0.13309352517985612
1 0.8848920863309353 0.7814748201438849 0.050359712230215826 0.14388489208633093
1 0.4226618705035971 0.6205035971223022 0.08812949640287769 0.1223021582733813
1 0.42985611510791366 0.7508992805755396 0.0683453237410072 0.1510791366906475
1 0.6789568345323741 0.9532374100719424 0.052158273381294966 0.09352517985611511
1 0.5431654676258992 0.6241007194244604 0.05575539568345324 0.12589928057553956