1 0.20863309352517986 0.4154676258992806 0.4172661870503597 0.8237410071942446
1 0.6942446043165468 0.41636690647482016 0.6115107913669064 0.8327338129496403
1 0.18165467625899281 0.9181654676258992 0.34172661870503596 0.16366906474820145
1 0.49910071942446044 0.8821942446043165 0.06474820143884892 0.10431654676258993
1 0.4982014388489209 0.8570143884892086 0.04136690647482014 0.0539568345323741
1 0.5818345323741008 0.8579136690647482 0.050359712230215826 0.06115107913669065
1 0.5413669064748201 0.8741007194244604 0.0737410071942446 0.08992805755395683
1 0.5575539568345323 0.8696043165467626 0.05755395683453238 0.08273381294964029
1 0.42985611510791366 0.8633093525179856 0.023381294964028777 0.05935251798561151
1 0.4442446043165468 0.8687050359712231 0.052158273381294966 0.0737410071942446
1 0.4352517985611511 0.8597122302158273 0.0341726618705036 0.0539568345323741
1 0.49910071942446044 0.8615107913669064 0.0539568345323741 0.06294964028776978
1 0.44244604316546765 0.8606115107913669 0.04136690647482014 0.05755395683453238
1 0.4352517985611511 0.862410071942446 0.0341726618705036 0.05935251798561151
1 0.43435251798561153 0.8866906474820144 0.03237410071942446 0.1079136690647482
1 0.43255395683453235 0.8597122302158273 0.02877697841726619 0.0539568345323741
1 0.6133093525179856 0.8660071942446043 0.05575539568345324 0.07913669064748201
1 0.4307553956834532 0.85431654676259 0.025179856115107913 0.04136690647482014
1 0.4262589928057554 0.8660071942446043 0.01618705035971223 0.06474820143884892
1 0.5503597122302158 0.8705035971223022 0.07553956834532374 0.08453237410071943
1 0.6915467625899281 0.875 0.09712230215827339 0.10431654676258993
1 0.7401079136690647 0.8588129496402878 0.09712230215827339 0.07553956834532374
1 0.8003597122302158 0.8534172661870504 0.1564748201438849 0.07014388489208633
1 0.4442446043165468 0.8812949640287769 0.052158273381294966 0.09892086330935251
1 0.44064748201438847 0.8687050359712231 0.044964028776978415 0.07194244604316546
1 0.4379496402877698 0.8687050359712231 0.039568345323741004 0.07194244604316546
1 0.45143884892086333 0.8678057553956835 0.06654676258992806 0.07194244604316546
1 0.4460431654676259 0.8615107913669064 0.05575539568345324 0.05935251798561151
1 0.810251798561151 0.8696043165467626 0.11151079136690648 0.10251798561151079
1 0.7985611510791367 0.8893884892086331 0.15827338129496402 0.1420863309352518
1 0.6753597122302158 0.8696043165467626 0.07014388489208633 0.09172661870503597
1 0.960431654676259 0.8606115107913669 0.07913669064748201 0.09532374100719425
1 0.8597122302158273 0.8534172661870504 0.11330935251798561 0.0737410071942446
1 0.935251798561151 0.8489208633093526 0.12949640287769784 0.07194244604316546
1 0.6663669064748201 0.8732014388489209 0.06474820143884892 0.09712230215827339
1 0.4568345323741007 0.9559352517985612 0.05755395683453238 0.08812949640287769
1 0.447841726618705 0.875 0.05575539568345324 0.08633093525179857
1 0.4973021582733813 0.8965827338129496 0.05575539568345324 0.13309352517985612
1 0.43435251798561153 0.8606115107913669 0.03237410071942446 0.05575539568345324
1 0.44154676258992803 0.8579136690647482 0.046762589928057555 0.050359712230215826
1 0.625 0.8570143884892086 0.050359712230215826 0.06294964028776978