1 0.14700374531835206 0.1647940074906367 0.2940074906367041 0.30711610486891383
1 0.7144194756554307 0.13951310861423222 0.5449438202247191 0.27902621722846443
1 0.09269662921348315 0.6966292134831461 0.16292134831460675 0.352059925093633
1 0.8661048689138576 0.28745318352059923 0.07677902621722846 0.033707865168539325
1 0.6554307116104869 0.7294007490636704 0.08614232209737828 0.15355805243445692
1 0.4850187265917603 0.6282771535580525 0.149812734082397 0.149812734082397
1 0.5814606741573034 0.7284644194756554 0.07116104868913857 0.09925093632958802
1 0.6938202247191011 0.5187265917602997 0.10299625468164794 0.16666666666666666
1 0.795880149812734 0.5627340823970037 0.08052434456928839 0.14606741573033707
1 0.9119850187265918 0.4353932584269663 0.10861423220973783 0.28277153558052437
1 0.9634831460674157 0.37734082397003743 0.07303370786516854 0.22284644194756553
1 0.9625468164794008 0.9204119850187266 0.0749063670411985 0.11423220973782772
1 0.9709737827715356 0.8080524344569289 0.05805243445692884 0.1254681647940075
1 0.9606741573033708 0.6713483146067416 0.07865168539325842 0.1254681647940075
1 0.9812734082397003 0.5814606741573034 0.03745318352059925 0.15168539325842698
1 0.9082397003745318 0.7724719101123596 0.07865168539325842 0.1704119850187266
1 0.8361423220973783 0.7322097378277154 0.09363295880149813 0.16666666666666666
1 0.8838951310861424 0.9054307116104869 0.08052434456928839 0.1404494382022472
1 0.8136704119850188 0.8455056179775281 0.07677902621722846 0.10299625468164794
1 0.7940074906367042 0.9241573033707865 0.06554307116104868 0.10486891385767791
1 0.7368913857677902 0.9625468164794008 0.09363295880149813 0.056179775280898875
1 0.653558052434457 0.897003745318352 0.09925093632958802 0.11610486891385768
1 0.5411985018726592 0.8333333333333334 0.12359550561797752 0.16853932584269662
1 0.4541198501872659 0.8146067415730337 0.09363295880149813 0.12172284644194757
1 0.5271535580524345 0.4700374531835206 0.14232209737827714 0.2303370786516854
1 0.7462546816479401 0.38670411985018727 0.08801498127340825 0.1441947565543071
1 0.8174157303370787 0.3792134831460674 0.10112359550561797 0.15355805243445692
1 0.4241573033707865 0.48220973782771537 0.09737827715355805 0.13670411985018727
1 0.42696629213483145 0.3389513108614232 0.10674157303370786 0.09176029962546817
1 0.3352059925093633 0.32771535580524347 0.06928838951310862 0.05805243445692884
1 0.3529962546816479 0.3970037453183521 0.11423220973782772 0.1441947565543071
1 0.5290262172284644 0.9428838951310862 0.1441947565543071 0.11423220973782772