1 0.21241830065359477 0.27450980392156865 0.42483660130718953 0.545751633986928
1 0.5024509803921569 0.28594771241830064 0.18137254901960784 0.3464052287581699
1 0.2181372549019608 0.795751633986928 0.4297385620915033 0.4084967320261438
1 0.6650326797385621 0.5825163398692811 0.0915032679738562 0.11764705882352941
1 0.5694444444444444 0.5735294117647058 0.0915032679738562 0.09313725490196079
1 0.9313725490196079 0.5449346405228758 0.04738562091503268 0.058823529411764705
1 0.7426470588235294 0.5571895424836601 0.06372549019607843 0.07026143790849673
1 0.9011437908496732 0.5473856209150327 0.05555555555555555 0.06209150326797386
1 0.8357843137254902 0.8374183006535948 0.042483660130718956 0.10294117647058823
1 0.7712418300653595 0.5514705882352942 0.04738562091503268 0.06209150326797386
1 0.7638888888888888 0.5465686274509803 0.0457516339869281 0.05065359477124183
1 0.9820261437908496 0.5392156862745098 0.03594771241830065 0.05228758169934641
1 0.5155228758169934 0.553921568627451 0.06535947712418301 0.049019607843137254
1 0.7655228758169934 0.576797385620915 0.13071895424836602 0.11437908496732026
1 0.6740196078431373 0.553921568627451 0.0457516339869281 0.058823529411764705
1 0.9803921568627451 0.5351307189542484 0.0392156862745098 0.04411764705882353
1 0.6470588235294118 0.5612745098039216 0.0915032679738562 0.07352941176470588
1 0.9191176470588235 0.5441176470588235 0.06535947712418301 0.05718954248366013
1 0.7058823529411765 0.5424836601307189 0.03758169934640523 0.0392156862745098
1 0.8472222222222222 0.576797385620915 0.06372549019607843 0.11764705882352941
1 0.6446078431372549 0.5531045751633987 0.042483660130718956 0.05555555555555555
1 0.8937908496732027 0.5522875816993464 0.0457516339869281 0.0718954248366013
1 0.9076797385620915 0.5743464052287581 0.08823529411764706 0.11764705882352941
1 0.7598039215686274 0.7671568627450981 0.04411764705882353 0.14215686274509803
1 0.7418300653594772 0.6397058823529411 0.05392156862745098 0.13398692810457516
1 0.9624183006535948 0.553921568627451 0.05392156862745098 0.08006535947712418
1 0.9771241830065359 0.5408496732026143 0.0457516339869281 0.05555555555555555
1 0.44607843137254904 0.5898692810457516 0.0392156862745098 0.11601307189542484
1 0.5735294117647058 0.9575163398692811 0.0457516339869281 0.08169934640522876
1 0.8218954248366013 0.5531045751633987 0.05555555555555555 0.06862745098039216
1 0.5138888888888888 0.8488562091503268 0.03594771241830065 0.06699346405228758
1 0.7965686274509803 0.553921568627451 0.05718954248366013 0.06862745098039216
1 0.6454248366013072 0.5727124183006536 0.03758169934640523 0.09477124183006536
1 0.9158496732026143 0.5915032679738562 0.0457516339869281 0.11764705882352941
1 0.9501633986928104 0.690359477124183 0.0392156862745098 0.0784313725490196
1 0.6053921568627451 0.9174836601307189 0.05228758169934641 0.119281045751634
1 0.9697712418300654 0.8586601307189542 0.04084967320261438 0.10784313725490197
1 0.886437908496732 0.8480392156862745 0.049019607843137254 0.13071895424836602
1 0.9861111111111112 0.5498366013071896 0.027777777777777776 0.07352941176470588
1 0.7214052287581699 0.5506535947712419 0.032679738562091505 0.05555555555555555
1 0.5955882352941176 0.7312091503267973 0.042483660130718956 0.07352941176470588
1 0.47875816993464054 0.8186274509803921 0.049019607843137254 0.08169934640522876
1 0.4493464052287582 0.9297385620915033 0.024509803921568627 0.11764705882352941
1 0.5866013071895425 0.5874183006535948 0.08986928104575163 0.12254901960784313
1 0.9035947712418301 0.7107843137254902 0.049019607843137254 0.1323529411764706
1 0.477124183006536 0.5866013071895425 0.08169934640522876 0.11274509803921569
1 0.49019607843137253 0.7050653594771242 0.06535947712418301 0.13725490196078433
1 0.7271241830065359 0.9060457516339869 0.05065359477124183 0.1454248366013072
1 0.5866013071895425 0.5841503267973857 0.05228758169934641 0.11437908496732026