1 0.2760223048327137 0.1737918215613383 0.5520446096654275 0.3475836431226766
1 0.5659851301115242 0.18029739776951673 0.03717472118959108 0.31784386617100374
1 0.5659851301115242 0.1737918215613383 0.03717472118959108 0.3308550185873606
1 0.8986988847583643 0.16635687732342008 0.10594795539033457 0.33271375464684017
1 0.5678438661710037 0.1607806691449814 0.040892193308550186 0.2825278810408922
1 0.570631970260223 0.17007434944237917 0.046468401486988845 0.3382899628252788
1 0.6384758364312267 0.15427509293680297 0.09665427509293681 0.2825278810408922
1 0.9767657992565055 0.1654275092936803 0.03903345724907063 0.3308550185873606
1 0.7369888475836431 0.11988847583643122 0.06505576208178439 0.23977695167286245
1 0.8020446096654275 0.15985130111524162 0.055762081784386616 0.31226765799256506
1 0.845724907063197 0.29646840148698883 0.04275092936802974 0.07434944237918216
1 0.7899628252788105 0.31784386617100374 0.031598513011152414 0.03531598513011153
1 0.7351301115241635 0.27973977695167285 0.05947955390334572 0.11524163568773234
1 0.06691449814126393 0.6022304832713755 0.13382899628252787 0.5130111524163569
1 0.04460966542750929 0.5985130111524164 0.08921933085501858 0.5018587360594795
1 0.09014869888475836 0.587360594795539 0.18029739776951673 0.483271375464684
1 0.36059479553903345 0.637546468401487 0.2211895910780669 0.3345724907063197
1 0.19330855018587362 0.6059479553903345 0.17843866171003717 0.42193308550185876
1 0.5297397769516728 0.6561338289962825 0.06133828996282528 0.26394052044609667
1 0.8949814126394052 0.8224907063197026 0.2100371747211896 0.18773234200743494