1 0.17301038062283736 0.17301038062283736 0.3356401384083045 0.3460207612456747
1 0.7396193771626297 0.1782006920415225 0.5207612456747405 0.356401384083045
1 0.1115916955017301 0.6929065743944637 0.14359861591695502 0.3235294117647059
1 0.8555363321799307 0.3788927335640138 0.07093425605536333 0.029411764705882353
1 0.6262975778546713 0.7681660899653979 0.07785467128027682 0.14013840830449828
1 0.47750865051903113 0.6617647058823529 0.13667820069204153 0.13667820069204153
1 0.5579584775086506 0.7621107266435986 0.06401384083044982 0.08996539792387544
1 0.6790657439446367 0.5778546712802768 0.09342560553633218 0.1522491349480969
1 0.7690311418685121 0.6262975778546713 0.0726643598615917 0.13321799307958476
1 0.8866782006920415 0.5190311418685121 0.09515570934256055 0.26124567474048443
1 0.9532871972318339 0.46972318339100344 0.09342560553633218 0.20588235294117646
1 0.9506920415224913 0.9896193771626297 0.06401384083044982 0.020761245674740483
1 0.893598615916955 0.9584775086505191 0.06747404844290658 0.08304498269896193
1 0.9230103806228374 0.8676470588235294 0.07439446366782007 0.11418685121107267
1 0.9359861591695502 0.7413494809688581 0.11591695501730104 0.11591695501730104
1 0.9602076124567474 0.6600346020761245 0.07439446366782007 0.14013840830449828
1 0.8555363321799307 0.828719723183391 0.06920415224913495 0.15570934256055363
1 0.7932525951557093 0.7854671280276817 0.0847750865051903 0.15397923875432526
1 0.8217993079584776 0.9420415224913494 0.0726643598615917 0.11591695501730104
1 0.7629757785467128 0.8884083044982699 0.06920415224913495 0.09342560553633218
1 0.7387543252595156 0.9558823529411765 0.058823529411764705 0.08823529411764706
1 0.6816608996539792 0.9826989619377162 0.08650519031141868 0.03460207612456748
1 0.6115916955017301 0.9230103806228374 0.08996539792387544 0.10553633217993079
1 0.5129757785467128 0.8555363321799307 0.11245674740484429 0.15397923875432526
1 0.4342560553633218 0.8313148788927336 0.0847750865051903 0.11245674740484429
1 0.5294117647058824 0.5198961937716263 0.12802768166089964 0.21107266435986158
1 0.7378892733564014 0.4610726643598616 0.07958477508650519 0.1314878892733564
1 0.8036332179930796 0.4593425605536332 0.09169550173010381 0.14013840830449828
1 0.4333910034602076 0.5224913494809689 0.08650519031141868 0.12629757785467127
1 0.4472318339100346 0.39100346020761245 0.0986159169550173 0.08304498269896193
1 0.36418685121107264 0.3728373702422145 0.06401384083044982 0.05190311418685121
1 0.3745674740484429 0.43858131487889274 0.10380622837370242 0.1314878892733564
1 0.4930795847750865 0.9515570934256056 0.1314878892733564 0.09688581314878893