0 0.06020066889632107 0.6770833333333334 0.05016722408026756 0.20833333333333334
0 0.24498327759197325 0.6011904761904762 0.048494983277591976 0.17857142857142858
0 0.3729096989966555 0.5788690476190477 0.05351170568561873 0.17857142857142858
0 0.45735785953177255 0.6666666666666666 0.043478260869565216 0.23511904761904762
0 0.4882943143812709 0.6369047619047619 0.03678929765886288 0.2113095238095238
0 0.5752508361204013 0.6279761904761905 0.051839464882943144 0.21726190476190477
0 0.637123745819398 0.6860119047619048 0.04013377926421405 0.15773809523809523
0 0.6948160535117057 0.6800595238095238 0.048494983277591976 0.22321428571428573
0 0.7859531772575251 0.6488095238095238 0.0451505016722408 0.1488095238095238
0 0.8745819397993311 0.6696428571428571 0.05351170568561873 0.24404761904761904
0 0.9665551839464883 0.6860119047619048 0.06688963210702341 0.24107142857142858
0 0.8210702341137124 0.8958333333333334 0.06688963210702341 0.19047619047619047
0 0.7566889632107023 0.8898809523809523 0.061872909698996656 0.20833333333333334
0 0.617056856187291 0.8809523809523809 0.0451505016722408 0.23214285714285715
0 0.6688963210702341 0.8898809523809523 0.046822742474916385 0.2113095238095238
0 0.23578595317725753 0.8229166666666666 0.06354515050167224 0.24107142857142858
0 0.2968227424749164 0.8288690476190477 0.061872909698996656 0.22023809523809523
0 0.3712374581939799 0.9270833333333334 0.046822742474916385 0.14583333333333334
0 0.40384615384615385 0.7663690476190477 0.051839464882943144 0.2261904761904762
0 0.4908026755852843 0.8660714285714286 0.04180602006688963 0.12797619047619047
0 0.5484949832775919 0.9017857142857143 0.056856187290969896 0.19642857142857142
0 0.4774247491638796 0.9464285714285714 0.05518394648829431 0.10714285714285714
0 0.4214046822742475 0.9449404761904762 0.05016722408026756 0.11011904761904762
0 0.13127090301003344 0.8273809523809523 0.07525083612040134 0.2619047619047619
0 0.0225752508361204 0.8288690476190477 0.04180602006688963 0.2648809523809524