0 0.01950354609929078 0.7436708860759493 0.03368794326241135 0.22151898734177214
0 0.20301418439716312 0.6518987341772152 0.0549645390070922 0.189873417721519
0 0.33687943262411346 0.620253164556962 0.06028368794326241 0.1930379746835443
0 0.42819148936170215 0.7072784810126582 0.051418439716312055 0.25316455696202533
0 0.46099290780141844 0.6740506329113924 0.0425531914893617 0.22468354430379747
0 0.5531914893617021 0.6582278481012658 0.05851063829787234 0.23417721518987342
0 0.6196808510638298 0.7167721518987342 0.04609929078014184 0.17088607594936708
0 0.6808510638297872 0.7072784810126582 0.0549645390070922 0.24050632911392406
0 0.776595744680851 0.6677215189873418 0.051418439716312055 0.16139240506329114
0 0.8705673758865248 0.6835443037974683 0.06028368794326241 0.2626582278481013
0 0.9654255319148937 0.6930379746835443 0.06914893617021277 0.25949367088607594
0 0.8182624113475178 0.9003164556962026 0.0726950354609929 0.14873417721518986
0 0.75 0.8971518987341772 0.06914893617021277 0.16772151898734178
0 0.6019503546099291 0.8955696202531646 0.051418439716312055 0.1930379746835443
0 0.6569148936170213 0.9018987341772152 0.05319148936170213 0.17088607594936708
0 0.19592198581560283 0.8781645569620253 0.0726950354609929 0.24367088607594936
0 0.2624113475177305 0.8860759493670886 0.07092198581560284 0.22784810126582278
0 0.34131205673758863 0.9556962025316456 0.051418439716312055 0.08860759493670886
0 0.374113475177305 0.8164556962025317 0.05851063829787234 0.24367088607594936
0 0.46808510638297873 0.9177215189873418 0.04609929078014184 0.13924050632911392
0 0.5292553191489362 0.9224683544303798 0.06205673758865248 0.1550632911392405
0 0.45478723404255317 0.9715189873417721 0.05851063829787234 0.056962025316455694
0 0.3953900709219858 0.9746835443037974 0.05319148936170213 0.05063291139240506
0 0.0851063829787234 0.8781645569620253 0.0851063829787234 0.24367088607594936