1 0.9392361111111112 0.23350694444444445 0.1076388888888889 0.3194444444444444
1 0.5833333333333334 0.2300347222222222 0.024305555555555556 0.12152777777777778
1 0.6258680555555556 0.2126736111111111 0.1076388888888889 0.1684027777777778
1 0.16493055555555555 0.7717013888888888 0.03993055555555555 0.0920138888888889
1 0.5243055555555556 0.9696180555555556 0.027777777777777776 0.06076388888888889
1 0.5069444444444444 0.8706597222222222 0.034722222222222224 0.08506944444444445
1 0.0026041666666666665 0.7274305555555556 0.005208333333333333 0.1284722222222222
1 0.4600694444444444 0.7335069444444444 0.03298611111111111 0.08506944444444445
1 0.4913194444444444 0.9513888888888888 0.03819444444444445 0.0798611111111111
1 0.17881944444444445 0.9279513888888888 0.046875 0.11284722222222222
1 0.2638888888888889 0.6909722222222222 0.019097222222222224 0.043402777777777776
1 0.019097222222222224 0.9210069444444444 0.03819444444444445 0.109375
1 0.04600694444444445 0.9401041666666666 0.0763888888888889 0.0763888888888889
1 0.3255208333333333 0.7925347222222222 0.026041666666666668 0.05555555555555555
1 0.3090277777777778 0.828125 0.027777777777777776 0.06076388888888889
1 0.4348958333333333 0.7065972222222222 0.024305555555555556 0.05381944444444445
1 0.5295138888888888 0.7760416666666666 0.036458333333333336 0.10590277777777778
1 0.13194444444444445 0.8567708333333334 0.034722222222222224 0.0763888888888889
1 0.4045138888888889 0.7057291666666666 0.022569444444444444 0.05381944444444445
1 0.4470486111111111 0.9565972222222222 0.05381944444444445 0.08506944444444445
1 0.4878472222222222 0.9557291666666666 0.05555555555555555 0.08854166666666667
1 0.3142361111111111 0.9088541666666666 0.052083333333333336 0.10416666666666667
1 0.22569444444444445 0.8446180555555556 0.057291666666666664 0.1579861111111111
1 0.08940972222222222 0.8897569444444444 0.05381944444444445 0.10590277777777778
1 0.1293402777777778 0.7065972222222222 0.046875 0.16145833333333334
1 0.4956597222222222 0.7135416666666666 0.03298611111111111 0.10243055555555555
1 0.3559027777777778 0.6432291666666666 0.03125 0.08506944444444445
1 0.3038194444444444 0.7725694444444444 0.03125 0.06770833333333333
1 0.3723958333333333 0.9045138888888888 0.029513888888888888 0.08506944444444445
1 0.3576388888888889 0.9696180555555556 0.03819444444444445 0.04861111111111111
1 0.3125 0.9756944444444444 0.027777777777777776 0.03125
1 0.4175347222222222 0.9453125 0.03993055555555555 0.10416666666666667
1 0.2517361111111111 0.9435763888888888 0.0798611111111111 0.0920138888888889
1 0.1267361111111111 0.9670138888888888 0.04861111111111111 0.029513888888888888
1 0.08940972222222222 0.6137152777777778 0.03298611111111111 0.07118055555555555
1 0.2916666666666667 0.6857638888888888 0.019097222222222224 0.04861111111111111
1 0.018229166666666668 0.8081597222222222 0.024305555555555556 0.04513888888888889
1 0.034722222222222224 0.6310763888888888 0.03125 0.08506944444444445
1 0.7743055555555556 0.5651041666666666 0.4513888888888889 0.3871527777777778