1 0.21598101265822786 0.19778481012658228 0.15664556962025317 0.3813291139240506
1 0.03481012658227848 0.2689873417721519 0.06962025316455696 0.5063291139240507
1 0.7966772151898734 0.2120253164556962 0.40031645569620256 0.4240506329113924
1 0.4549050632911392 0.7974683544303798 0.3528481012658228 0.4050632911392405
1 0.7674050632911392 0.6115506329113924 0.07278481012658228 0.13924050632911392
1 0.9675632911392406 0.7658227848101266 0.06487341772151899 0.21518987341772153
1 0.7563291139240507 0.8876582278481012 0.07911392405063292 0.2088607594936709
1 0.6859177215189873 0.8322784810126582 0.07278481012658228 0.3227848101265823
1 0.6368670886075949 0.7049050632911392 0.0379746835443038 0.16772151898734178
1 0.6376582278481012 0.6645569620253164 0.04430379746835443 0.23575949367088608
1 0.6337025316455697 0.6060126582278481 0.03639240506329114 0.11867088607594936
1 0.8860759493670886 0.9264240506329114 0.10759493670886076 0.12341772151898735
1 0.6257911392405063 0.569620253164557 0.020569620253164556 0.04430379746835443
1 0.9335443037974683 0.7088607594936709 0.0981012658227848 0.34651898734177217
1 0.6463607594936709 0.9216772151898734 0.03955696202531646 0.14873417721518986
1 0.6305379746835443 0.6843354430379747 0.02531645569620253 0.15664556962025317
1 0.6257911392405063 0.6518987341772152 0.015822784810126583 0.09651898734177215
1 0.6424050632911392 0.8813291139240507 0.0379746835443038 0.22943037974683544
1 0.9841772151898734 0.9042721518987342 0.03164556962025317 0.15981012658227847
1 0.8552215189873418 0.7634493670886076 0.1060126582278481 0.2974683544303797
1 0.625 0.5751582278481012 0.0189873417721519 0.05379746835443038
1 0.622626582278481 0.5727848101265823 0.014240506329113924 0.0490506329113924
1 0.6431962025316456 0.5767405063291139 0.055379746835443035 0.060126582278481014
1 0.6242088607594937 0.5727848101265823 0.01740506329113924 0.0490506329113924
1 0.632120253164557 0.6542721518987342 0.03322784810126582 0.21360759493670886
1 0.634493670886076 0.7254746835443038 0.03164556962025317 0.19462025316455697
1 0.6503164556962026 0.8837025316455697 0.05379746835443038 0.22468354430379747
1 0.6503164556962026 0.8955696202531646 0.05063291139240506 0.20094936708860758
1 0.6352848101265823 0.7238924050632911 0.03164556962025317 0.14873417721518986