1 0.8370253164556962 0.26582278481012656 0.0981012658227848 0.2911392405063291
1 0.9375 0.22389240506329114 0.07753164556962025 0.2674050632911392
1 0.9715189873417721 0.23180379746835442 0.04272151898734177 0.23417721518987342
1 0.5150316455696202 0.29667721518987344 0.022151898734177215 0.11075949367088607
1 0.5506329113924051 0.27689873417721517 0.0981012658227848 0.15348101265822786
1 0.18670886075949367 0.8275316455696202 0.03639240506329114 0.08386075949367089
1 0.5308544303797469 0.9731012658227848 0.02531645569620253 0.05379746835443038
1 0.5055379746835443 0.884493670886076 0.03164556962025317 0.07753164556962025
1 0.02531645569620253 0.8037974683544303 0.02689873417721519 0.11867088607594936
1 0.014240506329113924 0.7436708860759493 0.007911392405063292 0.061708860759493674
1 0.4501582278481013 0.7650316455696202 0.030063291139240507 0.07753164556962025
1 0.49920886075949367 0.9596518987341772 0.03481012658227848 0.07278481012658228
1 0.21281645569620253 0.9580696202531646 0.04272151898734177 0.08386075949367089
1 0.2689873417721519 0.745253164556962 0.01740506329113924 0.03955696202531646
1 0.0625 0.9636075949367089 0.0490506329113924 0.07278481012658228
1 0.0949367088607595 0.9786392405063291 0.06962025316455696 0.04272151898734177
1 0.3346518987341772 0.8314873417721519 0.023734177215189875 0.05063291139240506
1 0.3227848101265823 0.8647151898734177 0.02531645569620253 0.055379746835443035
1 0.42563291139240506 0.742879746835443 0.022151898734177215 0.0490506329113924
1 0.5181962025316456 0.7966772151898734 0.03322784810126582 0.09651898734177215
1 0.16455696202531644 0.9082278481012658 0.03164556962025317 0.06962025316455696
1 0.39794303797468356 0.7444620253164557 0.020569620253164556 0.0490506329113924
1 0.01819620253164557 0.8227848101265823 0.006329113924050633 0.06329113924050633
1 0.4596518987341772 0.9643987341772152 0.0490506329113924 0.07120253164556962
1 0.497626582278481 0.9620253164556962 0.0490506329113924 0.0759493670886076
1 0.33544303797468356 0.9382911392405063 0.04746835443037975 0.0949367088607595
1 0.24841772151898733 0.8876582278481012 0.05221518987341772 0.1439873417721519
1 0.12974683544303797 0.9414556962025317 0.0490506329113924 0.09651898734177215
1 0.027689873417721517 0.9359177215189873 0.01740506329113924 0.1281645569620253
1 0.14794303797468356 0.7721518987341772 0.04272151898734177 0.14715189873417722
1 0.0245253164556962 0.8283227848101266 0.023734177215189875 0.14082278481012658
1 0.01977848101265823 0.7587025316455697 0.022151898734177215 0.14715189873417722
1 0.015822784810126583 0.754746835443038 0.012658227848101266 0.11708860759493671
1 0.4810126582278481 0.7436708860759493 0.030063291139240507 0.09335443037974683
1 0.3473101265822785 0.692246835443038 0.028481012658227847 0.07753164556962025
1 0.31329113924050633 0.814873417721519 0.028481012658227847 0.061708860759493674
1 0.3876582278481013 0.928006329113924 0.02689873417721519 0.07753164556962025
1 0.379746835443038 0.9833860759493671 0.03481012658227848 0.03322784810126582
1 0.3401898734177215 0.9920886075949367 0.02531645569620253 0.015822784810126583
1 0.4311708860759494 0.9564873417721519 0.03639240506329114 0.08702531645569621
1 0.28164556962025317 0.9659810126582279 0.07278481012658228 0.0680379746835443
1 0.17088607594936708 0.997626582278481 0.04430379746835443 0.004746835443037975
1 0.10363924050632911 0.692246835443038 0.030063291139240507 0.06487341772151899
1 0.2935126582278481 0.7373417721518988 0.01740506329113924 0.04430379746835443
1 0.01740506329113924 0.7784810126582279 0.00949367088607595 0.07278481012658228
1 0.056962025316455694 0.875 0.022151898734177215 0.04113924050632911
1 0.055379746835443035 0.7128164556962026 0.028481012658227847 0.07753164556962025
1 0.7563291139240507 0.5791139240506329 0.4873417721518987 0.3575949367088608