0 0.24633699633699635 0.3424242424242424 0.08608058608058608 0.09090909090909091
0 0.1794871794871795 0.753030303030303 0.08791208791208792 0.11515151515151516
0 0.42216117216117216 0.11818181818181818 0.056776556776556776 0.11212121212121212
0 0.5064102564102564 0.03484848484848485 0.0641025641025641 0.0696969696969697
0 0.8836996336996337 0.051515151515151514 0.08608058608058608 0.10303030303030303
0 0.43315018315018317 0.6454545454545455 0.054945054945054944 0.11212121212121212
0 0.5613553113553114 0.5757575757575758 0.056776556776556776 0.10606060606060606
0 0.5961538461538461 0.4015151515151515 0.06593406593406594 0.09696969696969697
0 0.5769230769230769 0.8787878787878788 0.0641025641025641 0.1
0 0.6456043956043956 0.7833333333333333 0.06043956043956044 0.11818181818181818
0 0.7554945054945055 0.5227272727272727 0.06593406593406594 0.09393939393939393
0 0.7408424908424909 0.38333333333333336 0.06776556776556776 0.1
0 0.6373626373626373 0.20757575757575758 0.04395604395604396 0.08484848484848485
0 0.6144688644688645 0.27424242424242423 0.054945054945054944 0.08484848484848485
0 0.9175824175824175 0.7575757575757576 0.05311355311355311 0.10606060606060606
0 0.8333333333333334 0.22121212121212122 0.06593406593406594 0.08484848484848485
0 0.7957875457875457 0.15 0.07142857142857142 0.08787878787878788
0 0.4880952380952381 0.36818181818181817 0.038461538461538464 0.07878787878787878
0 0.4725274725274725 0.5015151515151515 0.05311355311355311 0.11515151515151516
0 0.6236263736263736 0.6863636363636364 0.045787545787545784 0.07878787878787878