0 0.27835051546391754 0.3252840909090909 0.07903780068728522 0.07954545454545454
0 0.20446735395189003 0.7059659090909091 0.08075601374570447 0.10227272727272728
0 0.45103092783505155 0.12926136363636365 0.04982817869415808 0.09943181818181818
0 0.5309278350515464 0.045454545454545456 0.058419243986254296 0.09090909090909091
0 0.8857388316151202 0.10085227272727272 0.07731958762886598 0.10511363636363637
0 0.44501718213058417 0.625 0.048109965635738834 0.09943181818181818
0 0.5670103092783505 0.5696022727272727 0.04982817869415808 0.09659090909090909
0 0.6048109965635738 0.4090909090909091 0.06013745704467354 0.08522727272727272
0 0.5721649484536082 0.8551136363636364 0.05670103092783505 0.09090909090909091
0 0.6400343642611683 0.7713068181818182 0.05326460481099656 0.10511363636363637
0 0.75 0.5355113636363636 0.058419243986254296 0.08238636363636363
0 0.7414089347079038 0.40482954545454547 0.06013745704467354 0.08806818181818182
0 0.6494845360824743 0.23011363636363635 0.037800687285223365 0.07670454545454546
0 0.6254295532646048 0.29261363636363635 0.048109965635738834 0.07670454545454546
0 0.8951890034364262 0.7684659090909091 0.04639175257731959 0.09659090909090909
0 0.8324742268041238 0.2599431818181818 0.06013745704467354 0.07670454545454546
0 0.7998281786941581 0.1903409090909091 0.06529209621993128 0.07670454545454546
0 0.5042955326460481 0.3693181818181818 0.03436426116838488 0.07102272727272728
0 0.48625429553264604 0.4928977272727273 0.048109965635738834 0.10227272727272728
0 0.6219931271477663 0.6775568181818182 0.03951890034364261 0.07102272727272728