0 0.06907894736842106 0.13505747126436782 0.07730263157894737 0.08908045977011494
0 0.15296052631578946 0.1896551724137931 0.07072368421052631 0.08908045977011494
0 0.31167763157894735 0.21264367816091953 0.05098684210526316 0.08908045977011494
0 0.19901315789473684 0.4468390804597701 0.07401315789473684 0.09770114942528736
0 0.8133223684210527 0.17959770114942528 0.07236842105263158 0.10057471264367816
0 0.8988486842105263 0.26580459770114945 0.0805921052631579 0.10632183908045977
0 0.8848684210526315 0.4511494252873563 0.07730263157894737 0.07471264367816093
0 0.8067434210526315 0.40804597701149425 0.06085526315789474 0.09770114942528736
0 0.8643092105263158 0.5574712643678161 0.05921052631578947 0.07758620689655173
0 0.7006578947368421 0.882183908045977 0.047697368421052634 0.07183908045977011
0 0.234375 0.3132183908045977 0.07072368421052631 0.08045977011494253
0 0.1225328947368421 0.3117816091954023 0.07072368421052631 0.0603448275862069
0 0.08881578947368421 0.617816091954023 0.07894736842105263 0.06321839080459771
0 0.032072368421052634 0.7068965517241379 0.06414473684210527 0.06896551724137931
0 0.12911184210526316 0.7931034482758621 0.06743421052631579 0.06896551724137931
0 0.1513157894736842 0.6910919540229885 0.0625 0.05747126436781609
0 0.3355263157894737 0.44396551724137934 0.05921052631578947 0.06321839080459771
0 0.4251644736842105 0.1882183908045977 0.05592105263157895 0.06896551724137931
0 0.4161184210526316 0.10201149425287356 0.03618421052631579 0.08620689655172414
0 0.4942434210526316 0.16666666666666666 0.03453947368421053 0.06896551724137931
0 0.578125 0.43103448275862066 0.03782894736842105 0.0603448275862069
0 0.4720394736842105 0.47844827586206895 0.047697368421052634 0.04597701149425287
0 0.3659539473684211 0.8764367816091954 0.05263157894736842 0.07183908045977011
0 0.27713815789473684 0.8979885057471264 0.06414473684210527 0.07183908045977011
0 0.22615131578947367 0.7787356321839081 0.05756578947368421 0.08333333333333333
0 0.19983552631578946 0.6422413793103449 0.054276315789473686 0.07758620689655173
0 0.20394736842105263 0.5718390804597702 0.05098684210526316 0.08333333333333333
0 0.43256578947368424 0.6350574712643678 0.03125 0.06896551724137931
0 0.44819078947368424 0.7155172413793104 0.044407894736842105 0.06896551724137931
0 0.9646381578947368 0.5818965517241379 0.06907894736842106 0.06896551724137931
0 0.9629934210526315 0.6422413793103449 0.07072368421052631 0.05747126436781609
0 0.9449013157894737 0.8735632183908046 0.04276315789473684 0.10344827586206896
0 0.8675986842105263 0.742816091954023 0.06414473684210527 0.08333333333333333
0 0.8939144736842105 0.6997126436781609 0.0625 0.07758620689655173
0 0.7820723684210527 0.5617816091954023 0.044407894736842105 0.06321839080459771
0 0.7680921052631579 0.7011494252873564 0.03618421052631579 0.06896551724137931
0 0.7261513157894737 0.7729885057471264 0.046052631578947366 0.08045977011494253
0 0.5 0.7327586206896551 0.03125 0.07183908045977011