0 0.06665032679738563 0.1623076923076923 0.07455882352941177 0.08264957264957265
0 0.150718954248366 0.21185185185185185 0.0692483660130719 0.08532763532763532
0 0.3093137254901961 0.22544159544159542 0.04959150326797386 0.08621082621082622
0 0.20135620915032681 0.46373219373219376 0.0725 0.09381766381766382
0 0.8063398692810457 0.16253561253561252 0.07080065359477124 0.09623931623931624
0 0.8930555555555555 0.2421082621082621 0.07831699346405228 0.10199430199430198
0 0.8826307189542483 0.4271225071225071 0.07504901960784313 0.0688034188034188
0 0.8042156862745098 0.3887464387464387 0.05898692810457517 0.09287749287749288
0 0.864656862745098 0.5341025641025641 0.056715686274509805 0.07236467236467237
0 0.7083169934640523 0.8655555555555555 0.04570261437908497 0.06905982905982906
0 0.2345424836601307 0.3302279202279202 0.06848039215686275 0.07660968660968662
0 0.12331699346405228 0.3352706552706553 0.06977124183006536 0.056011396011396014
0 0.09555555555555555 0.6401994301994303 0.07705882352941176 0.056638176638176635
0 0.03638888888888889 0.7342450142450143 0.07276143790849673 0.06504273504273504
0 0.13915032679738562 0.8111965811965812 0.06624183006535947 0.06552706552706553
0 0.15950980392156863 0.7086039886039887 0.06171568627450981 0.05319088319088319
0 0.3373366013071895 0.452991452991453 0.0578921568627451 0.059173789173789175
0 0.42129084967320257 0.19452991452991453 0.05483660130718954 0.06381766381766381
0 0.41011437908496734 0.10968660968660969 0.034983660130718956 0.08262108262108261
0 0.48952614379084963 0.1690883190883191 0.032957516339869285 0.06555555555555556
0 0.5781372549019608 0.42581196581196584 0.03669934640522876 0.05737891737891738
0 0.4736928104575163 0.47820512820512817 0.0465359477124183 0.04381766381766382
0 0.37630718954248366 0.8802564102564103 0.05032679738562092 0.06774928774928775
0 0.28795751633986927 0.9065527065527065 0.06217320261437908 0.06777777777777777
0 0.23529411764705882 0.7919088319088319 0.054901960784313725 0.07954415954415955
0 0.2063888888888889 0.6577492877492878 0.05240196078431372 0.07418803418803419
0 0.20941176470588235 0.5882621082621082 0.04838235294117647 0.07985754985754986
0 0.43725490196078437 0.6358119658119658 0.02895424836601307 0.06541310541310541
0 0.4543464052287582 0.7156125356125357 0.04302287581699346 0.06720797720797721
0 0.9659150326797385 0.552962962962963 0.06816993464052287 0.06623931623931624
0 0.9652777777777778 0.613019943019943 0.06942810457516341 0.054871794871794874
0 0.9509967320261438 0.8414529914529916 0.04084967320261438 0.09974358974358974
0 0.8710620915032681 0.7169230769230769 0.061993464052287575 0.07860398860398861
0 0.8968300653594772 0.6724216524216524 0.06071895424836601 0.07287749287749287
0 0.7827287581699346 0.5426495726495727 0.04366013071895425 0.05877492877492877
0 0.7715359477124183 0.6816239316239316 0.033872549019607845 0.06501424501424502
0 0.7313235294117647 0.7559544159544159 0.04393790849673203 0.07774928774928774
0 0.5058660130718954 0.7292022792022792 0.030441176470588235 0.06809116809116808