0 0.04017857142857143 0.0953125 0.06607142857142857 0.09375
0 0.12321428571428572 0.15625 0.07678571428571429 0.096875
0 0.29642857142857143 0.18125 0.055357142857142855 0.096875
0 0.1732142857142857 0.4359375 0.08035714285714286 0.10625
0 0.8401785714285714 0.1453125 0.07857142857142857 0.109375
0 0.9330357142857143 0.2390625 0.0875 0.115625
0 0.9178571428571428 0.440625 0.08392857142857142 0.08125
0 0.8330357142857143 0.39375 0.06607142857142857 0.10625
0 0.8955357142857143 0.55625 0.06428571428571428 0.084375
0 0.7178571428571429 0.909375 0.05178571428571429 0.078125
0 0.2125 0.290625 0.07678571428571429 0.0875
0 0.09017857142857143 0.2890625 0.07678571428571429 0.065625
0 0.05357142857142857 0.621875 0.08571428571428572 0.06875
0 0.013392857142857142 0.721875 0.026785714285714284 0.075
0 0.09732142857142857 0.8125 0.07321428571428572 0.075
0 0.12142857142857143 0.7015625 0.06785714285714285 0.0625
0 0.32142857142857145 0.4328125 0.06428571428571428 0.06875
0 0.41875 0.1546875 0.060714285714285714 0.075
0 0.4089285714285714 0.0609375 0.039285714285714285 0.09375
0 0.49375 0.13125 0.0375 0.075
0 0.5857142857142857 0.41875 0.04107142857142857 0.065625
0 0.46964285714285714 0.4703125 0.05178571428571429 0.05
0 0.35446428571428573 0.903125 0.05714285714285714 0.078125
0 0.2580357142857143 0.9265625 0.06964285714285715 0.078125
0 0.20267857142857143 0.796875 0.0625 0.090625
0 0.17410714285714285 0.6484375 0.05892857142857143 0.084375
0 0.17857142857142858 0.571875 0.055357142857142855 0.090625
0 0.42678571428571427 0.640625 0.033928571428571426 0.075
0 0.44375 0.728125 0.048214285714285716 0.075
0 0.9839285714285714 0.58125 0.03214285714285714 0.075
0 0.98125 0.646875 0.033928571428571426 0.0625
0 0.9758928571428571 0.896875 0.033928571428571426 0.1125
0 0.8991071428571429 0.7578125 0.06964285714285715 0.090625
0 0.9276785714285715 0.7109375 0.06785714285714285 0.084375
0 0.80625 0.5609375 0.048214285714285716 0.06875
0 0.7910714285714285 0.7125 0.039285714285714285 0.075
0 0.7455357142857143 0.790625 0.05 0.0875
0 0.5 0.746875 0.033928571428571426 0.078125