0 0.3961437908496732 0.7517293233082707 0.03957516339869281 0.07172932330827068
0 0.4020751633986928 0.7000000000000001 0.039558823529411764 0.07305764411027568
0 0.33598039215686276 0.4253634085213033 0.04107843137254902 0.07516290726817042
0 0.22058823529411764 0.35220551378446113 0.0390359477124183 0.07922305764411028
0 0.24612745098039215 0.30298245614035085 0.042581699346405225 0.09012531328320803
0 0.0909313725490196 0.5924310776942355 0.04411764705882353 0.07664160401002505
0 0.12256535947712419 0.5623558897243107 0.045 0.0893734335839599
0 0.10251633986928105 0.39233082706766914 0.04946078431372549 0.10476190476190475
0 0.1377124183006536 0.3750125313283208 0.045588235294117645 0.10659147869674186
0 0.5765849673202614 0.2681203007518797 0.03504901960784314 0.09786967418546365
0 0.5229738562091504 0.2909022556390977 0.03774509803921569 0.0887468671679198
0 0.38263071895424833 0.33967418546365913 0.03333333333333333 0.08606516290726818
0 0.3018300653594771 0.2508020050125313 0.03810457516339869 0.08142857142857143
0 0.16044117647058823 0.1992731829573935 0.040539215686274506 0.07867167919799499
0 0.15656862745098038 0.14616541353383458 0.03875816993464052 0.0681453634085213
0 0.8556699346405228 0.4142105263157895 0.03763071895424837 0.0756140350877193
0 0.9808169934640523 0.47368421052631576 0.038382352941176465 0.09889724310776943
0 0.7941830065359478 0.17536340852130325 0.027565359477124185 0.09005012531328321
0 0.6634803921568627 0.4267418546365915 0.027598039215686276 0.06879699248120301
0 0.672532679738562 0.6596741854636591 0.030866013071895425 0.06984962406015038
0 0.8045751633986927 0.6557894736842106 0.04240196078431373 0.06664160401002506
0 0.9608169934640522 0.21979949874686716 0.034035947712418295 0.09235588972431077
0 0.9867483660130719 0.23142857142857143 0.026503267973856208 0.10192982456140351
0 0.844967320261438 0.8009774436090225 0.05189542483660131 0.06080200501253133
0 0.8353104575163398 0.7521804511278195 0.0355718954248366 0.05987468671679198
0 0.18568627450980393 0.7164160401002507 0.049444444444444444 0.08764411027568922
0 0.16683006535947711 0.6598997493734337 0.03251633986928104 0.047493734335839595
0 0.2220751633986928 0.6359649122807017 0.059820261437908494 0.07711779448621554
0 0.24495098039215685 0.7079699248120301 0.04021241830065359 0.07533834586466165
0 0.26812091503267976 0.5147117794486216 0.03901960784313725 0.08979949874686716
0 0.04696078431372549 0.38275689223057646 0.051258169934640524 0.09473684210526315