0 0.4052013422818792 0.75 0.040268456375838924 0.07474226804123711
0 0.4110738255033557 0.6971649484536082 0.040268456375838924 0.07474226804123711
0 0.34312080536912754 0.41365979381443296 0.04194630872483222 0.07731958762886598
0 0.22483221476510068 0.3389175257731959 0.040268456375838924 0.08247422680412371
0 0.25083892617449666 0.28865979381443296 0.0436241610738255 0.09278350515463918
0 0.09144295302013423 0.586340206185567 0.04530201342281879 0.07989690721649484
0 0.12416107382550336 0.5554123711340206 0.04697986577181208 0.09278350515463918
0 0.10318791946308725 0.3801546391752577 0.050335570469798654 0.10824742268041238
0 0.1401006711409396 0.36211340206185566 0.04697986577181208 0.11082474226804123
0 0.5906040268456376 0.25257731958762886 0.03523489932885906 0.10051546391752578
0 0.535234899328859 0.2757731958762887 0.03859060402684564 0.09020618556701031
0 0.39093959731543626 0.32603092783505155 0.03355704697986577 0.08762886597938144
0 0.30788590604026844 0.2345360824742268 0.03859060402684564 0.08247422680412371
0 0.16275167785234898 0.18170103092783504 0.04194630872483222 0.07989690721649484
0 0.1593959731543624 0.12757731958762886 0.040268456375838924 0.06958762886597938
0 0.8766778523489933 0.40335051546391754 0.03859060402684564 0.07731958762886598
0 0.9924496644295302 0.46262886597938147 0.015100671140939598 0.10051546391752578
0 0.8137583892617449 0.15721649484536082 0.028523489932885907 0.09278350515463918
0 0.6795302013422819 0.4162371134020619 0.028523489932885907 0.06958762886597938
0 0.6887583892617449 0.654639175257732 0.031879194630872486 0.07216494845360824
0 0.8246644295302014 0.6507731958762887 0.0436241610738255 0.06958762886597938
0 0.9832214765100671 0.20231958762886598 0.03355704697986577 0.09536082474226804
0 0.8657718120805369 0.8002577319587629 0.053691275167785234 0.061855670103092786
0 0.8557046979865772 0.75 0.03691275167785235 0.061855670103092786
0 0.18875838926174496 0.7139175257731959 0.050335570469798654 0.09020618556701031
0 0.16946308724832215 0.6559278350515464 0.03355704697986577 0.04896907216494845
0 0.22651006711409397 0.6314432989690721 0.06208053691275168 0.07989690721649484
0 0.25 0.7048969072164949 0.04194630872483222 0.07731958762886598
0 0.27348993288590606 0.5064432989690721 0.040268456375838924 0.09278350515463918
0 0.04614093959731544 0.3698453608247423 0.05201342281879195 0.0979381443298969