0 0.39949324324324326 0.772020725388601 0.04222972972972973 0.07512953367875648
0 0.40709459459459457 0.7189119170984456 0.04222972972972973 0.07772020725388601
0 0.3454391891891892 0.43134715025906734 0.04391891891891892 0.08031088082901554
0 0.22804054054054054 0.34974093264248707 0.04222972972972973 0.08290155440414508
0 0.25506756756756754 0.3005181347150259 0.04560810810810811 0.09585492227979274
0 0.08868243243243243 0.5906735751295337 0.0472972972972973 0.08290155440414508
0 0.12162162162162163 0.560880829015544 0.048986486486486486 0.09585492227979274
0 0.10472972972972973 0.38471502590673573 0.05405405405405406 0.11139896373056994
0 0.14189189189189189 0.36787564766839376 0.048986486486486486 0.11139896373056994
0 0.597972972972973 0.2823834196891192 0.03885135135135135 0.10362694300518134
0 0.5413851351351351 0.30310880829015546 0.04054054054054054 0.09326424870466321
0 0.3952702702702703 0.34585492227979275 0.037162162162162164 0.09067357512953368
0 0.3141891891891892 0.24870466321243523 0.04054054054054054 0.08549222797927461
0 0.16976351351351351 0.1878238341968912 0.04391891891891892 0.08290155440414508
0 0.16638513513513514 0.133419689119171 0.04222972972972973 0.07253886010362694
0 0.8826013513513513 0.4481865284974093 0.04054054054054054 0.08031088082901554
0 0.9940878378378378 0.5142487046632125 0.011824324324324325 0.10103626943005181
0 0.8243243243243243 0.19818652849740934 0.030405405405405407 0.09326424870466321
0 0.6841216216216216 0.45077720207253885 0.030405405405405407 0.07253886010362694
0 0.6875 0.6917098445595855 0.033783783783783786 0.07512953367875648
0 0.8243243243243243 0.6955958549222798 0.04560810810810811 0.06994818652849741
0 0.9881756756756757 0.25129533678756477 0.02364864864864865 0.09844559585492228
0 0.862331081081081 0.8471502590673575 0.05574324324324324 0.06476683937823834
0 0.8538851351351351 0.7966321243523317 0.03885135135135135 0.06476683937823834
0 0.18327702702702703 0.7240932642487047 0.052364864864864864 0.09326424870466321
0 0.16554054054054054 0.6645077720207254 0.03547297297297297 0.05181347150259067
0 0.22297297297297297 0.6424870466321243 0.06418918918918919 0.08290155440414508
0 0.24493243243243243 0.7189119170984456 0.04391891891891892 0.08031088082901554
0 0.27280405405405406 0.5194300518134715 0.04222972972972973 0.09585492227979274
0 0.04814189189189189 0.37176165803108807 0.05574324324324324 0.10103626943005181