0 0.3003472222222222 0.4921875 0.07465277777777778 0.20572916666666666
0 0.3923611111111111 0.5091145833333334 0.07291666666666667 0.23958333333333334
0 0.4366319444444444 0.3736979166666667 0.06770833333333333 0.22135416666666666
0 0.20572916666666666 0.1484375 0.05555555555555555 0.19010416666666666
0 0.3107638888888889 0.16015625 0.07118055555555555 0.234375
0 0.0954861111111111 0.2786458333333333 0.07118055555555555 0.21875
0 0.06944444444444445 0.50390625 0.0798611111111111 0.1875
0 0.3628472222222222 0.8515625 0.07465277777777778 0.1953125
0 0.5746527777777778 0.5260416666666666 0.057291666666666664 0.18229166666666666
0 0.6883680555555556 0.5924479166666666 0.0763888888888889 0.21614583333333334
0 0.7456597222222222 0.16015625 0.0642361111111111 0.21614583333333334
0 0.8159722222222222 0.4453125 0.07118055555555555 0.18229166666666666
0 0.9149305555555556 0.5625 0.0798611111111111 0.23177083333333334
0 0.9756944444444444 0.81640625 0.04861111111111111 0.1640625
0 0.6675347222222222 0.91796875 0.0625 0.13020833333333334
0 0.5225694444444444 0.96484375 0.06944444444444445 0.0703125
0 0.21180555555555555 0.9270833333333334 0.07291666666666667 0.14583333333333334
0 0.1362847222222222 0.92578125 0.08854166666666667 0.1484375
0 0.08159722222222222 0.7994791666666666 0.07291666666666667 0.13802083333333334
0 0.8671875 0.06640625 0.06770833333333333 0.1328125