0 0.1923828125 0.4470588235294118 0.083984375 0.17058823529411765
0 0.490234375 0.8941176470588236 0.078125 0.15588235294117647
0 0.263671875 0.9632352941176471 0.06640625 0.052941176470588235
0 0.01953125 0.5235294117647059 0.0390625 0.15294117647058825
0 0.103515625 0.325 0.041015625 0.15588235294117647
0 0.1494140625 0.26323529411764707 0.052734375 0.17058823529411765
0 0.4052734375 0.9161764705882353 0.052734375 0.16176470588235295
0 0.681640625 0.9088235294117647 0.080078125 0.17647058823529413
0 0.7734375 0.5691176470588235 0.05859375 0.19411764705882353
0 0.4423828125 0.08823529411764706 0.04296875 0.16470588235294117
0 0.619140625 0.061764705882352944 0.041015625 0.11470588235294117
0 0.2421875 0.039705882352941174 0.05859375 0.07941176470588235
0 0.5771484375 0.5455882352941176 0.037109375 0.15
0 0.83203125 0.3911764705882353 0.064453125 0.15588235294117647
0 0.927734375 0.9235294117647059 0.04296875 0.15294117647058825
0 0.76953125 0.9794117647058823 0.05078125 0.041176470588235294
0 0.4560546875 0.9852941176470589 0.033203125 0.029411764705882353
0 0.1064453125 0.8838235294117647 0.068359375 0.17647058823529413
0 0.4765625 0.5044117647058823 0.078125 0.1588235294117647
0 0.4990234375 0.38382352941176473 0.04296875 0.1
0 0.2509765625 0.6367647058823529 0.0625 0.17647058823529413
0 0.0703125 0.763235294117647 0.044921875 0.12058823529411765
0 0.009765625 0.6279411764705882 0.01953125 0.16176470588235295
0 0.3828125 0.36911764705882355 0.056640625 0.1264705882352941
0 0.6396484375 0.35 0.0625 0.16176470588235295
0 0.6455078125 0.2647058823529412 0.048828125 0.09705882352941177
0 0.666015625 0.175 0.05078125 0.12352941176470589
0 0.6748046875 0.058823529411764705 0.044921875 0.10294117647058823
0 0.3662109375 0.011764705882352941 0.048828125 0.023529411764705882
0 0.0732421875 0.07941176470588235 0.060546875 0.1588235294117647
0 0.9833984375 0.07941176470588235 0.033203125 0.11176470588235295
0 0.8916015625 0.3088235294117647 0.052734375 0.17058823529411765
0 0.5322265625 0.19705882352941176 0.05859375 0.17352941176470588
0 0.4560546875 0.23676470588235293 0.052734375 0.14411764705882352
0 0.515625 0.07794117647058824 0.05859375 0.15588235294117647
0 0.3466796875 0.7058823529411765 0.060546875 0.1411764705882353
0 0.4384765625 0.6323529411764706 0.064453125 0.16470588235294117
0 0.3095703125 0.5191176470588236 0.046875 0.10588235294117647
0 0.65625 0.7220588235294118 0.0390625 0.12941176470588237
0 0.6943359375 0.75 0.04296875 0.1323529411764706
0 0.87890625 0.8176470588235294 0.046875 0.15
0 0.9189453125 0.7 0.0546875 0.17647058823529413
0 0.9853515625 0.8602941176470589 0.017578125 0.18823529411764706
0 0.1064453125 0.7044117647058824 0.048828125 0.1411764705882353
0 0.359375 0.25882352941176473 0.046875 0.12941176470588237