0 0.2898148148148148 0.43194444444444446 0.07777777777777778 0.15833333333333333
0 0.5861111111111111 0.8319444444444445 0.07222222222222222 0.14722222222222223
0 0.37407407407407406 0.9430555555555555 0.06296296296296296 0.11388888888888889
0 0.08425925925925926 0.9416666666666667 0.08333333333333333 0.11666666666666667
0 0.025 0.6555555555555556 0.04814814814814815 0.1638888888888889
0 0.12777777777777777 0.5180555555555556 0.040740740740740744 0.14444444444444443
0 0.20185185185185187 0.3236111111111111 0.037037037037037035 0.14722222222222223
0 0.24259259259259258 0.2625 0.04814814814814815 0.16111111111111112
0 0.5083333333333333 0.8652777777777778 0.05 0.1638888888888889
0 0.7685185185185185 0.8305555555555556 0.07407407407407407 0.1638888888888889
0 0.8444444444444444 0.5041666666666667 0.053703703703703705 0.18333333333333332
0 0.5138888888888888 0.075 0.03888888888888889 0.15
0 0.6805555555555556 0.044444444444444446 0.03888888888888889 0.08888888888888889
0 0.32314814814814813 0.041666666666666664 0.053703703703703705 0.07777777777777778
0 0.6574074074074074 0.49722222222222223 0.03518518518518519 0.14166666666666666
0 0.8935185185185185 0.33194444444444443 0.05925925925925926 0.14444444444444443
0 0.9907407407407407 0.8305555555555556 0.018518518518518517 0.15555555555555556
0 0.8537037037037037 0.9319444444444445 0.04814814814814815 0.11666666666666667
0 0.5583333333333333 0.9527777777777777 0.03333333333333333 0.09166666666666666
0 0.22314814814814815 0.8513888888888889 0.06296296296296296 0.1638888888888889
0 0.02962962962962963 0.5055555555555555 0.05925925925925926 0.14444444444444443
0 0.05277777777777778 0.2263888888888889 0.05925925925925926 0.1527777777777778
0 0.5601851851851852 0.4652777777777778 0.07222222222222222 0.15
0 0.5787037037037037 0.3486111111111111 0.03888888888888889 0.09444444444444444
0 0.35185185185185186 0.6069444444444444 0.05740740740740741 0.16666666666666666
0 0.18518518518518517 0.7388888888888889 0.040740740740740744 0.11388888888888889
0 0.1037037037037037 0.6194444444444445 0.05740740740740741 0.15555555555555556
0 0.4675925925925926 0.34444444444444444 0.05185185185185185 0.11666666666666667
0 0.7101851851851851 0.30694444444444446 0.05740740740740741 0.1527777777777778
0 0.7129629629629629 0.2263888888888889 0.044444444444444446 0.08888888888888889
0 0.7296296296296296 0.14027777777777778 0.04814814814814815 0.11666666666666667
0 0.7324074074074074 0.03888888888888889 0.04259259259259259 0.07777777777777778
0 0.1648148148148148 0.09027777777777778 0.05555555555555555 0.15555555555555556
0 0.9481481481481482 0.24861111111111112 0.04814814814814815 0.15833333333333333
0 0.6037037037037037 0.17083333333333334 0.053703703703703705 0.1638888888888889
0 0.5333333333333333 0.21388888888888888 0.04814814814814815 0.1361111111111111
0 0.5842592592592593 0.06666666666666667 0.053703703703703705 0.13333333333333333
0 0.4444444444444444 0.6652777777777777 0.05740740740740741 0.13055555555555556
0 0.5287037037037037 0.5888888888888889 0.05925925925925926 0.15555555555555556
0 0.4027777777777778 0.49027777777777776 0.044444444444444446 0.1
0 0.7379629629629629 0.6569444444444444 0.03518518518518519 0.12222222222222222
0 0.7759259259259259 0.6805555555555556 0.03888888888888889 0.125
0 0.9518518518518518 0.7305555555555555 0.04259259259259259 0.14166666666666666
0 0.9796296296296296 0.6138888888888889 0.040740740740740744 0.16666666666666666
0 0.2175925925925926 0.6819444444444445 0.046296296296296294 0.13333333333333333
0 0.025925925925925925 0.04861111111111111 0.05185185185185185 0.075
0 0.44166666666666665 0.24166666666666667 0.04259259259259259 0.11944444444444445