0 0.10483870967741936 0.6247833622183708 0.08770161290322581 0.37608318890814557
0 0.36920362903225806 0.6330155979202773 0.09022177419354839 0.28422876949740034
0 0.7389112903225806 0.6542461005199307 0.06350806451612903 0.3344887348353553
0 0.29586693548387094 0.5966204506065858 0.03780241935483871 0.2391681109185442
0 0.8041834677419355 0.6187175043327556 0.04334677419354839 0.27989601386481805
0 0.8414818548387096 0.6195840554592721 0.03477822580645161 0.26776429809358754
0 0.44506048387096775 0.597053726169844 0.03528225806451613 0.21490467937608318
0 0.5491431451612904 0.5844887348353552 0.030745967741935484 0.18630849220103987
0 0.6207157258064516 0.58578856152513 0.031754032258064516 0.17850953206239167
0 0.5919858870967742 0.5931542461005199 0.026713709677419355 0.1733102253032929
0 0.4894153225806452 0.591421143847487 0.05040322580645161 0.19844020797227035
0 0.1819556451612903 0.6230502599653379 0.038306451612903226 0.24610051993067592
0 0.9760584677419355 0.6707105719237435 0.04788306451612903 0.3587521663778163
0 0.9034778225806451 0.6195840554592721 0.031754032258064516 0.21663778162911612
0 0.6577620967741935 0.6126516464471404 0.036290322580645164 0.20623916811091855
0 0.21824596774193547 0.5853552859618717 0.02217741935483871 0.15511265164644714
0 0.03125 0.591421143847487 0.03679435483870968 0.18197573656845753
0 0.0078125 0.5619584055459272 0.015625 0.17244367417677642
0 0.4027217741935484 0.5654246100519931 0.024193548387096774 0.10398613518197573
0 0.6948084677419355 0.5948873483535528 0.028729838709677418 0.17677642980935876
0 0.9495967741935484 0.598786828422877 0.02721774193548387 0.15944540727902945