0 0.11600594301695506 0.6406779684876981 0.08105575948260793 0.36177840031251873
0 0.3721272504806852 0.6409632708413252 0.08464429295577691 0.2722565281096724
0 0.730487676979549 0.650885786382209 0.05848977451494486 0.32213038270636035
0 0.3008232826428946 0.6079132455606273 0.03434015032337001 0.23017893572367906
0 0.7933176018178639 0.6143760946659487 0.03907009264114669 0.27013628114482263
0 0.8294948435588183 0.6143760946659487 0.0310190526131795 0.2581205472831168
0 0.44535745499038626 0.6038529425911131 0.031840587309910795 0.20704541961852546
0 0.545937773116588 0.5886778605608209 0.027787100157315114 0.17969843822769982
0 0.6152316028666317 0.5877769057598932 0.028991435063800086 0.17188716010365676
0 0.5875319000174795 0.5960356581017304 0.024280720153819324 0.16738538928168792
0 0.48826254151372134 0.5973900934857918 0.04668065023597279 0.19111954192079345
0 0.1908110470197518 0.6369029678718111 0.03489424925712287 0.23710727814281313
0 0.9640395035832897 0.6605019772907773 0.04951756685894071 0.34677149651173295
0 0.8894406572277573 0.6124150163825961 0.028552700576822243 0.2091536538526962
0 0.651496241915749 0.613012649733878 0.03334906484880262 0.19833919305889403
0 0.2254151372137738 0.5990388407714895 0.02020276175493796 0.14936329008046417
0 0.04444502709316553 0.6103067821484253 0.03406397482957524 0.17490535868676446
0 0.01840412515294529 0.5834192877060729 0.02044397832546757 0.16617810984844492
0 0.4039398706519839 0.5743977269661168 0.022417409543786015 0.10008106246971886
0 0.6872364971158887 0.5945340667668509 0.026171997902464605 0.17038857195144705
0 0.9339188952980247 0.5907770852469825 0.02486977801083734 0.15386506090243302