0 0.08961303462321792 0.5923817863397548 0.09572301425661914 0.38441330998248685
0 0.35616089613034624 0.6169001751313485 0.09674134419551934 0.29159369527145357
0 0.7291242362525459 0.6606830122591943 0.07128309572301425 0.3415061295971979
0 0.2830957230142566 0.5757443082311734 0.043279022403258656 0.2434325744308231
0 0.7958248472505092 0.6287215411558669 0.04938900203665988 0.28546409807355516
0 0.8335030549898167 0.6322241681260946 0.04073319755600815 0.2723292469352014
0 0.43380855397148677 0.5849387040280211 0.03971486761710794 0.21891418563922943
0 0.5389511201629328 0.5788091068301225 0.034623217922606926 0.19001751313485113
0 0.6112525458248472 0.5840630472854641 0.035641547861507125 0.18213660245183888
0 0.5819755600814664 0.5901926444833625 0.03054989816700611 0.17688266199649738
0 0.4786150712830957 0.5823117338003503 0.054480651731160894 0.2040280210157618
0 0.1675152749490835 0.5954465849387041 0.04378818737270876 0.2504378283712785
0 0.970213849287169 0.6913309982486865 0.05957230142566192 0.36514886164623467
0 0.8958757637474541 0.6357267950963222 0.03615071283095723 0.22066549912434325
0 0.6481670061099797 0.6138353765323993 0.04124236252545825 0.21015761821366025
0 0.20493890020366598 0.5595446584938704 0.025967413441955193 0.15761821366024517
0 0.018329938900203666 0.5542907180385289 0.03665987780040733 0.18563922942206654
0 0.39154786150712834 0.5503502626970228 0.026476578411405296 0.10683012259194395
0 0.6858452138492872 0.5980735551663747 0.032586558044806514 0.18038528896672504
0 0.9429735234215886 0.617338003502627 0.03054989816700611 0.1628721541155867