0 0.5336048879837068 0.6841704718417048 0.0855397148676171 0.3424657534246575
0 0.8668533604887984 0.6777016742770168 0.09368635437881874 0.3515981735159817
0 0.7118126272912424 0.6617199391171994 0.09012219959266803 0.3363774733637747
0 0.6053971486761711 0.6678082191780822 0.059063136456211814 0.3181126331811263
0 0.649949083503055 0.65220700152207 0.04480651731160896 0.302130898021309
0 0.7711303462321792 0.6491628614916286 0.04378818737270876 0.2937595129375951
0 0.9386456211812627 0.6506849315068494 0.07230142566191446 0.3280060882800609
0 0.2874236252545825 0.6575342465753424 0.07230142566191446 0.3013698630136986
0 0.35310590631364563 0.632800608828006 0.056517311608961306 0.2876712328767123
0 0.4470468431771894 0.6594368340943684 0.06670061099796334 0.3059360730593607
0 0.9834521384928717 0.6438356164383562 0.03309572301425662 0.2724505327245053
0 0.10310590631364562 0.6267123287671232 0.038696537678207736 0.24429223744292236
0 0.05168024439918534 0.5707762557077626 0.023930753564154784 0.10426179604261795
0 0.01883910386965377 0.5597412480974124 0.03360488798370672 0.0974124809741248