0 0.5195986528206568 0.685874898336717 0.07831321919730566 0.3262117095615726
0 0.8390794274487792 0.6714000954661762 0.08578725792871178 0.3350182635399105
0 0.6902133033960146 0.6600635976817699 0.08274768453550374 0.3207406536360118
0 0.5883497053045187 0.6684547877516488 0.053033960145944414 0.30395827349625415
0 0.6308644400785856 0.6525073310238441 0.03983160258209373 0.2888373489903326
0 0.7469014875105249 0.646419522628147 0.03895312938534934 0.28086152282891286
0 0.9075526241930958 0.6436965814504714 0.06555992141453837 0.3131759957880161
0 0.2833174291327533 0.666566769985926 0.06603985405557111 0.2875870616699206
0 0.3458967162503509 0.6411708332394379 0.050867246702217206 0.27456393468146867
0 0.4363962952568061 0.6644689724684563 0.06065955655346622 0.29178265670486
0 0.9558209374122931 0.6363417033542226 0.03860510805500983 0.2607100798760988
0 0.98779296875 0.589051094890511 0.0244140625 0.11678832116788321
0 0.10611001964636543 0.6415861971478969 0.034386752736458026 0.23343451655395783
0 0.056303676676957626 0.589313278607587 0.02177659275891103 0.09951951422876232
0 0.024591636261577326 0.5794494346804444 0.03132753297782768 0.09237861147929549