0 0.4952025586353945 0.7288676236044657 0.10181236673773987 0.36443381180223283
0 0.8424840085287847 0.6766347687400319 0.11034115138592751 0.3748006379585327
0 0.679637526652452 0.6814194577352473 0.10660980810234541 0.3588516746411483
0 0.5692963752665245 0.7021531100478469 0.0730277185501066 0.3373205741626794
0 0.6148720682302772 0.6798245614035088 0.05810234541577825 0.3189792663476874
0 0.7406716417910447 0.6598883572567783 0.05650319829424307 0.310207336523126
0 0.9155117270788913 0.638755980861244 0.08742004264392324 0.3484848484848485
0 0.23694029850746268 0.7348484848484849 0.08635394456289978 0.32057416267942584
0 0.30383795309168443 0.6997607655502392 0.06929637526652452 0.3054226475279107
0 0.4035181236673774 0.7149122807017544 0.08102345415778252 0.32456140350877194
0 0.9677505330490405 0.6251993620414673 0.05543710021321962 0.2886762360446571
0 0.9920042643923241 0.5701754385964912 0.015991471215351813 0.1291866028708134
0 0.042643923240938165 0.7276714513556619 0.04957356076759062 0.2583732057416268