1 0.11091549295774648 0.21919014084507044 0.21830985915492956 0.43838028169014087
1 0.18309859154929578 0.22183098591549297 0.3626760563380282 0.44366197183098594
1 0.7059859154929577 0.15580985915492956 0.0528169014084507 0.29225352112676056
1 0.6892605633802817 0.4137323943661972 0.02992957746478873 0.08274647887323944
1 0.7297535211267606 0.28433098591549294 0.04929577464788732 0.17253521126760563
1 0.8415492957746479 0.11091549295774648 0.07394366197183098 0.2007042253521127
1 0.7015845070422535 0.4137323943661972 0.05457746478873239 0.08626760563380281
1 0.6971830985915493 0.043133802816901406 0.01936619718309859 0.0721830985915493
1 0.9286971830985915 0.2975352112676056 0.07394366197183098 0.22711267605633803
1 0.7024647887323944 0.375 0.056338028169014086 0.1637323943661972
1 0.8380281690140845 0.335387323943662 0.07570422535211267 0.2007042253521127
1 0.704225352112676 0.2834507042253521 0.05457746478873239 0.20246478873239437
1 0.7544014084507042 0.3961267605633803 0.04753521126760563 0.125
1 0.6883802816901409 0.37940140845070425 0.028169014084507043 0.15140845070422534
1 0.7007042253521126 0.3283450704225352 0.0528169014084507 0.25704225352112675
1 0.9779929577464789 0.31514084507042256 0.04401408450704225 0.3028169014084507
1 0.7139084507042254 0.11619718309859155 0.06338028169014084 0.22007042253521128
1 0.6945422535211268 0.3397887323943662 0.040492957746478875 0.23415492957746478
1 0.710387323943662 0.0721830985915493 0.051056338028169015 0.13204225352112675
1 0.2068661971830986 0.7139084507042254 0.4137323943661972 0.5651408450704225
1 0.008802816901408451 0.9709507042253521 0.017605633802816902 0.02640845070422535
1 0.8274647887323944 0.727112676056338 0.34507042253521125 0.545774647887324