1 0.04929577464788732 0.2658450704225352 0.09859154929577464 0.45774647887323944
1 0.12147887323943662 0.2649647887323944 0.24295774647887325 0.45598591549295775
1 0.5616197183098591 0.1443661971830986 0.06690140845070422 0.2887323943661972
1 0.5774647887323944 0.4022887323943662 0.03345070422535211 0.08450704225352113
1 0.602112676056338 0.26848591549295775 0.058098591549295774 0.1742957746478873
1 0.6901408450704225 0.09242957746478873 0.08450704225352113 0.18485915492957747
1 0.5897887323943662 0.4005281690140845 0.058098591549295774 0.0880281690140845
1 0.5404929577464789 0.03433098591549296 0.02464788732394366 0.06866197183098592
1 0.801056338028169 0.25704225352112675 0.08626760563380281 0.2306338028169014
1 0.5862676056338029 0.3617957746478873 0.06514084507042253 0.16549295774647887
1 0.715669014084507 0.30633802816901406 0.08626760563380281 0.20422535211267606
1 0.5765845070422535 0.27024647887323944 0.06514084507042253 0.20422535211267606
1 0.6399647887323944 0.3767605633802817 0.05457746478873239 0.1267605633802817
1 0.5721830985915493 0.36795774647887325 0.035211267605633804 0.15316901408450703
1 0.5783450704225352 0.31514084507042256 0.06690140845070422 0.25880281690140844
1 0.9436619718309859 0.3160211267605634 0.10035211267605634 0.19718309859154928
1 0.8776408450704225 0.26672535211267606 0.11267605633802817 0.30809859154929575
1 0.9339788732394366 0.12059859154929578 0.0897887323943662 0.24119718309859156
1 0.9304577464788732 0.007922535211267605 0.058098591549295774 0.01584507042253521
1 0.5660211267605634 0.1073943661971831 0.07570422535211267 0.2147887323943662
1 0.5730633802816901 0.3274647887323944 0.051056338028169015 0.23415492957746478
1 0.5563380281690141 0.06338028169014084 0.056338028169014086 0.1267605633802817
1 0.17781690140845072 0.733274647887324 0.35563380281690143 0.5334507042253521
1 0.7834507042253521 0.698943661971831 0.43309859154929575 0.5845070422535211