1 0.08520900321543408 0.19292604501607716 0.17041800643086816 0.3633440514469453
1 0.20418006430868169 0.05546623794212219 0.07395498392282958 0.09485530546623794
1 0.657556270096463 0.18086816720257234 0.6720257234726688 0.3617363344051447
1 0.04501607717041801 0.5884244372990354 0.09003215434083602 0.3215434083601286
1 0.028135048231511254 0.6647909967845659 0.05466237942122187 0.2652733118971061
1 0.03135048231511254 0.8778135048231511 0.04340836012861737 0.19935691318327975
1 0.03778135048231511 0.840032154340836 0.06109324758842444 0.22508038585209003
1 0.0819935691318328 0.8545016077170418 0.15112540192926044 0.2909967845659164
1 0.2572347266881029 0.5136655948553055 0.17363344051446947 0.27813504823151125
1 0.25482315112540194 0.7773311897106109 0.1945337620578778 0.387459807073955
1 0.1985530546623794 0.9654340836012861 0.06913183279742766 0.06913183279742766
1 0.3070739549839228 0.9686495176848875 0.09646302250803858 0.06270096463022508
1 0.5779742765273312 0.7395498392282959 0.19131832797427653 0.5209003215434084
1 0.8191318327974276 0.7411575562700965 0.20096463022508038 0.5016077170418006
1 0.4590032154340836 0.7226688102893891 0.10771704180064309 0.5546623794212219
1 0.3882636655948553 0.6792604501607717 0.10771704180064309 0.6414790996784566
1 0.6197749196141479 0.5980707395498392 0.1045016077170418 0.35691318327974275
1 0.6945337620578779 0.677652733118971 0.09646302250803858 0.319935691318328
1 0.7604501607717041 0.6728295819935691 0.07877813504823152 0.3553054662379421