1 0.305363321799308 0.3633217993079585 0.45674740484429066 0.726643598615917
1 0.04844290657439446 0.3633217993079585 0.09515570934256055 0.23183391003460208
1 0.7525951557093425 0.421280276816609 0.2491349480968858 0.47923875432525953
1 0.532871972318339 0.860726643598616 0.328719723183391 0.27854671280276816
1 0.5562283737024222 0.8615916955017301 0.2820069204152249 0.2768166089965398
1 0.21972318339100347 0.8754325259515571 0.3079584775086505 0.2491349480968858
1 0.20328719723183392 0.8762975778546713 0.3166089965397924 0.24740484429065743
1 0.08564013840830449 0.8849480968858131 0.12629757785467127 0.2301038062283737
1 0.12197231833910034 0.8823529411764706 0.19896193771626297 0.23529411764705882
1 0.8122837370242214 0.8356401384083045 0.2768166089965398 0.2698961937716263
1 0.7923875432525952 0.8442906574394463 0.2370242214532872 0.28027681660899656
1 0.9472318339100346 0.7716262975778547 0.10553633217993079 0.15916955017301038
1 0.9705882352941176 0.884083044982699 0.058823529411764705 0.15570934256055363
1 0.9662629757785467 0.7352941176470589 0.06747404844290658 0.08650519031141868