1 0.3345323741007194 0.4091726618705036 0.42805755395683454 0.8183453237410072
1 0.06924460431654676 0.43615107913669066 0.08273381294964029 0.23741007194244604
1 0.7949640287769785 0.5476618705035972 0.22661870503597123 0.48381294964028776
1 0.5323741007194245 0.927158273381295 0.32014388489208634 0.14568345323741008
1 0.5566546762589928 0.927158273381295 0.2715827338129496 0.14568345323741008
1 0.20503597122302158 0.9298561151079137 0.29856115107913667 0.14028776978417265
1 0.18794964028776978 0.9298561151079137 0.30755395683453235 0.14028776978417265
1 0.06294964028776978 0.9325539568345323 0.11510791366906475 0.13489208633093525
1 0.10161870503597123 0.9316546762589928 0.19244604316546762 0.1366906474820144
1 0.8255395683453237 0.9235611510791367 0.26798561151079137 0.1474820143884892
1 0.8039568345323741 0.9235611510791367 0.22482014388489208 0.14568345323741008
1 0.960431654676259 0.920863309352518 0.07913669064748201 0.14388489208633093
1 0.9802158273381295 0.8902877697841727 0.039568345323741004 0.08273381294964029