1 0.14596774193548387 0.32016129032258067 0.29193548387096774 0.6274193548387097
1 0.717741935483871 0.34919354838709676 0.5645161290322581 0.6983870967741935
1 0.03306451612903226 0.6379032258064516 0.041935483870967745 0.0467741935483871
1 0.01935483870967742 0.6612903225806451 0.03870967741935484 0.0967741935483871
1 0.12258064516129032 0.6596774193548387 0.06612903225806452 0.07580645161290323
1 0.06774193548387097 0.6459677419354839 0.043548387096774194 0.056451612903225805
1 0.06129032258064516 0.6491935483870968 0.05 0.06451612903225806
1 0.18225806451612903 0.6443548387096775 0.037096774193548385 0.03387096774193549
1 0.22822580645161292 0.6443548387096775 0.037096774193548385 0.025806451612903226
1 0.21048387096774193 0.6733870967741935 0.056451612903225805 0.08709677419354839
1 0.17419354838709677 0.660483870967742 0.035483870967741936 0.06612903225806452
1 0.1443548387096774 0.6556451612903226 0.04032258064516129 0.06290322580645161
1 0.10806451612903226 0.65 0.037096774193548385 0.05806451612903226
1 0.04758064516129032 0.6483870967741936 0.03870967741935484 0.06451612903225806
1 0.013709677419354839 0.6411290322580645 0.027419354838709678 0.056451612903225805
1 0.2540322580645161 0.6653225806451613 0.037096774193548385 0.06290322580645161
1 0.2846774193548387 0.6588709677419354 0.027419354838709678 0.043548387096774194
1 0.3370967741935484 0.6879032258064516 0.08709677419354839 0.0967741935483871
1 0.26048387096774195 0.6653225806451613 0.03064516129032258 0.05967741935483871
1 0.307258064516129 0.6701612903225806 0.0532258064516129 0.06290322580645161
1 0.23790322580645162 0.6725806451612903 0.056451612903225805 0.08064516129032258
1 0.1435483870967742 0.6588709677419354 0.03870967741935484 0.06935483870967742
1 0.18225806451612903 0.6564516129032258 0.0467741935483871 0.05806451612903226
1 0.1064516129032258 0.6548387096774193 0.041935483870967745 0.06774193548387097
1 0.07016129032258064 0.6596774193548387 0.03870967741935484 0.08387096774193549
1 0.008870967741935484 0.6709677419354839 0.017741935483870968 0.11612903225806452
1 0.4080645161290323 0.6701612903225806 0.03064516129032258 0.043548387096774194
1 0.3588709677419355 0.6766129032258065 0.05161290322580645 0.06612903225806452
1 0.30806451612903224 0.6612903225806451 0.02258064516129032 0.043548387096774194
1 0.2814516129032258 0.6556451612903226 0.024193548387096774 0.037096774193548385
1 0.17983870967741936 0.6766129032258065 0.043548387096774194 0.09838709677419355
1 0.14274193548387096 0.6766129032258065 0.0467741935483871 0.10483870967741936
1 0.40241935483870966 0.6967741935483871 0.06451612903225806 0.10161290322580645
1 0.3975806451612903 0.6967741935483871 0.05806451612903226 0.1
1 0.35080645161290325 0.675 0.03225806451612903 0.06290322580645161
1 0.2217741935483871 0.8588709677419355 0.054838709677419356 0.15645161290322582
1 0.0967741935483871 0.7862903225806451 0.03387096774193549 0.10483870967741936
1 0.15 0.7588709677419355 0.03870967741935484 0.07096774193548387
1 0.16048387096774194 0.8403225806451613 0.043548387096774194 0.1064516129032258
1 0.054838709677419356 0.9298387096774193 0.03064516129032258 0.06774193548387097
1 0.03387096774193549 0.9540322580645161 0.02258064516129032 0.016129032258064516
1 0.3217741935483871 0.95 0.03225806451612903 0.07419354838709677
1 0.29435483870967744 0.7782258064516129 0.04838709677419355 0.10483870967741936
1 0.23306451612903226 0.7379032258064516 0.03387096774193549 0.09838709677419355
1 0.20483870967741935 0.7588709677419355 0.037096774193548385 0.09516129032258064
1 0.38629032258064516 0.8104838709677419 0.04838709677419355 0.10483870967741936
1 0.0814516129032258 0.9532258064516129 0.017741935483870968 0.025806451612903226
1 0.06048387096774194 0.85 0.027419354838709678 0.08225806451612903
1 0.08951612903225807 0.8838709677419355 0.025806451612903226 0.07096774193548387
1 0.06693548387096775 0.7612903225806451 0.02258064516129032 0.06290322580645161
1 0.2854838709677419 0.6870967741935484 0.027419354838709678 0.07096774193548387
1 0.25806451612903225 0.7161290322580646 0.04032258064516129 0.13548387096774195
1 0.3225806451612903 0.6701612903225806 0.02903225806451613 0.05806451612903226
1 0.35161290322580646 0.7411290322580645 0.037096774193548385 0.09838709677419355
1 0.2717741935483871 0.8540322580645161 0.03387096774193549 0.08387096774193549
1 0.2524193548387097 0.8580645161290322 0.02903225806451613 0.06612903225806452
1 0.26048387096774195 0.9693548387096774 0.02903225806451613 0.024193548387096774
1 0.18629032258064515 0.9443548387096774 0.02903225806451613 0.06129032258064516
1 0.15241935483870966 0.9346774193548387 0.03225806451612903 0.07580645161290323
1 0.36693548387096775 0.9153225806451613 0.03225806451612903 0.09193548387096774
1 0.12258064516129032 0.9129032258064517 0.043548387096774194 0.1064516129032258
1 0.016935483870967744 0.8193548387096774 0.03387096774193549 0.07419354838709677
1 0.020161290322580645 0.75 0.017741935483870968 0.056451612903225805
1 0.4120967741935484 0.8338709677419355 0.01935483870967742 0.07903225806451612
1 0.00564516129032258 0.9056451612903226 0.01129032258064516 0.056451612903225805
1 0.016129032258064516 0.8870967741935484 0.020967741935483872 0.043548387096774194
1 0.035483870967741936 0.8580645161290322 0.025806451612903226 0.06129032258064516
1 0.017741935483870968 0.9282258064516129 0.025806451612903226 0.06451612903225806
1 0.3967741935483871 0.9733870967741935 0.02258064516129032 0.04032258064516129
1 0.47419354838709676 0.7040322580645161 0.09516129032258064 0.10483870967741936
1 0.5935483870967742 0.7104838709677419 0.15 0.10161290322580645
1 0.46048387096774196 0.6951612903225807 0.06451612903225806 0.08709677419354839
1 0.8354838709677419 0.742741935483871 0.18870967741935485 0.12741935483870967
1 0.7306451612903225 0.7225806451612903 0.14193548387096774 0.10161290322580645
1 0.4846774193548387 0.6919354838709677 0.11290322580645161 0.08225806451612903
1 0.853225806451613 0.839516129032258 0.26129032258064516 0.3209677419354839