1 0.01288659793814433 0.11597938144329897 0.02577319587628866 0.23195876288659795
1 0.01288659793814433 0.10996563573883161 0.02577319587628866 0.15120274914089346
1 0.2104810996563574 0.19931271477663232 0.11683848797250859 0.22336769759450173
1 0.36769759450171824 0.059278350515463915 0.10309278350515463 0.11855670103092783
1 0.30326460481099654 0.04982817869415808 0.10824742268041238 0.09965635738831616
1 0.17353951890034364 0.059278350515463915 0.10309278350515463 0.11855670103092783
1 0.0979381443298969 0.08161512027491409 0.06872852233676977 0.16323024054982818
1 0.738831615120275 0.23711340206185566 0.5223367697594502 0.4742268041237113
1 0.17869415807560138 0.872852233676976 0.35738831615120276 0.2542955326460481
1 0.40893470790378006 0.9673539518900344 0.13745704467353953 0.06529209621993128
1 0.788659793814433 0.7371134020618557 0.422680412371134 0.5257731958762887
1 0.5558419243986255 0.5154639175257731 0.0979381443298969 0.08247422680412371
1 0.6941580756013745 0.506872852233677 0.09621993127147767 0.06529209621993128