1 0.041237113402061855 0.5601374570446735 0.08247422680412371 0.4054982817869416
1 0.21391752577319587 0.6520618556701031 0.06701030927835051 0.15463917525773196
1 0.41924398625429554 0.7560137457044673 0.1323024054982818 0.23024054982817868
1 0.802405498281787 0.7173539518900344 0.10996563573883161 0.16838487972508592
1 0.5927835051546392 0.538659793814433 0.12371134020618557 0.30584192439862545
1 0.5266323024054983 0.5463917525773195 0.12371134020618557 0.2422680412371134
1 0.3960481099656357 0.5764604810996563 0.11683848797250859 0.2027491408934708
1 0.3170103092783505 0.6116838487972509 0.08247422680412371 0.20790378006872853
1 0.09536082474226804 0.5867697594501718 0.14261168384879724 0.31958762886597936
1 0.961340206185567 0.5309278350515464 0.07731958762886598 0.11683848797250859
1 0.24054982817869416 0.4742268041237113 0.054982817869415807 0.06872852233676977
1 0.2860824742268041 0.4475945017182131 0.03608247422680412 0.070446735395189
1 0.36597938144329895 0.45532646048109965 0.044673539518900345 0.054982817869415807
1 0.47164948453608246 0.436426116838488 0.03951890034364261 0.07388316151202749
1 0.4493127147766323 0.41580756013745707 0.024054982817869417 0.03951890034364261
1 0.6563573883161512 0.41580756013745707 0.048109965635738834 0.08075601374570447
1 0.8608247422680413 0.5257731958762887 0.08419243986254296 0.15463917525773196
1 0.7663230240549829 0.49742268041237114 0.14776632302405499 0.218213058419244