1 0.9649446494464945 0.32933579335793356 0.07011070110701106 0.43357933579335795
1 0.7739852398523985 0.2518450184501845 0.06642066420664207 0.16420664206642066
1 0.5424354243542435 0.16420664206642066 0.13284132841328414 0.24354243542435425
1 0.13745387453874539 0.24907749077490776 0.11254612546125461 0.17712177121771217
1 0.38191881918819187 0.4160516605166052 0.12177121771217712 0.3247232472324723
1 0.4511070110701107 0.4003690036900369 0.12546125461254612 0.2564575645756458
1 0.5885608856088561 0.35424354243542433 0.11808118081180811 0.2140221402214022
1 0.6678966789667896 0.30719557195571956 0.08118081180811808 0.21955719557195572
1 0.9077490774907749 0.3081180811808118 0.14206642066420663 0.3376383763837638
1 0.013837638376383764 0.4640221402214022 0.027675276752767528 0.11992619926199262
1 0.764760147601476 0.4455719557195572 0.055350553505535055 0.07195571955719557
1 0.7195571955719557 0.47878228782287824 0.03505535055350553 0.07564575645756458
1 0.6328413284132841 0.4797047970479705 0.04428044280442804 0.05719557195571956
1 0.522140221402214 0.5119926199261993 0.03874538745387454 0.07933579335793357
1 0.5488929889298892 0.5313653136531366 0.023985239852398525 0.04059040590405904
1 0.3274907749077491 0.5544280442804428 0.04981549815498155 0.08487084870848709
1 0.09686346863468635 0.45940959409594095 0.08487084870848709 0.16236162361623616
1 0.2011070110701107 0.4797047970479705 0.15129151291512916 0.23062730627306274