1 0.18864468864468864 0.3873626373626374 0.13736263736263737 0.19597069597069597
1 0.3727106227106227 0.1794871794871795 0.13186813186813187 0.326007326007326
1 0.3021978021978022 0.18864468864468864 0.13186813186813187 0.25824175824175827
1 0.1620879120879121 0.2206959706959707 0.12454212454212454 0.21611721611721613
1 0.07875457875457875 0.25824175824175827 0.08791208791208792 0.2216117216117216
1 0.045787545787545784 0.08333333333333333 0.038461538461538464 0.07509157509157509
1 0.13095238095238096 0.09157509157509157 0.047619047619047616 0.05860805860805861
1 0.24358974358974358 0.07051282051282051 0.04212454212454213 0.07875457875457875
1 0.21978021978021978 0.048534798534798536 0.02564102564102564 0.04212454212454213
1 0.44047619047619047 0.04945054945054945 0.05128205128205128 0.08608058608058608
1 0.8104395604395604 0.27380952380952384 0.3791208791208791 0.5293040293040293
1 0.23809523809523808 0.7326007326007326 0.47619047619047616 0.5274725274725275
1 0.934981684981685 0.6620879120879121 0.1282051282051282 0.2619047619047619