1 0.030357142857142857 0.30625 0.060714285714285714 0.41964285714285715
1 0.025892857142857145 0.3875 0.05178571428571429 0.15714285714285714
1 0.24196428571428572 0.45357142857142857 0.125 0.18571428571428572
1 0.4035714285714286 0.23660714285714285 0.1125 0.3125
1 0.3357142857142857 0.25089285714285714 0.11607142857142858 0.24642857142857144
1 0.20267857142857143 0.29375 0.11071428571428571 0.20535714285714285
1 0.125 0.3375 0.075 0.2125
1 0.022321428571428572 0.32767857142857143 0.044642857142857144 0.32321428571428573
1 0.033035714285714286 0.2017857142857143 0.05357142857142857 0.06964285714285715
1 0.07678571428571429 0.1705357142857143 0.033928571428571426 0.07142857142857142
1 0.16160714285714287 0.17142857142857143 0.044642857142857144 0.05357142857142857
1 0.26875 0.14107142857142857 0.0375 0.075
1 0.24375 0.12232142857142857 0.02142857142857143 0.039285714285714285
1 0.45803571428571427 0.10446428571428572 0.04642857142857143 0.08035714285714286
1 0.8321428571428572 0.26875 0.3357142857142857 0.5375
1 0.26875 0.7705357142857143 0.5375 0.4589285714285714
1 0.9669642857142857 0.6571428571428571 0.06607142857142857 0.25