1 0.07822580645161291 0.4645161290322581 0.15645161290322582 0.3870967741935484
1 0.27983870967741936 0.37661290322580643 0.06290322580645161 0.14516129032258066
1 0.47258064516129034 0.27903225806451615 0.12419354838709677 0.2161290322580645
1 0.832258064516129 0.3153225806451613 0.1032258064516129 0.15806451612903225
1 0.635483870967742 0.4830645161290323 0.11612903225806452 0.2870967741935484
1 0.5733870967741935 0.47580645161290325 0.11612903225806452 0.22741935483870968
1 0.45 0.4475806451612903 0.10967741935483871 0.19032258064516128
1 0.37661290322580643 0.4137096774193548 0.07741935483870968 0.19516129032258064
1 0.1685483870967742 0.43790322580645163 0.1338709677419355 0.3
1 0.9725806451612903 0.48951612903225805 0.054838709677419356 0.10806451612903226
1 0.30483870967741933 0.5435483870967742 0.05161290322580645 0.06451612903225806
1 0.3467741935483871 0.567741935483871 0.03387096774193549 0.06612903225806452
1 0.42258064516129035 0.5612903225806452 0.041935483870967745 0.05161290322580645
1 0.521774193548387 0.5790322580645161 0.037096774193548385 0.06935483870967742
1 0.5008064516129033 0.5983870967741935 0.02258064516129032 0.037096774193548385
1 0.6951612903225807 0.5975806451612903 0.04516129032258064 0.07580645161290323
1 0.8870967741935484 0.49516129032258066 0.07903225806451612 0.14516129032258066
1 0.7983870967741935 0.521774193548387 0.13870967741935483 0.20483870967741935