1 0.03839590443686007 0.5315699658703071 0.07679180887372014 0.40102389078498296
1 0.2175767918088737 0.6168941979522184 0.06143344709897611 0.15187713310580206
1 0.4249146757679181 0.712457337883959 0.12286689419795221 0.22525597269624573
1 0.8046075085324232 0.6612627986348123 0.10409556313993173 0.16382252559726962
1 0.5895904436860068 0.4906143344709898 0.11262798634812286 0.3003412969283277
1 0.5247440273037542 0.5008532423208191 0.11604095563139932 0.23720136518771331
1 0.39590443686006827 0.5349829351535836 0.10921501706484642 0.19795221843003413
1 0.3191126279863481 0.5733788395904437 0.07508532423208192 0.2030716723549488
1 0.09726962457337884 0.5563139931740614 0.13139931740614336 0.3122866894197952
1 0.9598976109215017 0.47013651877133106 0.08020477815699659 0.11433447098976109
1 0.2380546075085324 0.43856655290102387 0.051194539249146756 0.06655290102389079
1 0.2815699658703072 0.4112627986348123 0.032423208191126277 0.06996587030716724
1 0.36177474402730375 0.41552901023890787 0.042662116040955635 0.052901023890784986
1 0.4658703071672355 0.39334470989761094 0.03583617747440273 0.07337883959044368
1 0.44283276450511944 0.37372013651877134 0.02218430034129693 0.03754266211604096
1 0.6493174061433447 0.36689419795221845 0.04607508532423208 0.07849829351535836
1 0.85580204778157 0.46928327645051193 0.07849829351535836 0.15017064846416384
1 0.7610921501706485 0.44368600682593856 0.13993174061433447 0.21331058020477817