1 0.9314236111111112 0.4609375 0.1371527777777778 0.4079861111111111
1 0.7178819444444444 0.3767361111111111 0.06076388888888889 0.1545138888888889
1 0.5043402777777778 0.2829861111111111 0.12152777777777778 0.22743055555555555
1 0.11979166666666667 0.3420138888888889 0.10416666666666667 0.16493055555555555
1 0.3411458333333333 0.5121527777777778 0.109375 0.3038194444444444
1 0.4071180555555556 0.5 0.11284722222222222 0.23958333333333334
1 0.5381944444444444 0.4635416666666667 0.1076388888888889 0.1996527777777778
1 0.6154513888888888 0.4227430555555556 0.07291666666666667 0.2065972222222222
1 0.8402777777777778 0.4366319444444444 0.1284722222222222 0.3159722222222222
1 0.6996527777777778 0.5581597222222222 0.052083333333333336 0.06770833333333333
1 0.6553819444444444 0.5868055555555556 0.03298611111111111 0.06944444444444445
1 0.5737847222222222 0.5842013888888888 0.041666666666666664 0.052083333333333336
1 0.46875 0.6085069444444444 0.036458333333333336 0.07291666666666667
1 0.4921875 0.6284722222222222 0.020833333333333332 0.03819444444444445
1 0.2829861111111111 0.6388888888888888 0.04513888888888889 0.078125
1 0.07118055555555555 0.5381944444444444 0.078125 0.1527777777777778
1 0.1684027777777778 0.5625 0.1388888888888889 0.21354166666666666