1 0.034375 0.3265625 0.06875 0.365625
1 0.0359375 0.3984375 0.0515625 0.1375
1 0.228125 0.45859375 0.10625 0.1609375
1 0.37265625 0.27109375 0.09375 0.271875
1 0.31328125 0.2828125 0.0984375 0.2140625
1 0.19609375 0.31796875 0.09375 0.178125
1 0.12734375 0.35546875 0.0625 0.184375
1 0.02734375 0.34609375 0.0546875 0.2828125
1 0.04921875 0.23515625 0.0453125 0.059375
1 0.08828125 0.20859375 0.028125 0.0625
1 0.16171875 0.21015625 0.0375 0.046875
1 0.25625 0.1859375 0.03125 0.065625
1 0.234375 0.16875 0.01875 0.034375
1 0.42265625 0.15625 0.0390625 0.0703125
1 0.80234375 0.29140625 0.3953125 0.4953125
1 0.23984375 0.76640625 0.4796875 0.4546875
1 0.91640625 0.64765625 0.1671875 0.2171875