1 0.06290849673202614 0.42320261437908496 0.12581699346405228 0.38562091503267976
1 0.26633986928104575 0.3562091503267974 0.058823529411764705 0.1454248366013072
1 0.47058823529411764 0.2785947712418301 0.11764705882352941 0.21568627450980393
1 0.8300653594771242 0.35294117647058826 0.09967320261437909 0.1568627450980392
1 0.613562091503268 0.5016339869281046 0.10784313725490197 0.2875816993464052
1 0.5522875816993464 0.4869281045751634 0.1111111111111111 0.22712418300653595
1 0.4305555555555556 0.44607843137254904 0.10457516339869281 0.1895424836601307
1 0.3602941176470588 0.40441176470588236 0.0718954248366013 0.19444444444444445
1 0.14787581699346405 0.40604575163398693 0.12581699346405228 0.29901960784313725
1 0.9632352941176471 0.5449346405228758 0.07352941176470588 0.10784313725490197
1 0.27450980392156865 0.5269607843137255 0.049019607843137254 0.06372549019607843
1 0.3137254901960784 0.5563725490196079 0.03104575163398693 0.06699346405228758
1 0.39052287581699346 0.5571895424836601 0.04084967320261438 0.05065359477124183
1 0.48856209150326796 0.5866013071895425 0.03431372549019608 0.07026143790849673
1 0.46568627450980393 0.6037581699346405 0.021241830065359478 0.03594771241830065
1 0.6617647058823529 0.6233660130718954 0.04411764705882353 0.07516339869281045
1 0.8660130718954249 0.5400326797385621 0.07516339869281045 0.1437908496732026
1 0.7736928104575164 0.5580065359477124 0.13398692810457516 0.2042483660130719