1 0.04108391608391608 0.3339160839160839 0.08216783216783216 0.4125874125874126
1 0.22727272727272727 0.2674825174825175 0.06818181818181818 0.15734265734265734
1 0.44842657342657344 0.19143356643356643 0.1346153846153846 0.23426573426573427
1 0.8295454545454546 0.28496503496503495 0.11188811188811189 0.17132867132867133
1 0.5926573426573427 0.4353146853146853 0.1258741258741259 0.3111888111888112
1 0.527972027972028 0.4178321678321678 0.1258741258741259 0.2465034965034965
1 0.3994755244755245 0.36975524475524474 0.11888111888111888 0.2062937062937063
1 0.32604895104895104 0.32255244755244755 0.08391608391608392 0.21153846153846154
1 0.09877622377622378 0.3155594405594406 0.1451048951048951 0.32517482517482516
1 0.9624125874125874 0.49475524475524474 0.07517482517482517 0.11888111888111888
1 0.229020979020979 0.45017482517482516 0.055944055944055944 0.06993006993006994
1 0.270979020979021 0.4833916083916084 0.03671328671328671 0.07167832167832168
1 0.3531468531468531 0.4868881118881119 0.045454545454545456 0.055944055944055944
1 0.4562937062937063 0.5218531468531469 0.04020979020979021 0.07517482517482517
1 0.43094405594405594 0.5393356643356644 0.024475524475524476 0.04020979020979021
1 0.6398601398601399 0.5673076923076923 0.04895104895104895 0.08216783216783216
1 0.861013986013986 0.486013986013986 0.08566433566433566 0.15734265734265734
1 0.7622377622377622 0.5017482517482518 0.15034965034965034 0.22202797202797203