1 0.9419642857142857 0.35982142857142857 0.11607142857142858 0.4232142857142857
1 0.7375 0.29196428571428573 0.06964285714285715 0.16071428571428573
1 0.5116071428571428 0.21428571428571427 0.1375 0.2392857142857143
1 0.12232142857142857 0.3098214285714286 0.11428571428571428 0.175
1 0.36428571428571427 0.4642857142857143 0.12857142857142856 0.31785714285714284
1 0.43125 0.4455357142857143 0.12857142857142856 0.2517857142857143
1 0.5616071428571429 0.3964285714285714 0.12142857142857143 0.21071428571428572
1 0.6375 0.3482142857142857 0.08571428571428572 0.21607142857142858
1 0.8696428571428572 0.3419642857142857 0.14821428571428572 0.33214285714285713
1 0.0125 0.5214285714285715 0.025 0.11785714285714285
1 0.7357142857142858 0.47946428571428573 0.05714285714285714 0.07142857142857142
1 0.6928571428571428 0.5125 0.0375 0.07321428571428572
1 0.6098214285714286 0.5160714285714286 0.044642857142857144 0.05714285714285714
1 0.5035714285714286 0.5517857142857143 0.04107142857142857 0.07678571428571429
1 0.5303571428571429 0.5696428571428571 0.025 0.04107142857142857
1 0.31607142857142856 0.5991071428571428 0.05 0.08392857142857142
1 0.09017857142857143 0.5151785714285714 0.0875 0.16071428571428573
1 0.19196428571428573 0.53125 0.15357142857142858 0.22678571428571428