1 0.13665594855305466 0.15916398713826366 0.2057877813504823 0.22990353697749197
1 0.7266881028938906 0.2315112540192926 0.2765273311897106 0.4630225080385852
1 0.2821543408360129 0.9445337620578779 0.04019292604501608 0.11093247588424437
1 0.6471061093247589 0.817524115755627 0.11736334405144695 0.364951768488746
1 0.6254019292604501 0.7290996784565916 0.07395498392282958 0.18810289389067525
1 0.7797427652733119 0.7282958199356914 0.18971061093247588 0.1864951768488746
1 0.9686495176848875 0.8681672025723473 0.06270096463022508 0.26366559485530544
1 0.7853697749196141 0.8255627009646302 0.2459807073954984 0.34887459807073956
1 0.9541800643086816 0.7403536977491961 0.09163987138263666 0.21061093247588425
1 0.6213826366559485 0.822347266881029 0.06591639871382636 0.3553054662379421
1 0.6237942122186495 0.7339228295819936 0.0707395498392283 0.1977491961414791
1 0.6181672025723473 0.8352090032154341 0.0594855305466238 0.3295819935691318
1 0.610128617363344 0.7355305466237942 0.04340836012861737 0.20096463022508038