1 0.04523809523809524 0.2007936507936508 0.07936507936507936 0.3746031746031746
1 0.026984126984126985 0.12698412698412698 0.023809523809523808 0.13968253968253969
1 0.19365079365079366 0.07936507936507936 0.11746031746031746 0.15873015873015872
1 0.5063492063492063 0.13015873015873017 0.03015873015873016 0.15079365079365079
1 0.33015873015873015 0.2722222222222222 0.10952380952380952 0.28095238095238095
1 0.2706349206349206 0.2571428571428571 0.1111111111111111 0.2222222222222222
1 0.15317460317460319 0.21587301587301588 0.10476190476190476 0.18571428571428572
1 0.08571428571428572 0.1738095238095238 0.07301587301587302 0.19047619047619047
1 0.03888888888888889 0.17936507936507937 0.06031746031746032 0.28888888888888886
1 0.016666666666666666 0.2920634920634921 0.015873015873015872 0.06031746031746032
1 0.0380952380952381 0.32063492063492066 0.031746031746031744 0.06507936507936508
1 0.1126984126984127 0.32301587301587303 0.04126984126984127 0.049206349206349205
1 0.20714285714285716 0.3523809523809524 0.03492063492063492 0.06825396825396825
1 0.18412698412698414 0.36904761904761907 0.020634920634920634 0.03650793650793651
1 0.3746031746031746 0.39206349206349206 0.04285714285714286 0.07301587301587302
1 0.4642857142857143 0.3277777777777778 0.09523809523809523 0.1984126984126984
1 0.5785714285714286 0.19126984126984126 0.14603174603174604 0.38095238095238093
1 0.3515873015873016 0.9682539682539683 0.01904761904761905 0.049206349206349205
1 0.007142857142857143 0.9507936507936507 0.014285714285714285 0.047619047619047616
1 0.3253968253968254 0.9142857142857143 0.01746031746031746 0.06349206349206349
1 0.2515873015873016 0.9738095238095238 0.015873015873015872 0.026984126984126985
1 0.3047619047619048 0.9761904761904762 0.020634920634920634 0.03015873015873016
1 0.050793650793650794 0.7436507936507937 0.014285714285714285 0.047619047619047616
1 0.09285714285714286 0.953968253968254 0.01904761904761905 0.050793650793650794
1 0.6579365079365079 0.9079365079365079 0.1523809523809524 0.10317460317460317