1 0.048305084745762714 0.3644067796610169 0.09661016949152543 0.4
1 0.23898305084745763 0.2966101694915254 0.06440677966101695 0.15254237288135594
1 0.45254237288135596 0.21949152542372882 0.1271186440677966 0.22542372881355932
1 0.823728813559322 0.30338983050847457 0.10677966101694915 0.16440677966101694
1 0.5966101694915255 0.4533898305084746 0.11694915254237288 0.3
1 0.5330508474576271 0.43728813559322033 0.11864406779661017 0.23728813559322035
1 0.4076271186440678 0.3923728813559322 0.11186440677966102 0.19830508474576272
1 0.33559322033898303 0.3483050847457627 0.07796610169491526 0.2033898305084746
1 0.1152542372881356 0.34576271186440677 0.13559322033898305 0.31186440677966104
1 0.9593220338983051 0.5042372881355932 0.08135593220338982 0.1135593220338983
1 0.2440677966101695 0.47372881355932206 0.05254237288135593 0.06610169491525424
1 0.2847457627118644 0.5050847457627119 0.03389830508474576 0.06949152542372881
1 0.3644067796610169 0.5076271186440678 0.04406779661016949 0.05254237288135593
1 0.4661016949152542 0.5389830508474577 0.03728813559322034 0.07288135593220339
1 0.4406779661016949 0.5559322033898305 0.022033898305084745 0.03898305084745763
1 0.6440677966101694 0.5805084745762712 0.04576271186440678 0.07796610169491526
1 0.8576271186440678 0.49745762711864405 0.07966101694915254 0.15084745762711865
1 0.761864406779661 0.514406779661017 0.1423728813559322 0.2135593220338983