1 0.040378006872852236 0.4518900343642612 0.08075601374570447 0.4054982817869416
1 0.21735395189003437 0.3634020618556701 0.06529209621993128 0.15463917525773196
1 0.42439862542955326 0.26288659793814434 0.12886597938144329 0.22852233676975944
1 0.8075601374570447 0.3084192439862543 0.10824742268041238 0.16666666666666666
1 0.5945017182130584 0.4836769759450172 0.11855670103092783 0.30412371134020616
1 0.5283505154639175 0.4742268041237113 0.12027491408934708 0.24054982817869416
1 0.39776632302405496 0.4424398625429553 0.1134020618556701 0.20103092783505155
1 0.32044673539518903 0.4054982817869416 0.07903780068728522 0.20618556701030927
1 0.0979381443298969 0.4261168384879725 0.13745704467353953 0.3161512027491409
1 0.9630584192439863 0.49742268041237114 0.07388316151202749 0.11512027491408934
1 0.24140893470790378 0.5420962199312714 0.05326460481099656 0.06701030927835051
1 0.2860824742268041 0.5687285223367697 0.03436426116838488 0.070446735395189
1 0.36683848797250856 0.5627147766323024 0.044673539518900345 0.05326460481099656
1 0.47164948453608246 0.584192439862543 0.037800687285223365 0.07388316151202749
1 0.4484536082474227 0.6039518900343642 0.022336769759450172 0.03951890034364261
1 0.6563573883161512 0.6073883161512027 0.04639175257731959 0.07903780068728522
1 0.8625429553264605 0.5008591065292096 0.08075601374570447 0.15292096219931273
1 0.7671821305841925 0.5283505154639175 0.14432989690721648 0.21649484536082475