1 0.9753521126760564 0.35475352112676056 0.04929577464788732 0.4137323943661972
1 0.8019366197183099 0.27992957746478875 0.06338028169014084 0.15669014084507044
1 0.5818661971830986 0.19630281690140844 0.1267605633802817 0.2323943661971831
1 0.1954225352112676 0.2764084507042254 0.1073943661971831 0.16901408450704225
1 0.4278169014084507 0.43661971830985913 0.11619718309859155 0.30985915492957744
1 0.49471830985915494 0.42077464788732394 0.11971830985915492 0.24471830985915494
1 0.625 0.3767605633802817 0.11267605633802817 0.20422535211267606
1 0.7007042253521126 0.33186619718309857 0.07746478873239436 0.20950704225352113
1 0.9304577464788732 0.3336267605633803 0.13556338028169015 0.3221830985915493
1 0.0448943661971831 0.48327464788732394 0.0897887323943662 0.11795774647887323
1 0.7940140845070423 0.4639084507042254 0.0528169014084507 0.06866197183098592
1 0.7508802816901409 0.49559859154929575 0.03345070422535211 0.0721830985915493
1 0.6681338028169014 0.4964788732394366 0.04225352112676056 0.05457746478873239
1 0.5625 0.528169014084507 0.03697183098591549 0.07570422535211267
1 0.5880281690140845 0.5466549295774648 0.022887323943661973 0.03873239436619718
1 0.3767605633802817 0.5677816901408451 0.04753521126760563 0.08098591549295775
1 0.15669014084507044 0.4779929577464789 0.08098591549295775 0.15492957746478872
1 0.25616197183098594 0.49735915492957744 0.1443661971830986 0.22007042253521128