1 0.3215434083601286 0.25241157556270094 0.09485530546623794 0.297427652733119
1 0.42443729903536975 0.2966237942122186 0.07395498392282958 0.27009646302250806
1 0.4758842443729904 0.2877813504823151 0.07234726688102894 0.2379421221864952
1 0.011254019292604502 0.22909967845659163 0.008038585209003215 0.11254019292604502
1 0.04260450160771704 0.24839228295819935 0.07234726688102894 0.15112540192926044
1 0.8545016077170418 0.3022508038585209 0.19131832797427653 0.522508038585209
1 0.6012861736334405 0.297427652733119 0.19935691318327975 0.5144694533762058
1 0.9807073954983923 0.5056270096463023 0.03858520900321544 0.12057877813504823
1 0.2540192926045016 0.8303858520900321 0.3408360128617363 0.33440514469453375
1 0.542604501607717 0.7258842443729904 0.10771704180064309 0.3553054662379421
1 0.8641479099678456 0.7781350482315113 0.2684887459807074 0.4437299035369775
1 0.6141479099678456 0.7741157556270096 0.2572347266881029 0.4517684887459807
1 0.5217041800643086 0.9389067524115756 0.07234726688102894 0.12218649517684887
1 0.5152733118971061 0.7781350482315113 0.05466237942122187 0.3279742765273312