1 0.24735915492957747 0.23327464788732394 0.11091549295774648 0.3274647887323944
1 0.363556338028169 0.2711267605633803 0.08626760563380281 0.2975352112676056
1 0.41901408450704225 0.25616197183098594 0.08450704225352113 0.2623239436619718
1 0.8345070422535211 0.261443661971831 0.21830985915492956 0.522887323943662
1 0.5572183098591549 0.26848591549295775 0.22711267605633803 0.5369718309859155
1 0.9850352112676056 0.44630281690140844 0.02992957746478873 0.13204225352112675
1 0.22887323943661972 0.8415492957746479 0.3767605633802817 0.31690140845070425
1 0.534330985915493 0.7279929577464789 0.12323943661971831 0.3908450704225352
1 0.8688380281690141 0.7482394366197183 0.2623239436619718 0.4753521126760563
1 0.6161971830985915 0.7623239436619719 0.2887323943661972 0.4753521126760563
1 0.5308098591549296 0.9471830985915493 0.07922535211267606 0.1056338028169014
1 0.5088028169014085 0.7878521126760564 0.06690140845070422 0.3591549295774648