0 0.03214052287581699 0.5671323529411765 0.06428104575163399 0.2108823529411765
0 0.3144444444444444 0.6932598039215687 0.0603921568627451 0.11556372549019607
0 0.39941176470588236 0.5869362745098039 0.05204248366013072 0.12129901960784314
0 0.5097549019607843 0.5704411764705882 0.03803921568627451 0.1328921568627451
0 0.4187091503267974 0.47325980392156863 0.049068627450980395 0.11676470588235294
0 0.27122549019607844 0.509828431372549 0.05416666666666666 0.11857843137254903
0 0.15524509803921568 0.4356127450980392 0.05093137254901961 0.11720588235294117
0 0.1183986928104575 0.34845588235294117 0.04856209150326797 0.08102941176470589
0 0.5713888888888888 0.4046323529411765 0.03831699346405228 0.1292156862745098
0 0.7077287581699346 0.4904411764705882 0.0507516339869281 0.1466421568627451
0 0.69109477124183 0.641985294117647 0.05313725490196079 0.11107843137254902
0 0.9741176470588235 0.3043137254901961 0.051748366013071895 0.09080882352941176
0 0.6977777777777778 0.23301470588235293 0.03977124183006536 0.14426470588235293
0 0.5806045751633987 0.09281862745098039 0.034166666666666665 0.1357107843137255
0 0.4855555555555556 0.19889705882352943 0.03419934640522876 0.11615196078431372
0 0.36614379084967325 0.296078431372549 0.04491830065359477 0.13227941176470587
0 0.1816830065359477 0.2728921568627451 0.03844771241830065 0.12156862745098039
0 0.18227124183006535 0.09816176470588235 0.03964052287581699 0.128578431372549
0 0.25459150326797386 0.1746078431372549 0.04465686274509804 0.10767156862745098
0 0.2960294117647059 0.13715686274509803 0.03544117647058824 0.12191176470588236
0 0.3551470588235294 0.11575980392156862 0.04076797385620915 0.09693627450980391
0 0.3272222222222222 0.046004901960784314 0.03246732026143791 0.0688235294117647
0 0.7748692810457517 0.18620098039215685 0.042418300653594775 0.07737745098039216
0 0.8939869281045751 0.5029166666666667 0.048921568627450986 0.10029411764705883
0 0.06761437908496733 0.21227941176470588 0.04799019607843137 0.10725490196078431
0 0.12151960784313726 0.2472549019607843 0.05183006535947712 0.10147058823529412