0 0.2898936170212766 0.7553191489361702 0.06914893617021277 0.1276595744680851
0 0.37943262411347517 0.6356382978723404 0.06028368794326241 0.1356382978723404
0 0.499113475177305 0.6117021276595744 0.044326241134751775 0.14627659574468085
0 0.3980496453900709 0.5106382978723404 0.05673758865248227 0.13031914893617022
0 0.23847517730496454 0.5585106382978723 0.06205673758865248 0.13297872340425532
0 0.11081560283687943 0.4853723404255319 0.05851063829787234 0.13031914893617022
0 0.06914893617021277 0.39228723404255317 0.0549645390070922 0.09042553191489362
0 0.5620567375886525 0.42819148936170215 0.044326241134751775 0.14361702127659576
0 0.7118794326241135 0.5132978723404256 0.05851063829787234 0.1622340425531915
0 0.6976950354609929 0.6781914893617021 0.06028368794326241 0.12234042553191489
0 0.9813829787234043 0.29521276595744683 0.030141843971631204 0.10106382978723404
0 0.6941489361702128 0.23404255319148937 0.04609929078014184 0.1595744680851064
0 0.5638297872340425 0.08909574468085106 0.040780141843971635 0.14893617021276595
0 0.46365248226950356 0.21010638297872342 0.040780141843971635 0.1276595744680851
0 0.33599290780141844 0.32180851063829785 0.051418439716312055 0.14627659574468085
0 0.1356382978723404 0.3071808510638298 0.044326241134751775 0.13297872340425532
0 0.1320921985815603 0.11702127659574468 0.04609929078014184 0.14095744680851063
0 0.21187943262411346 0.19680851063829788 0.051418439716312055 0.1196808510638298
0 0.25620567375886527 0.1529255319148936 0.040780141843971635 0.13297872340425532
0 0.3200354609929078 0.12632978723404256 0.04609929078014184 0.10638297872340426
0 0.28812056737588654 0.05319148936170213 0.03723404255319149 0.07712765957446809
0 0.776595744680851 0.17952127659574468 0.047872340425531915 0.0851063829787234
0 0.9140070921985816 0.5159574468085106 0.0549645390070922 0.11170212765957446
0 0.018617021276595744 0.24601063829787234 0.03723404255319149 0.1196808510638298
0 0.0700354609929078 0.28324468085106386 0.05851063829787234 0.11170212765957446