1 0.25 0.2064873417721519 0.5 0.4129746835443038
1 0.7341772151898734 0.15981012658227847 0.509493670886076 0.31962025316455694
1 0.06487341772151899 0.5522151898734177 0.12974683544303797 0.2911392405063291
1 0.759493670886076 0.9240506329113924 0.20253164556962025 0.1360759493670886
1 0.6962025316455697 0.7650316455696202 0.13449367088607594 0.13924050632911392
1 0.9651898734177216 0.7025316455696202 0.06962025316455696 0.11392405063291139
1 0.7286392405063291 0.6424050632911392 0.11708860759493671 0.10443037974683544
1 0.8267405063291139 0.6566455696202531 0.07120253164556962 0.0759493670886076
1 0.5664556962025317 0.9177215189873418 0.08069620253164557 0.10443037974683544
1 0.5957278481012658 0.9564873417721519 0.13449367088607594 0.08386075949367089
1 0.5743670886075949 0.9232594936708861 0.09968354430379747 0.1518987341772152
1 0.5593354430379747 0.8457278481012658 0.07436708860759493 0.10759493670886076
1 0.5522151898734177 0.7349683544303798 0.0759493670886076 0.17721518987341772
1 0.5735759493670886 0.8306962025316456 0.10759493670886076 0.14715189873417722
1 0.5664556962025317 0.6107594936708861 0.08386075949367089 0.0680379746835443
1 0.5379746835443038 0.6534810126582279 0.05379746835443038 0.11550632911392406
1 0.6416139240506329 0.7072784810126582 0.055379746835443035 0.10917721518987342
1 0.8947784810126582 0.5561708860759493 0.11234177215189874 0.11392405063291139
1 0.9161392405063291 0.6218354430379747 0.12183544303797468 0.11708860759493671
1 0.5443037974683544 0.7705696202531646 0.056962025316455694 0.17246835443037975
1 0.5537974683544303 0.7681962025316456 0.0759493670886076 0.17721518987341772
1 0.5466772151898734 0.6360759493670886 0.07120253164556962 0.09968354430379747
1 0.5356012658227848 0.615506329113924 0.0490506329113924 0.06487341772151899
1 0.6550632911392406 0.5443037974683544 0.07278481012658228 0.0680379746835443
1 0.6724683544303798 0.4699367088607595 0.056962025316455694 0.05379746835443038