0 0.8682108626198083 0.5870607028753994 0.20766773162939298 0.7731629392971247
0 0.15175718849840256 0.6022364217252396 0.22364217252396165 0.7955271565495208
0 0.07827476038338659 0.40175718849840253 0.15654952076677317 0.7236421725239617
0 0.5774760383386581 0.6805111821086262 0.2268370607028754 0.5143769968051118
0 0.4928115015974441 0.3698083067092652 0.11661341853035144 0.39456869009584666
0 0.5886581469648562 0.2995207667731629 0.10383386581469649 0.3194888178913738
0 0.6940894568690096 0.41054313099041534 0.16613418530351437 0.3210862619808307
0 0.41134185303514376 0.6645367412140575 0.17891373801916932 0.5942492012779552
0 0.3266773162939297 0.36261980830670926 0.10543130990415335 0.41533546325878595
0 0.7460063897763578 0.6765175718849841 0.15654952076677317 0.5063897763578274
0 0.2531948881789137 0.6765175718849841 0.19968051118210864 0.5638977635782748
0 0.2244408945686901 0.2595846645367412 0.08146964856230032 0.28753993610223644
0 0.41613418530351437 0.2939297124600639 0.11501597444089456 0.23961661341853036
0 0.7795527156549521 0.2819488817891374 0.09744408945686901 0.2747603833865815
0 0.6749201277955271 0.26996805111821087 0.09744408945686901 0.268370607028754