0 0.06958762886597938 0.5807560137457045 0.13917525773195877 0.6838487972508591
0 0.5240549828178694 0.5541237113402062 0.13058419243986255 0.6701030927835051
0 0.35652920962199314 0.5919243986254296 0.18213058419243985 0.7285223367697594
0 0.7457044673539519 0.5927835051546392 0.21477663230240548 0.788659793814433
0 0.4484536082474227 0.5541237113402062 0.12886597938144329 0.6752577319587629
0 0.1323024054982818 0.5644329896907216 0.14432989690721648 0.7577319587628866
0 0.20962199312714777 0.6374570446735395 0.16151202749140894 0.7250859106529209
0 0.8393470790378007 0.5120274914089347 0.13917525773195877 0.6924398625429553
0 0.9269759450171822 0.5609965635738832 0.14604810996563575 0.8195876288659794
0 0.6039518900343642 0.5876288659793815 0.15463917525773196 0.7010309278350515
0 0.27835051546391754 0.5429553264604811 0.1254295532646048 0.6701030927835051
0 0.6752577319587629 0.570446735395189 0.13745704467353953 0.7439862542955327