0 0.7449152542372881 0.2830508474576271 0.10338983050847457 0.3050847457627119
0 0.15932203389830507 0.33559322033898303 0.07457627118644068 0.15593220338983052
0 0.5983050847457627 0.47627118644067795 0.09491525423728814 0.588135593220339
0 0.3974576271186441 0.49745762711864405 0.10338983050847457 0.652542372881356
0 0.4728813559322034 0.5110169491525424 0.13728813559322034 0.5661016949152542
0 0.652542372881356 0.5135593220338983 0.10508474576271186 0.559322033898305
0 0.5415254237288135 0.5161016949152543 0.08644067796610169 0.5186440677966102
0 0.8847457627118644 0.5220338983050847 0.2305084745762712 0.8033898305084746
0 0.8406779661016949 0.5313559322033898 0.1440677966101695 0.8152542372881356
0 0.752542372881356 0.5644067796610169 0.12542372881355932 0.6016949152542372
0 0.08813559322033898 0.5728813559322034 0.17627118644067796 0.8542372881355932
0 0.211864406779661 0.576271186440678 0.17288135593220338 0.847457627118644
0 0.9372881355932203 0.5788135593220339 0.12542372881355932 0.8288135593220339
0 0.3271186440677966 0.6220338983050847 0.12542372881355932 0.7559322033898305