0 0.4079391891891892 0.3640202702702703 0.11655405405405406 0.19425675675675674
0 0.652027027027027 0.40540540540540543 0.12837837837837837 0.18243243243243243
0 0.7761824324324325 0.43074324324324326 0.14695945945945946 0.22635135135135134
0 0.5236486486486487 0.42905405405405406 0.14189189189189189 0.24662162162162163
0 0.9265202702702703 0.5304054054054054 0.13851351351351351 0.41216216216216217
0 0.08868243243243243 0.5329391891891891 0.17736486486486486 0.5422297297297297
0 0.28378378378378377 0.5413851351351351 0.10304054054054054 0.4527027027027027
0 0.19594594594594594 0.5658783783783784 0.17060810810810811 0.5067567567567568
0 0.3589527027027027 0.5827702702702703 0.19256756756756757 0.518581081081081
0 0.5050675675675675 0.5878378378378378 0.14864864864864866 0.4780405405405405
0 0.6503378378378378 0.6114864864864865 0.14864864864864866 0.4577702702702703
0 0.777027027027027 0.6359797297297297 0.13851351351351351 0.4239864864864865
0 0.8868243243243243 0.6410472972972973 0.13344594594594594 0.42736486486486486