0 0.06841216216216216 0.6875 0.13682432432432431 0.6047297297297297
0 0.9290540540540541 0.7576013513513513 0.14020270270270271 0.44594594594594594
0 0.032939189189189186 0.6621621621621622 0.06587837837837837 0.6148648648648649
0 0.6866554054054054 0.75 0.11824324324324324 0.3902027027027027
0 0.5337837837837838 0.6275337837837838 0.11317567567567567 0.5405405405405406
0 0.47888513513513514 0.768581081081081 0.11824324324324324 0.40878378378378377
0 0.7432432432432432 0.5954391891891891 0.125 0.5540540540540541
0 0.37753378378378377 0.7601351351351351 0.12331081081081081 0.42736486486486486
0 0.3158783783783784 0.6469594594594594 0.12331081081081081 0.5878378378378378
0 0.7964527027027027 0.7584459459459459 0.12331081081081081 0.3952702702702703
0 0.6554054054054054 0.5160472972972973 0.09628378378378379 0.32263513513513514
0 0.25506756756756754 0.793918918918919 0.13006756756756757 0.38513513513513514
0 0.59375 0.7719594594594594 0.10641891891891891 0.3716216216216216
0 0.14780405405405406 0.8099662162162162 0.11993243243243243 0.38006756756756754
0 0.8217905405405406 0.6140202702702703 0.11655405405405406 0.5574324324324325
0 0.39949324324324326 0.6393581081081081 0.11655405405405406 0.5540540540540541
0 0.5861486486486487 0.5067567567567568 0.0945945945945946 0.34628378378378377
0 0.9028716216216216 0.5067567567567568 0.11148648648648649 0.3091216216216216
0 0.1545608108108108 0.5777027027027027 0.10472972972972973 0.38682432432432434
0 0.9484797297297297 0.4907094594594595 0.0929054054054054 0.3766891891891892
0 0.23564189189189189 0.5304054054054054 0.0929054054054054 0.30574324324324326
0 0.4560810810810811 0.5 0.07939189189189189 0.26013513513513514
0 0.6173986486486487 0.38682432432432434 0.05574324324324324 0.14358108108108109
0 0.7711148648648649 0.375 0.05574324324324324 0.13344594594594594
0 0.4873310810810811 0.3935810810810811 0.05405405405405406 0.16385135135135134
0 0.09966216216216216 0.43243243243243246 0.06925675675675676 0.15878378378378377
0 0.19256756756756757 0.5532094594594594 0.07432432432432433 0.38344594594594594
0 0.6697635135135135 0.37077702702702703 0.0625 0.14527027027027026
0 0.5481418918918919 0.3733108108108108 0.04391891891891892 0.14358108108108109
0 0.2592905405405405 0.41638513513513514 0.04222972972972973 0.11655405405405406
0 0.4155405405405405 0.38682432432432434 0.048986486486486486 0.15033783783783783
0 0.8521959459459459 0.38091216216216217 0.0625 0.16891891891891891