0 0.8295847750865052 0.5916955017301038 0.1643598615916955 0.78719723183391
0 0.9403114186851211 0.4870242214532872 0.10553633217993079 0.33391003460207613
0 0.14619377162629757 0.5873702422145328 0.21972318339100347 0.8252595155709342
0 0.3373702422145329 0.7110726643598616 0.17993079584775087 0.5778546712802768
0 0.6513840830449827 0.698961937716263 0.17474048442906576 0.5934256055363322
0 0.7179930795847751 0.5986159169550173 0.17128027681660898 0.7854671280276817
0 0.4524221453287197 0.7067474048442907 0.14705882352941177 0.5865051903114187
0 0.27162629757785467 0.5977508650519031 0.17993079584775087 0.8044982698961938
0 0.5605536332179931 0.7162629757785467 0.16608996539792387 0.5674740484429066
0 0.4852941176470588 0.3806228373702422 0.13321799307958476 0.3494809688581315
0 0.5916955017301038 0.35034602076124566 0.14013840830449828 0.3788927335640138
0 0.3754325259515571 0.3788927335640138 0.15051903114186851 0.36678200692041524