0 0.5455390334572491 0.2899628252788104 0.20817843866171004 0.45724907063197023
0 0.4107806691449814 0.2936802973977695 0.18587360594795538 0.47769516728624534
0 0.13847583643122677 0.29646840148698883 0.2100371747211896 0.43866171003717475
0 0.2732342007434944 0.31133828996282525 0.19144981412639406 0.4423791821561338
0 0.6877323420074349 0.34851301115241634 0.2100371747211896 0.5130111524163569
0 0.046468401486988845 0.29275092936802977 0.09107806691449814 0.36059479553903345
0 0.8224907063197026 0.37174721189591076 0.17472118959107807 0.37732342007434944
0 0.9172862453531598 0.5548327137546468 0.1654275092936803 0.8085501858736059
0 0.5399628252788105 0.6747211895910781 0.24721189591078066 0.6505576208178439
0 0.032527881040892194 0.620817843866171 0.06505576208178439 0.6765799256505576
0 0.6970260223048327 0.6812267657992565 0.2379182156133829 0.637546468401487
0 0.8605947955390335 0.6905204460966543 0.25650557620817843 0.6189591078066915
0 0.3754646840148699 0.6858736059479554 0.21933085501858737 0.620817843866171
0 0.23141263940520446 0.6765799256505576 0.20260223048327136 0.6133828996282528
0 0.10223048327137546 0.6635687732342007 0.20446096654275092 0.6133828996282528