0 0.9418032786885245 0.6081967213114754 0.11639344262295082 0.7147540983606557
0 0.8139344262295082 0.7352459016393442 0.12786885245901639 0.5114754098360655
0 0.8901639344262295 0.5614754098360656 0.11147540983606558 0.7147540983606557
0 0.35327868852459016 0.7245901639344262 0.11311475409836065 0.4163934426229508
0 0.6467213114754098 0.7221311475409836 0.12459016393442623 0.4672131147540984
0 0.10491803278688525 0.75 0.12459016393442623 0.4672131147540984
0 0.15081967213114755 0.44426229508196724 0.08524590163934426 0.3524590163934426
0 0.07540983606557378 0.5959016393442623 0.13278688524590163 0.6426229508196721
0 0.24098360655737705 0.2122950819672131 0.14918032786885246 0.31311475409836065
0 0.1918032786885246 0.7278688524590164 0.10491803278688525 0.41475409836065574
0 0.07950819672131147 0.21967213114754097 0.09508196721311475 0.3704918032786885
0 0.33852459016393444 0.4745901639344262 0.09344262295081968 0.32131147540983607
0 0.7254098360655737 0.7401639344262295 0.08688524590163935 0.4426229508196721
0 0.8245901639344262 0.44344262295081965 0.08032786885245902 0.3983606557377049
0 0.21639344262295082 0.4565573770491803 0.09344262295081968 0.3377049180327869
0 0.2713114754098361 0.7295081967213115 0.09672131147540984 0.41475409836065574
0 0.28114754098360656 0.45081967213114754 0.08688524590163935 0.33278688524590166
0 0.7737704918032787 0.460655737704918 0.09836065573770492 0.33278688524590166
0 0.4663934426229508 0.5155737704918033 0.1 0.5098360655737705
0 0.7622950819672131 0.23852459016393443 0.08852459016393442 0.3540983606557377
0 0.6360655737704918 0.230327868852459 0.08032786885245902 0.3819672131147541
0 0.6262295081967213 0.4532786885245902 0.09016393442622951 0.33934426229508197
0 0.3983606557377049 0.510655737704918 0.09016393442622951 0.5180327868852459
0 0.5401639344262295 0.530327868852459 0.09180327868852459 0.46885245901639344
0 0.5581967213114755 0.7204918032786886 0.08852459016393442 0.43278688524590164
0 0.6975409836065574 0.46229508196721314 0.08688524590163935 0.3475409836065574
0 0.4483606557377049 0.728688524590164 0.12786885245901639 0.4065573770491803
0 0.3163934426229508 0.3008196721311475 0.060655737704918035 0.17868852459016393
0 0.5811475409836065 0.43688524590163935 0.07704918032786885 0.3639344262295082
0 0.4278688524590164 0.29180327868852457 0.05081967213114754 0.1885245901639344
0 0.4926229508196721 0.32704918032786884 0.05245901639344262 0.18360655737704917