0 0.674645390070922 0.4734042553191489 0.09929078014184398 0.39893617021276595
0 0.07712765957446809 0.6480496453900709 0.15425531914893617 0.38475177304964536
0 0.9618794326241135 0.550531914893617 0.07624113475177305 0.49113475177304966
0 0.8909574468085106 0.44060283687943264 0.11347517730496454 0.30319148936170215
0 0.9051418439716312 0.6808510638297872 0.1702127659574468 0.38120567375886527
0 0.17375886524822695 0.40602836879432624 0.10283687943262411 0.24645390070921985
0 0.0700354609929078 0.4148936170212766 0.13829787234042554 0.26595744680851063
0 0.24911347517730498 0.4308510638297872 0.10815602836879433 0.24113475177304963
0 0.7987588652482269 0.6586879432624113 0.1276595744680851 0.375886524822695
0 0.17287234042553193 0.6728723404255319 0.14893617021276595 0.33865248226950356
0 0.29609929078014185 0.650709219858156 0.14361702127659576 0.3528368794326241
0 0.5771276595744681 0.39361702127659576 0.09219858156028368 0.1950354609929078
0 0.34929078014184395 0.5150709219858156 0.12056737588652482 0.4450354609929078
0 0.7464539007092199 0.4920212765957447 0.08156028368794327 0.44680851063829785
0 0.48138297872340424 0.3980496453900709 0.09929078014184398 0.2783687943262411
0 0.3962765957446808 0.4423758865248227 0.08333333333333333 0.35638297872340424
0 0.7872340425531915 0.48404255319148937 0.10106382978723404 0.33865248226950356
0 0.8448581560283688 0.42907801418439717 0.08333333333333333 0.29609929078014185
0 0.2296099290780142 0.5434397163120568 0.09574468085106383 0.22872340425531915