0 0.6925675675675675 0.4045608108108108 0.09966216216216216 0.3902027027027027
0 0.052364864864864864 0.4028716216216216 0.10472972972972973 0.4577702702702703
0 0.6157094594594594 0.4265202702702703 0.0945945945945946 0.3530405405405405
0 0.4594594594594595 0.41300675675675674 0.10472972972972973 0.3885135135135135
0 0.9307432432432432 0.38260135135135137 0.13851351351351351 0.4206081081081081
0 0.5371621621621622 0.41807432432432434 0.11148648648648649 0.3885135135135135
0 0.8344594594594594 0.38175675675675674 0.14189189189189189 0.40540540540540543
0 0.7601351351351351 0.3614864864864865 0.08445945945945946 0.3125
0 0.6173986486486487 0.24746621621621623 0.09797297297297297 0.1570945945945946
0 0.3032094594594595 0.4239864864864865 0.11993243243243243 0.38006756756756754
0 0.3859797297297297 0.40033783783783783 0.13682432432432431 0.40202702702702703
0 0.22297297297297297 0.3783783783783784 0.1266891891891892 0.25844594594594594
0 0.13175675675675674 0.3344594594594595 0.14020270270270271 0.18412162162162163