0 0.13573883161512026 0.729381443298969 0.21649484536082475 0.5412371134020618
0 0.41323024054982815 0.3951890034364261 0.11855670103092783 0.4518900343642612
0 0.9226804123711341 0.6743986254295533 0.15463917525773196 0.5996563573883161
0 0.6915807560137457 0.634020618556701 0.21305841924398625 0.6924398625429553
0 0.25 0.6443298969072165 0.21477663230240548 0.6116838487972509
0 0.5240549828178694 0.7371134020618557 0.13058419243986255 0.39347079037800686
0 0.2646048109965636 0.18556701030927836 0.08247422680412371 0.18556701030927836
0 0.5730240549828178 0.6443298969072165 0.16151202749140894 0.5515463917525774
0 0.8187285223367697 0.5927835051546392 0.20618556701030927 0.7783505154639175
0 0.49398625429553267 0.313573883161512 0.09106529209621993 0.34536082474226804
0 0.5764604810996563 0.3479381443298969 0.15807560137457044 0.27491408934707906
0 0.30412371134020616 0.5360824742268041 0.22164948453608246 0.6323024054982818
0 0.5455326460481099 0.1486254295532646 0.08934707903780069 0.1563573883161512
0 0.4372852233676976 0.33591065292096217 0.09621993127147767 0.4415807560137457
0 0.5249140893470791 0.3178694158075601 0.10824742268041238 0.3281786941580756
0 0.36254295532646047 0.3316151202749141 0.08247422680412371 0.44673539518900346
0 0.6829896907216495 0.3127147766323024 0.10824742268041238 0.15807560137457044
0 0.32216494845360827 0.38402061855670105 0.10824742268041238 0.3711340206185567
0 0.3247422680412371 0.21993127147766323 0.058419243986254296 0.17010309278350516
0 0.34192439862542956 0.34621993127147765 0.08934707903780069 0.4261168384879725