0 0.4025423728813559 0.4457627118644068 0.11016949152542373 0.3711864406779661
0 0.7728813559322034 0.5686440677966101 0.13559322033898305 0.6711864406779661
0 0.3483050847457627 0.7161016949152542 0.15932203389830507 0.4728813559322034
0 0.47203389830508474 0.7271186440677966 0.15254237288135594 0.46271186440677964
0 0.13220338983050847 0.5872881355932204 0.14915254237288136 0.5661016949152542
0 0.4847457627118644 0.43728813559322033 0.08644067796610169 0.3
0 0.5398305084745763 0.4822033898305085 0.1152542372881356 0.3864406779661017
0 0.6584745762711864 0.7466101694915255 0.13389830508474576 0.4067796610169492
0 0.31949152542372883 0.5059322033898305 0.10338983050847457 0.28135593220338984
0 0.14745762711864407 0.7161016949152542 0.13728813559322034 0.43559322033898307
0 0.7016949152542373 0.5542372881355933 0.10677966101694915 0.5847457627118644
0 0.6432203389830509 0.4610169491525424 0.12203389830508475 0.3898305084745763
0 0.24491525423728813 0.7322033898305085 0.13559322033898305 0.43050847457627117
0 0.23728813559322035 0.48983050847457626 0.1 0.2677966101694915
0 0.5771186440677966 0.7516949152542373 0.10677966101694915 0.3983050847457627