0 0.9144981412639405 0.5780669144981413 0.11895910780669144 0.5650557620817844
0 0.8020446096654275 0.5697026022304833 0.137546468401487 0.5724907063197026
0 0.22769516728624536 0.5529739776951673 0.15055762081784388 0.4795539033457249
0 0.3828996282527881 0.5929368029739777 0.10037174721189591 0.4423791821561338
0 0.08921933085501858 0.5213754646840149 0.11152416356877323 0.49814126394052044
0 0.699814126394052 0.578996282527881 0.10594795539033457 0.550185873605948
0 0.42936802973977695 0.5269516728624535 0.09479553903345725 0.5
0 0.14684014869888476 0.54182156133829 0.09479553903345725 0.46654275092936803
0 0.5436802973977695 0.5715613382899628 0.10594795539033457 0.5111524163568774
0 0.6226765799256505 0.5724907063197026 0.08364312267657993 0.5315985130111525
0 0.3355018587360595 0.5566914498141264 0.06505576208178439 0.4739776951672863
0 0.733271375464684 0.34107806691449816 0.05390334572490706 0.12267657992565056
0 0.2843866171003718 0.5381040892193308 0.05947955390334572 0.44052044609665425
0 0.2983271375464684 0.34944237918215615 0.05018587360594796 0.10780669144981413
0 0.47862453531598514 0.3550185873605948 0.046468401486988845 0.12267657992565056
0 0.6552044609665427 0.3447955390334573 0.046468401486988845 0.13011152416356878
0 0.5027881040892194 0.5539033457249071 0.0724907063197026 0.49070631970260226
0 0.5065055762081785 0.44144981412639406 0.06691449814126393 0.25650557620817843