0 0.7547923322683706 0.3977635782747604 0.06070287539936102 0.12460063897763578
0 0.2476038338658147 0.41773162939297126 0.052715654952076675 0.12140575079872204
0 0.15894568690095848 0.4257188498402556 0.07188498402555911 0.15654952076677317
0 0.8921725239616614 0.4097444089456869 0.07507987220447285 0.12140575079872204
0 0.8266773162939297 0.4496805111821086 0.11182108626198083 0.19329073482428116
0 0.9568690095846646 0.46325878594249204 0.08626198083067092 0.2523961661341853
0 0.6437699680511182 0.5950479233226837 0.1182108626198083 0.5175718849840255
0 0.30670926517571884 0.6357827476038339 0.1182108626198083 0.5207667731629393
0 0.12460063897763578 0.6477635782747604 0.11980830670926518 0.5527156549520766
0 0.22523961661341854 0.6557507987220448 0.14376996805111822 0.5543130990415336
0 0.555111821086262 0.646964856230032 0.14536741214057508 0.5782747603833865
0 0.7356230031948882 0.6405750798722045 0.1182108626198083 0.5223642172523961
0 0.40814696485623003 0.6717252396166135 0.15335463258785942 0.6022364217252396
0 0.08466453674121406 0.6749201277955271 0.16932907348242812 0.6501597444089456
0 0.6685303514376997 0.6677316293929713 0.12140575079872204 0.5143769968051118
0 0.8362619808306709 0.6717252396166135 0.14217252396166133 0.512779552715655
0 0.9305111821086262 0.6781150159744409 0.1389776357827476 0.560702875399361