0 0.514937106918239 0.7594339622641509 0.20911949685534592 0.4811320754716981
0 0.14937106918238993 0.779874213836478 0.23270440251572327 0.44025157232704404
0 0.8215408805031447 0.7617924528301887 0.2059748427672956 0.43238993710691825
0 0.2507861635220126 0.5691823899371069 0.1792452830188679 0.7547169811320755
0 0.3608490566037736 0.7814465408805031 0.1650943396226415 0.4371069182389937
0 0.8726415094339622 0.46855345911949686 0.25471698113207547 0.7641509433962265
0 0.12028301886792453 0.44261006289308175 0.18396226415094338 0.4921383647798742
0 0.3577044025157233 0.5361635220125787 0.20125786163522014 0.7735849056603774
0 0.5487421383647799 0.535377358490566 0.32861635220125784 0.7751572327044025
0 0.46540880503144655 0.4473270440251572 0.1949685534591195 0.5487421383647799
0 0.7216981132075472 0.5141509433962265 0.22955974842767296 0.7657232704402516