0 0.16932624113475178 0.5398936170212766 0.24645390070921985 0.7677304964539007
0 0.35904255319148937 0.6356382978723404 0.20390070921985815 0.5833333333333334
0 0.5062056737588653 0.62322695035461 0.15780141843971632 0.5478723404255319
0 0.6312056737588653 0.5478723404255319 0.12588652482269502 0.6365248226950354
0 0.7544326241134752 0.5283687943262412 0.14716312056737588 0.5886524822695035
0 0.9645390070921985 0.5168439716312057 0.07092198581560284 0.6329787234042553
0 0.8723404255319149 0.4867021276595745 0.1524822695035461 0.6170212765957447
0 0.6693262411347518 0.20390070921985815 0.1595744680851064 0.2695035460992908
0 0.2828014184397163 0.40070921985815605 0.12943262411347517 0.32092198581560283
0 0.3962765957446808 0.3519503546099291 0.0975177304964539 0.22340425531914893
0 0.6888297872340425 0.2845744680851064 0.06382978723404255 0.1400709219858156
0 0.7907801418439716 0.29343971631205673 0.05851063829787234 0.11879432624113476
0 0.5407801418439716 0.3102836879432624 0.14361702127659576 0.29432624113475175
0 0.33599290780141844 0.30407801418439717 0.0673758865248227 0.11702127659574468