0 0.7681518151815182 0.6155115511551155 0.19966996699669967 0.4834983498349835
0 0.5445544554455446 0.6311881188118812 0.1617161716171617 0.48514851485148514
0 0.349009900990099 0.6443894389438944 0.15676567656765678 0.48184818481848185
0 0.6443894389438944 0.6245874587458746 0.1617161716171617 0.4834983498349835
0 0.44471947194719474 0.6534653465346535 0.1419141914191419 0.4521452145214521
0 0.5379537953795379 0.382013201320132 0.12211221122112212 0.2722772277227723
0 0.4397689768976898 0.39026402640264024 0.132013201320132 0.3069306930693069
0 0.1476897689768977 0.6633663366336634 0.1485148514851485 0.47029702970297027
0 0.24257425742574257 0.655940594059406 0.14356435643564355 0.47194719471947194
0 0.34983498349834985 0.39026402640264024 0.132013201320132 0.2986798679867987
0 0.6295379537953796 0.3696369636963696 0.11056105610561057 0.25412541254125415
0 0.2590759075907591 0.4240924092409241 0.11551155115511551 0.31683168316831684
0 0.740924092409241 0.40016501650165015 0.18316831683168316 0.30033003300330036
0 0.1608910891089109 0.4075907590759076 0.13696369636963696 0.3234323432343234