0 0.36468646864686466 0.2524752475247525 0.07590759075907591 0.1419141914191419
0 0.45627062706270627 0.2698019801980198 0.10396039603960396 0.19306930693069307
0 0.6542904290429042 0.28465346534653463 0.12706270627062707 0.17986798679867988
0 0.5453795379537953 0.2863036303630363 0.09570957095709572 0.19471947194719472
0 0.03547854785478548 0.26567656765676567 0.057755775577557754 0.23927392739273928
0 0.12706270627062707 0.4909240924092409 0.24587458745874588 0.8415841584158416
0 0.2615511551155115 0.5173267326732673 0.19966996699669967 0.7508250825082509
0 0.8448844884488449 0.5742574257425742 0.16996699669966997 0.7706270627062707
0 0.9183168316831684 0.6056105610561056 0.16336633663366337 0.7887788778877888
0 0.31765676567656764 0.5750825082508251 0.20957095709570958 0.7046204620462047
0 0.768976897689769 0.6072607260726073 0.21122112211221122 0.7854785478547854
0 0.6551155115511551 0.6089108910891089 0.18151815181518152 0.7178217821782178
0 0.4265676567656766 0.594059405940594 0.19471947194719472 0.6666666666666666
0 0.5453795379537953 0.6097359735973598 0.17656765676567657 0.6914191419141914