0 0.9424398625429553 0.6589347079037801 0.11512027491408934 0.6821305841924399
0 0.802405498281787 0.7731958762886598 0.13058419243986255 0.4536082474226804
0 0.8934707903780069 0.6323024054982818 0.11683848797250859 0.7353951890034365
0 0.32044673539518903 0.770618556701031 0.11855670103092783 0.436426116838488
0 0.6262886597938144 0.7714776632302406 0.12886597938144329 0.4570446735395189
0 0.061855670103092786 0.7594501718213058 0.12371134020618557 0.4536082474226804
0 0.12886597938144329 0.46219931271477666 0.08934707903780069 0.3694158075601375
0 0.05326460481099656 0.6151202749140894 0.10652920962199312 0.6735395189003437
0 0.23969072164948454 0.2259450171821306 0.1563573883161512 0.3281786941580756
0 0.15120274914089346 0.7620274914089347 0.10996563573883161 0.43470790378006874
0 0.070446735395189 0.22164948453608246 0.09965635738831616 0.38831615120274915
0 0.3230240549828179 0.5077319587628866 0.0979381443298969 0.33676975945017185
0 0.7070446735395189 0.7903780068728522 0.09106529209621993 0.41924398625429554
0 0.8333333333333334 0.511168384879725 0.08419243986254296 0.4175257731958763
0 0.19673539518900343 0.4802405498281787 0.0979381443298969 0.3539518900343643
0 0.23367697594501718 0.7689003436426117 0.1013745704467354 0.43470790378006874
0 0.2646048109965636 0.47852233676975947 0.09106529209621993 0.3487972508591065
0 0.7783505154639175 0.5249140893470791 0.10309278350515463 0.3487972508591065
0 0.4536082474226804 0.5601374570446735 0.10481099656357389 0.5343642611683849
0 0.7835051546391752 0.2912371134020619 0.09278350515463918 0.3711340206185567
0 0.6512027491408935 0.27405498281786944 0.08419243986254296 0.40034364261168387
0 0.6254295532646048 0.5060137457044673 0.09450171821305842 0.3556701030927835
0 0.38316151202749144 0.5498281786941581 0.09450171821305842 0.5429553264604811
0 0.5300687285223368 0.5807560137457045 0.09621993127147767 0.49140893470790376
0 0.5343642611683849 0.7766323024054983 0.09278350515463918 0.44673539518900346
0 0.6984536082474226 0.520618556701031 0.09106529209621993 0.3642611683848797
0 0.4183848797250859 0.781786941580756 0.13402061855670103 0.4261168384879725
0 0.3127147766323024 0.3238831615120275 0.06357388316151202 0.1872852233676976
0 0.5798969072164949 0.48625429553264604 0.08075601374570447 0.38144329896907214
0 0.42955326460481097 0.3230240549828179 0.05326460481099656 0.19759450171821305
0 0.49398625429553267 0.3651202749140893 0.054982817869415807 0.19243986254295534