0 0.7266187050359713 0.30845323741007197 0.1079136690647482 0.23201438848920863
0 0.8282374100719424 0.38669064748201437 0.14388489208633093 0.29676258992805754
0 0.5503597122302158 0.37140287769784175 0.13309352517985612 0.3273381294964029
0 0.6438848920863309 0.3776978417266187 0.12589928057553956 0.3039568345323741
0 0.44694244604316546 0.36510791366906475 0.13309352517985612 0.3435251798561151
0 0.35611510791366907 0.41097122302158273 0.11330935251798561 0.33992805755395683
0 0.13489208633093525 0.5071942446043165 0.2589928057553957 0.9460431654676259
0 0.25719424460431656 0.5872302158273381 0.19784172661870503 0.7985611510791367
0 0.8983812949640287 0.6178057553956835 0.20323741007194246 0.7643884892086331
0 0.7607913669064749 0.6825539568345323 0.25539568345323743 0.6348920863309353
0 0.48651079136690645 0.7023381294964028 0.16366906474820145 0.5953237410071942
0 0.5971223021582733 0.710431654676259 0.1906474820143885 0.579136690647482
0 0.3732014388489209 0.697841726618705 0.2014388489208633 0.5971223021582733