0 0.8859797297297297 0.5633445945945946 0.19763513513513514 0.5912162162162162
0 0.4907094594594595 0.581081081081081 0.16385135135135134 0.5827702702702703
0 0.09037162162162163 0.6021959459459459 0.18074324324324326 0.5793918918918919
0 0.35388513513513514 0.5861486486486487 0.16554054054054054 0.5827702702702703
0 0.22804054054054054 0.5861486486486487 0.16047297297297297 0.5861486486486487
0 0.7263513513513513 0.5515202702702703 0.17736486486486486 0.6097972972972973
0 0.6148648648648649 0.5844594594594594 0.14864864864864866 0.5540540540540541
0 0.4670608108108108 0.24155405405405406 0.16047297297297297 0.38175675675675674
0 0.5886824324324325 0.25675675675675674 0.15202702702702703 0.40878378378378377
0 0.20523648648648649 0.27618243243243246 0.18074324324324326 0.34966216216216217
0 0.33868243243243246 0.24746621621621623 0.15202702702702703 0.3614864864864865
0 0.7255067567567568 0.23479729729729729 0.18412162162162163 0.3581081081081081