0 0.6632302405498282 0.48625429553264604 0.06529209621993128 0.18900343642611683
0 0.834192439862543 0.5352233676975945 0.054982817869415807 0.12027491408934708
0 0.5549828178694158 0.5292096219931272 0.09106529209621993 0.23367697594501718
0 0.30927835051546393 0.5137457044673539 0.07216494845360824 0.18556701030927836
0 0.44329896907216493 0.5223367697594502 0.08934707903780069 0.23367697594501718
0 0.5249140893470791 0.5300687285223368 0.03608247422680412 0.07731958762886598
0 0.6915807560137457 0.6761168384879725 0.1872852233676976 0.647766323024055
0 0.14690721649484537 0.6855670103092784 0.14948453608247422 0.5859106529209622
0 0.7749140893470791 0.7139175257731959 0.1958762886597938 0.5721649484536082
0 0.3556701030927835 0.7087628865979382 0.18900343642611683 0.5721649484536082
0 0.8951890034364262 0.7422680412371134 0.17869415807560138 0.5154639175257731
0 0.22079037800687284 0.7104810996563574 0.18384879725085912 0.5498281786941581
0 0.5945017182130584 0.7319587628865979 0.13745704467353953 0.5360824742268041
0 0.4845360824742268 0.7302405498281787 0.17525773195876287 0.5395189003436426
0 0.07646048109965636 0.7216494845360825 0.15292096219931273 0.5051546391752577