0 0.32604895104895104 0.32867132867132864 0.13636363636363635 0.3479020979020979
0 0.7482517482517482 0.3522727272727273 0.0944055944055944 0.28321678321678323
0 0.5585664335664335 0.36363636363636365 0.1258741258741259 0.38636363636363635
0 0.14160839160839161 0.35926573426573427 0.18181818181818182 0.3548951048951049
0 0.2368881118881119 0.36713286713286714 0.10664335664335664 0.31993006993006995
0 0.8103146853146853 0.3968531468531469 0.10664335664335664 0.23776223776223776
0 0.4125874125874126 0.40034965034965037 0.12062937062937062 0.38461538461538464
0 0.6652097902097902 0.4562937062937063 0.13286713286713286 0.48426573426573427
0 0.9117132867132867 0.6590909090909091 0.17657342657342656 0.6223776223776224
0 0.5891608391608392 0.6625874125874126 0.1888111888111888 0.6748251748251748
0 0.4632867132867133 0.6512237762237763 0.17832167832167833 0.6975524475524476
0 0.32604895104895104 0.701048951048951 0.16433566433566432 0.534965034965035
0 0.8531468531468531 0.7246503496503497 0.1888111888111888 0.5017482517482518
0 0.6853146853146853 0.7202797202797203 0.1258741258741259 0.5262237762237763
0 0.7762237762237763 0.7298951048951049 0.1258741258741259 0.5402097902097902
0 0.08216783216783216 0.7071678321678322 0.16083916083916083 0.5611888111888111
0 0.21066433566433568 0.7263986013986014 0.17832167832167833 0.5332167832167832