0 0.8614232209737828 0.6797752808988764 0.2209737827715356 0.6404494382022472
0 0.3389513108614232 0.6460674157303371 0.2247191011235955 0.6966292134831461
0 0.700374531835206 0.6760299625468165 0.21348314606741572 0.6479400749063671
0 0.0749063670411985 0.6750936329588015 0.149812734082397 0.5973782771535581
0 0.18726591760299627 0.6114232209737828 0.22846441947565543 0.7453183520599251
0 0.5889513108614233 0.6610486891385767 0.17415730337078653 0.6779026217228464
0 0.4850187265917603 0.6638576779026217 0.20599250936329588 0.6722846441947565
0 0.250936329588015 0.2303370786516854 0.15355805243445692 0.45692883895131087
0 0.11610486891385768 0.25187265917602997 0.18352059925093633 0.5037453183520599
0 0.9269662921348315 0.6610486891385767 0.14606741573033707 0.6779026217228464
0 0.5945692883895131 0.24531835205992508 0.17228464419475656 0.398876404494382
0 0.3642322097378277 0.22191011235955055 0.15355805243445692 0.4363295880149813
0 0.7827715355805244 0.4035580524344569 0.11235955056179775 0.2640449438202247
0 0.46629213483146065 0.26217228464419473 0.13857677902621723 0.4250936329588015
0 0.7659176029962547 0.6367041198501873 0.14606741573033707 0.7265917602996255