0 0.047872340425531915 0.6710992907801419 0.09574468085106383 0.6117021276595744
0 0.12677304964539007 0.650709219858156 0.10815602836879433 0.5673758865248227
0 0.23404255319148937 0.6320921985815603 0.12234042553191489 0.50177304964539
0 0.4157801418439716 0.7854609929078015 0.17198581560283688 0.42907801418439717
0 0.8980496453900709 0.5558510638297872 0.16134751773049646 0.3546099290780142
0 0.3324468085106383 0.6276595744680851 0.11524822695035461 0.4734042553191489
0 0.5735815602836879 0.7907801418439716 0.16843971631205673 0.3723404255319149
0 0.6382978723404256 0.5957446808510638 0.11170212765957446 0.44858156028368795
0 0.7553191489361702 0.5815602836879432 0.12411347517730496 0.38120567375886527
0 0.7384751773049646 0.7925531914893617 0.12588652482269502 0.34574468085106386
0 0.8962765957446809 0.8289007092198581 0.17198581560283688 0.324468085106383
0 0.5345744680851063 0.5673758865248227 0.10460992907801418 0.33156028368794327