0 0.5448113207547169 0.6320754716981132 0.08490566037735849 0.2468553459119497
0 0.8883647798742138 0.6273584905660378 0.09433962264150944 0.2358490566037736
0 0.470125786163522 0.6336477987421384 0.10062893081761007 0.25943396226415094
0 0.960691823899371 0.6352201257861635 0.07861635220125786 0.22012578616352202
0 0.2578616352201258 0.6635220125786163 0.08333333333333333 0.23270440251572327
0 0.1918238993710692 0.6658805031446541 0.08647798742138364 0.23113207547169812
0 0.32547169811320753 0.6564465408805031 0.08490566037735849 0.2358490566037736
0 0.6831761006289309 0.6281446540880503 0.09119496855345911 0.24056603773584906
0 0.3977987421383648 0.6517295597484277 0.09119496855345911 0.2389937106918239
0 0.6108490566037735 0.6391509433962265 0.08962264150943396 0.22327044025157233
0 0.7531446540880503 0.6312893081761006 0.0959119496855346 0.2358490566037736
0 0.8215408805031447 0.6297169811320755 0.08176100628930817 0.22955974842767296
0 0.1289308176100629 0.6721698113207547 0.07547169811320754 0.2169811320754717
0 0.06761006289308176 0.675314465408805 0.08176100628930817 0.2248427672955975
0 0.06682389937106918 0.9261006289308176 0.09905660377358491 0.14779874213836477
0 0.3781446540880503 0.9158805031446541 0.1179245283018868 0.16823899371069181
0 0.07154088050314465 0.8844339622641509 0.08962264150943396 0.2138364779874214
0 0.3710691823899371 0.8639937106918238 0.10849056603773585 0.19968553459119498