0 0.22986577181208054 0.6350671140939598 0.14093959731543623 0.5469798657718121
0 0.3338926174496644 0.62751677852349 0.13758389261744966 0.5486577181208053
0 0.8640939597315436 0.6644295302013423 0.15604026845637584 0.5587248322147651
0 0.9429530201342282 0.6887583892617449 0.11409395973154363 0.535234899328859
0 0.13003355704697986 0.6216442953020134 0.14261744966442952 0.5587248322147651
0 0.7541946308724832 0.6577181208053692 0.1493288590604027 0.5671140939597316
0 0.662751677852349 0.36661073825503354 0.08892617449664429 0.2902684563758389
0 0.09563758389261745 0.49161073825503354 0.12416107382550336 0.62248322147651
0 0.7256711409395973 0.3926174496644295 0.10067114093959731 0.3288590604026846
0 0.18624161073825504 0.34563758389261745 0.09563758389261745 0.3338926174496644
0 0.6568791946308725 0.6610738255033557 0.13590604026845637 0.5335570469798657
0 0.2575503355704698 0.34563758389261745 0.09731543624161074 0.3053691275167785
0 0.4513422818791946 0.6325503355704698 0.1325503355704698 0.5385906040268457
0 0.40604026845637586 0.5243288590604027 0.11409395973154363 0.5771812080536913
0 0.5469798657718121 0.6384228187919463 0.12583892617449666 0.4966442953020134
0 0.3338926174496644 0.3615771812080537 0.09228187919463088 0.26174496644295303
0 0.5083892617449665 0.45050335570469796 0.10738255033557047 0.436241610738255
0 0.5536912751677853 0.276006711409396 0.06208053691275168 0.1610738255033557
0 0.8137583892617449 0.3951342281879195 0.08892617449664429 0.26174496644295303
0 0.5880872483221476 0.5251677852348994 0.11409395973154363 0.5553691275167785