0 0.09444444444444444 0.7428571428571429 0.18888888888888888 0.46984126984126984
0 0.17063492063492064 0.5103174603174603 0.14126984126984127 0.48412698412698413
0 0.8182539682539682 0.39365079365079364 0.17142857142857143 0.7380952380952381
0 0.9261904761904762 0.707936507936508 0.14761904761904762 0.45396825396825397
0 0.8071428571428572 0.7047619047619048 0.22857142857142856 0.4587301587301587
0 0.3007936507936508 0.49444444444444446 0.18412698412698414 0.44603174603174606
0 0.49523809523809526 0.7246031746031746 0.1984126984126984 0.4650793650793651
0 0.3547619047619048 0.7547619047619047 0.15555555555555556 0.3904761904761905
0 0.9182539682539682 0.4095238095238095 0.1349206349206349 0.4873015873015873
0 0.5698412698412698 0.4444444444444444 0.14761904761904762 0.4174603174603175
0 0.22142857142857142 0.7690476190476191 0.2 0.4142857142857143
0 0.7119047619047619 0.3412698412698413 0.12857142857142856 0.4650793650793651
0 0.6968253968253968 0.5373015873015873 0.15555555555555556 0.5365079365079365
0 0.6007936507936508 0.7142857142857143 0.12222222222222222 0.43333333333333335
0 0.42777777777777776 0.5603174603174603 0.16666666666666666 0.5571428571428572
0 0.4642857142857143 0.3103174603174603 0.13968253968253969 0.43174603174603177
0 0.36428571428571427 0.25396825396825395 0.12222222222222222 0.4015873015873016
0 0.6880952380952381 0.7436507936507937 0.13015873015873017 0.3523809523809524
0 0.2650793650793651 0.44206349206349205 0.12380952380952381 0.5380952380952381
0 0.5984126984126984 0.2611111111111111 0.0746031746031746 0.2777777777777778