0 0.34965034965034963 0.26573426573426573 0.043706293706293704 0.12762237762237763
0 0.17045454545454544 0.2875874125874126 0.07692307692307693 0.1520979020979021
0 0.07255244755244755 0.2980769230769231 0.06818181818181818 0.22727272727272727
0 0.38636363636363635 0.3041958041958042 0.04195804195804196 0.11013986013986014
0 0.47027972027972026 0.3076923076923077 0.05419580419580419 0.13636363636363635
0 0.31905594405594406 0.3111888111888112 0.05419580419580419 0.1451048951048951
0 0.5463286713286714 0.3111888111888112 0.04020979020979021 0.11013986013986014
0 0.2298951048951049 0.3155594405594406 0.06643356643356643 0.1520979020979021
0 0.28059440559440557 0.36713286713286714 0.0944055944055944 0.17132867132867133
0 0.11713286713286714 0.3776223776223776 0.09965034965034965 0.2062937062937063
0 0.42744755244755245 0.3881118881118881 0.07517482517482517 0.1888111888111888
0 0.1791958041958042 0.3994755244755245 0.057692307692307696 0.16783216783216784
0 0.5769230769230769 0.4458041958041958 0.06293706293706294 0.16783216783216784
0 0.7290209790209791 0.5996503496503497 0.09090909090909091 0.5227272727272727
0 0.5174825174825175 0.6188811188811189 0.0944055944055944 0.5506993006993007
0 0.36363636363636365 0.6276223776223776 0.08916083916083917 0.5629370629370629
0 0.8129370629370629 0.6337412587412588 0.1451048951048951 0.534965034965035
0 0.6861888111888111 0.6486013986013986 0.10314685314685315 0.5157342657342657
0 0.2202797202797203 0.6634615384615384 0.07692307692307693 0.5804195804195804
0 0.611013986013986 0.6643356643356644 0.1346153846153846 0.5716783216783217
0 0.44842657342657344 0.6879370629370629 0.14160839160839161 0.6031468531468531
0 0.13636363636363635 0.6818181818181818 0.16433566433566432 0.6363636363636364
0 0.30157342657342656 0.6888111888111889 0.1451048951048951 0.6223776223776224