0 0.09003215434083602 0.5369774919614148 0.18006430868167203 0.9260450160771704
0 0.2508038585209003 0.5635048231511254 0.22508038585209003 0.8729903536977492
0 0.9115755627009646 0.6479099678456591 0.17684887459807075 0.5209003215434084
0 0.4694533762057878 0.727491961414791 0.2057877813504823 0.522508038585209
0 0.5771704180064309 0.6567524115755627 0.1639871382636656 0.49517684887459806
0 0.9236334405144695 0.33360128617363344 0.14790996784565916 0.37942122186495175
0 0.7146302250803859 0.2990353697749196 0.15594855305466238 0.40514469453376206
0 0.590032154340836 0.3319935691318328 0.15755627009646303 0.3890675241157556
0 0.704983922829582 0.614951768488746 0.15112540192926044 0.4887459807073955
0 0.8207395498392283 0.3207395498392283 0.13344051446945338 0.3954983922829582
0 0.8078778135048231 0.6229903536977492 0.13183279742765272 0.45819935691318325
0 0.37942122186495175 0.4871382636655949 0.16559485530546625 0.7572347266881029
0 0.49437299035369775 0.3979099678456592 0.15434083601286175 0.5080385852090032
0 0.13585209003215434 0.49356913183279744 0.15594855305466238 0.864951768488746
0 0.3183279742765273 0.49115755627009644 0.15434083601286175 0.7620578778135049