0 0.16783216783216784 0.3120629370629371 0.050699300699300696 0.06293706293706294
0 0.3723776223776224 0.38636363636363635 0.08566433566433566 0.19055944055944055
0 0.8645104895104895 0.38986013986013984 0.12937062937062938 0.2062937062937063
0 0.548951048951049 0.40996503496503495 0.05944055944055944 0.10314685314685315
0 0.2534965034965035 0.42832167832167833 0.06643356643356643 0.12937062937062938
0 0.7176573426573427 0.41346153846153844 0.057692307692307696 0.1660839160839161
0 0.6652097902097902 0.42744755244755245 0.08741258741258741 0.2062937062937063
0 0.8033216783216783 0.4256993006993007 0.0472027972027972 0.0979020979020979
0 0.5891608391608392 0.4423076923076923 0.07692307692307693 0.1958041958041958
0 0.18793706293706294 0.4659090909090909 0.10314685314685315 0.28321678321678323
0 0.10139860139860139 0.4781468531468531 0.1520979020979021 0.3146853146853147
0 0.44755244755244755 0.4982517482517482 0.14685314685314685 0.34615384615384615
0 0.05244755244755245 0.5262237762237763 0.1048951048951049 0.5104895104895105
0 0.8846153846153846 0.5157342657342657 0.14160839160839161 0.3146853146853147
0 0.33916083916083917 0.5498251748251748 0.14335664335664336 0.40384615384615385
0 0.5218531468531469 0.5463286713286714 0.11713286713286714 0.4230769230769231
0 0.5917832167832168 0.5576923076923077 0.08216783216783216 0.42832167832167833
0 0.7692307692307693 0.5769230769230769 0.14160839160839161 0.41083916083916083
0 0.6311188811188811 0.6687062937062938 0.14160839160839161 0.5541958041958042
0 0.28846153846153844 0.7316433566433567 0.23776223776223776 0.5367132867132867
0 0.10664335664335664 0.7395104895104895 0.21328671328671328 0.5209790209790209
0 0.7001748251748252 0.7587412587412588 0.19230769230769232 0.4737762237762238
0 0.49475524475524474 0.7622377622377622 0.24125874125874125 0.4755244755244755
0 0.8723776223776224 0.7622377622377622 0.18181818181818182 0.45454545454545453