0 0.6588541666666666 0.4852430555555556 0.10416666666666667 0.390625
0 0.0703125 0.6041666666666666 0.140625 0.3784722222222222
0 0.9461805555555556 0.5850694444444444 0.1076388888888889 0.4826388888888889
0 0.8723958333333334 0.4704861111111111 0.11631944444444445 0.2986111111111111
0 0.8663194444444444 0.7065972222222222 0.1736111111111111 0.375
0 0.1762152777777778 0.3758680555555556 0.10416666666666667 0.24305555555555555
0 0.07465277777777778 0.3758680555555556 0.140625 0.2638888888888889
0 0.24739583333333334 0.4071180555555556 0.109375 0.2378472222222222
0 0.7647569444444444 0.6762152777777778 0.13194444444444445 0.3697916666666667
0 0.1519097222222222 0.6362847222222222 0.15104166666666666 0.3333333333333333
0 0.2743055555555556 0.6258680555555556 0.14583333333333334 0.3489583333333333
0 0.5703125 0.3984375 0.09375 0.1909722222222222
0 0.3385416666666667 0.4973958333333333 0.125 0.4375
0 0.7274305555555556 0.5095486111111112 0.08680555555555555 0.4392361111111111
0 0.4765625 0.3940972222222222 0.10243055555555555 0.2725694444444444
0 0.3897569444444444 0.4305555555555556 0.08680555555555555 0.3506944444444444
0 0.7673611111111112 0.5043402777777778 0.10416666666666667 0.3315972222222222
0 0.8289930555555556 0.4565972222222222 0.08680555555555555 0.2916666666666667
0 0.21875 0.5147569444444444 0.09895833333333333 0.22395833333333334