0 0.43238993710691825 0.25235849056603776 0.04559748427672956 0.11635220125786164
0 0.27044025157232704 0.26336477987421386 0.07547169811320754 0.139937106918239
0 0.18238993710691823 0.26808176100628933 0.07232704402515723 0.20754716981132076
0 0.4638364779874214 0.28852201257861637 0.04245283018867924 0.10062893081761007
0 0.539308176100629 0.29559748427672955 0.055031446540880505 0.12578616352201258
0 0.4033018867924528 0.2916666666666667 0.055031446540880505 0.13364779874213836
0 0.6069182389937107 0.3026729559748428 0.040880503144654086 0.10062893081761007
0 0.3231132075471698 0.2916666666666667 0.06761006289308176 0.139937106918239
0 0.36556603773584906 0.34040880503144655 0.09276729559748427 0.15880503144654087
0 0.21855345911949686 0.3419811320754717 0.09905660377358491 0.19025157232704404
0 0.4968553459119497 0.3663522012578616 0.0770440251572327 0.17295597484276728
0 0.27358490566037735 0.36477987421383645 0.059748427672955975 0.1540880503144654
0 0.6281446540880503 0.42452830188679247 0.06446540880503145 0.1540880503144654
0 0.7578616352201258 0.5699685534591195 0.1069182389937107 0.47327044025157233
0 0.5668238993710691 0.5778301886792453 0.11006289308176101 0.49842767295597484
0 0.42845911949685533 0.5778301886792453 0.1069182389937107 0.5094339622641509
0 0.8317610062893082 0.6045597484276729 0.15566037735849056 0.48742138364779874
0 0.7169811320754716 0.6124213836477987 0.11635220125786164 0.46855345911949686
0 0.2979559748427673 0.6037735849056604 0.0959119496855346 0.5251572327044025
0 0.6485849056603774 0.6226415094339622 0.14779874213836477 0.5204402515723271
0 0.5015723270440252 0.6360062893081762 0.15566037735849056 0.5487421383647799
0 0.2209119496855346 0.6320754716981132 0.1792452830188679 0.610062893081761
0 0.3694968553459119 0.6485849056603774 0.1619496855345912 0.6022012578616353