0 0.15594059405940594 0.7788778877887789 0.12046204620462046 0.44224422442244227
0 0.43234323432343236 0.7797029702970297 0.10561056105610561 0.4405940594059406
0 0.2607260726072607 0.7764026402640264 0.09900990099009901 0.4471947194719472
0 0.34983498349834985 0.7854785478547854 0.10891089108910891 0.429042904290429
0 0.7029702970297029 0.7945544554455446 0.07590759075907591 0.41089108910891087
0 0.7805280528052805 0.7871287128712872 0.09570957095709572 0.42574257425742573
0 0.5173267326732673 0.7953795379537953 0.09075907590759076 0.40924092409240925
0 0.6402640264026402 0.7904290429042904 0.066006600660066 0.41914191419141916
0 0.0594059405940594 0.8003300330033003 0.09900990099009901 0.39933993399339934
0 0.9216171617161716 0.7755775577557755 0.10066006600660066 0.44884488448844884
0 0.8547854785478548 0.7797029702970297 0.0924092409240924 0.4405940594059406
0 0.5792079207920792 0.7887788778877888 0.07260726072607261 0.42244224422442245