0 0.08608058608058608 0.6575091575091575 0.17216117216117216 0.5787545787545788
0 0.5604395604395604 0.7216117216117216 0.17399267399267399 0.5494505494505495
0 0.7133699633699634 0.7197802197802198 0.16483516483516483 0.510989010989011
0 0.4084249084249084 0.6923076923076923 0.16483516483516483 0.5732600732600732
0 0.8534798534798534 0.7307692307692307 0.16483516483516483 0.5274725274725275
0 0.23901098901098902 0.6831501831501832 0.163003663003663 0.5128205128205128
0 0.06043956043956044 0.5293040293040293 0.12087912087912088 0.6446886446886447
0 0.9597069597069597 0.45604395604395603 0.08058608058608059 0.358974358974359
0 0.3076923076923077 0.5604395604395604 0.1446886446886447 0.6025641025641025
0 0.9487179487179487 0.760989010989011 0.10073260073260074 0.4633699633699634
0 0.8525641025641025 0.4716117216117216 0.152014652014652 0.32234432234432236
0 0.6043956043956044 0.597985347985348 0.1282051282051282 0.5714285714285714
0 0.17032967032967034 0.5448717948717948 0.1391941391941392 0.5897435897435898
0 0.4597069597069597 0.5695970695970696 0.14102564102564102 0.5897435897435898
0 0.7289377289377289 0.4441391941391941 0.13736263736263737 0.2875457875457875