0 0.86484375 0.55859375 0.2421875 0.7640625
0 0.1671875 0.6078125 0.259375 0.784375
0 0.0890625 0.41953125 0.178125 0.7140625
0 0.5859375 0.66484375 0.246875 0.5140625
0 0.4875 0.365625 0.134375 0.390625
0 0.57734375 0.29140625 0.11875 0.3171875
0 0.6859375 0.39453125 0.1796875 0.321875
0 0.42265625 0.65703125 0.20625 0.5875
0 0.325 0.36640625 0.1234375 0.4109375
0 0.75 0.6515625 0.1796875 0.5015625
0 0.26875 0.67734375 0.2234375 0.559375
0 0.21953125 0.27109375 0.09375 0.284375
0 0.40859375 0.29453125 0.1234375 0.2390625
0 0.76328125 0.26484375 0.109375 0.2734375
0 0.66015625 0.25859375 0.109375 0.2671875