0 0.9025157232704403 0.5974842767295597 0.15566037735849056 0.5188679245283019
0 0.17767295597484276 0.5589622641509434 0.13364779874213836 0.46226415094339623
0 0.07783018867924528 0.5471698113207547 0.15566037735849056 0.5125786163522013
0 0.7177672955974843 0.6855345911949685 0.12421383647798742 0.45125786163522014
0 0.8089622641509434 0.5754716981132075 0.14622641509433962 0.4779874213836478
0 0.2775157232704403 0.6517295597484277 0.13836477987421383 0.44025157232704404
0 0.6210691823899371 0.6823899371069182 0.12421383647798742 0.45125786163522014
0 0.3789308176100629 0.6540880503144654 0.12264150943396226 0.4308176100628931
0 0.5361635220125787 0.6831761006289309 0.10377358490566038 0.4088050314465409
0 0.5911949685534591 0.4481132075471698 0.07389937106918239 0.21855345911949686
0 0.5165094339622641 0.4339622641509434 0.11006289308176101 0.24528301886792453
0 0.4638364779874214 0.6674528301886793 0.11477987421383648 0.4166666666666667
0 0.6470125786163522 0.44261006289308175 0.07861635220125786 0.2059748427672956
0 0.7177672955974843 0.4473270440251572 0.09433962264150944 0.2138364779874214
0 0.2555031446540881 0.5408805031446541 0.11477987421383648 0.45440251572327045
0 0.4449685534591195 0.4363207547169811 0.07861635220125786 0.22641509433962265
0 0.3341194968553459 0.42059748427672955 0.07861635220125786 0.22327044025157233
0 0.389937106918239 0.4190251572327044 0.0770440251572327 0.19968553459119498
0 0.9889937106918238 0.47641509433962265 0.0220125786163522 0.02830188679245283