0 0.08940972222222222 0.7430555555555556 0.1440972222222222 0.4895833333333333
0 0.3802083333333333 0.7534722222222222 0.1284722222222222 0.4878472222222222
0 0.1996527777777778 0.7439236111111112 0.12152777777777778 0.4947916666666667
0 0.2934027777777778 0.7569444444444444 0.13020833333333334 0.4756944444444444
0 0.6640625 0.7743055555555556 0.0954861111111111 0.4427083333333333
0 0.7456597222222222 0.7682291666666666 0.11631944444444445 0.4600694444444444
0 0.46875 0.7725694444444444 0.1111111111111111 0.4548611111111111
0 0.5980902777777778 0.7708333333333334 0.08506944444444445 0.4583333333333333
0 0.0234375 0.7630208333333334 0.046875 0.4427083333333333
0 0.8949652777777778 0.7595486111111112 0.1232638888888889 0.4809027777777778
0 0.8237847222222222 0.7621527777777778 0.11284722222222222 0.4756944444444444
0 0.5338541666666666 0.7673611111111112 0.0920138888888889 0.4652777777777778