0 0.9501748251748252 0.7115384615384616 0.09965034965034965 0.5769230769230769
0 0.09527972027972027 0.7884615384615384 0.19055944055944055 0.4125874125874126
0 0.8933566433566433 0.7867132867132867 0.2097902097902098 0.42657342657342656
0 0.5611888111888111 0.6643356643356644 0.15384615384615385 0.4965034965034965
0 0.2972027972027972 0.791958041958042 0.17482517482517482 0.4125874125874126
0 0.7106643356643356 0.7832167832167832 0.19055944055944055 0.43356643356643354
0 0.09965034965034965 0.5559440559440559 0.1888111888111888 0.2744755244755245
0 0.28059440559440557 0.5594405594405595 0.17132867132867133 0.34440559440559443
0 0.7062937062937062 0.5428321678321678 0.1590909090909091 0.263986013986014
0 0.4938811188811189 0.8041958041958042 0.2062937062937063 0.3811188811188811
0 0.8374125874125874 0.5655594405594405 0.15034965034965034 0.25524475524475526
0 0.42395104895104896 0.6695804195804196 0.15384615384615385 0.5