0 0.47796610169491527 0.12966101694915255 0.0288135593220339 0.07627118644067797
0 0.4245762711864407 0.16271186440677965 0.03559322033898305 0.07627118644067797
0 0.7466101694915255 0.15169491525423728 0.03898305084745763 0.0847457627118644
0 0.27796610169491526 0.1847457627118644 0.030508474576271188 0.08135593220338982
0 0.8567796610169491 0.15932203389830507 0.03898305084745763 0.08813559322033898
0 0.2711864406779661 0.21016949152542372 0.03389830508474576 0.08305084745762711
0 0.9059322033898305 0.16610169491525423 0.03389830508474576 0.08644067796610169
0 0.1788135593220339 0.21949152542372882 0.01864406779661017 0.07627118644067797
0 0.8864406779661017 0.17203389830508475 0.030508474576271188 0.08983050847457627
0 0.5466101694915254 0.20084745762711864 0.03559322033898305 0.09661016949152543
0 0.4483050847457627 0.21525423728813559 0.03559322033898305 0.08644067796610169
0 0.017796610169491526 0.2576271186440678 0.0288135593220339 0.04067796610169491
0 0.7516949152542373 0.22203389830508474 0.04406779661016949 0.10677966101694915
0 0.19152542372881357 0.2805084745762712 0.03220338983050847 0.1
0 0.003389830508474576 0.2957627118644068 0.006779661016949152 0.06949152542372881
0 0.8813559322033898 0.2771186440677966 0.03220338983050847 0.14576271186440679
0 0.21610169491525424 0.5169491525423728 0.07457627118644068 0.14745762711864407
0 0.9211864406779661 0.5059322033898305 0.05423728813559322 0.13389830508474576
0 0.6822033898305084 0.5508474576271186 0.04915254237288136 0.15084745762711865
0 0.3364406779661017 0.5847457627118644 0.06440677966101695 0.13728813559322034
0 0.07711864406779662 0.7194915254237289 0.09322033898305085 0.1576271186440678
0 0.8754237288135593 0.6728813559322034 0.0847457627118644 0.16101694915254236
0 0.7728813559322034 0.8084745762711865 0.07796610169491526 0.16101694915254236
0 0.9330508474576271 0.7991525423728814 0.07457627118644068 0.17796610169491525
0 0.09491525423728814 0.8720338983050847 0.08983050847457627 0.18305084745762712