0 0.8952145214521452 0.5470297029702971 0.20957095709570958 0.8960396039603961
0 0.7533003300330033 0.6674917491749175 0.14521452145214522 0.6584158415841584
0 0.07013201320132013 0.566006600660066 0.14026402640264027 0.8679867986798679
0 0.566006600660066 0.6864686468646864 0.13366336633663367 0.6270627062706271
0 0.19306930693069307 0.679042904290429 0.15841584158415842 0.641914191419142
0 0.44884488448844884 0.6798679867986799 0.16831683168316833 0.6402640264026402
0 0.31600660066006603 0.6716171617161716 0.15676567656765678 0.6567656765676567
0 0.15924092409240925 0.37706270627062705 0.1254125412541254 0.2508250825082508
0 0.6435643564356436 0.6724422442244224 0.12046204620462046 0.6518151815181518
0 0.6600660066006601 0.36386138613861385 0.07755775577557755 0.2590759075907591
0 0.5495049504950495 0.37706270627062705 0.11551155115511551 0.27887788778877887
0 0.4513201320132013 0.3613861386138614 0.31518151815181517 0.3102310231023102
0 0.24752475247524752 0.3712871287128713 0.0891089108910891 0.24587458745874588
0 0.3803630363036304 0.4018151815181518 0.0924092409240924 0.23927392739273928
0 0.24917491749174916 0.6245874587458746 0.10561056105610561 0.7508250825082509
0 0.3803630363036304 0.5206270627062707 0.0924092409240924 0.47854785478547857
0 0.754950495049505 0.44471947194719474 0.1485148514851485 0.44224422442244227
0 0.4521452145214521 0.38943894389438943 0.15346534653465346 0.22607260726072606