0 0.9334470989761092 0.6663822525597269 0.11604095563139932 0.6672354948805461
0 0.5051194539249146 0.6493174061433447 0.14334470989761092 0.7013651877133106
0 0.6237201365187713 0.6578498293515358 0.12116040955631399 0.6843003412969283
0 0.8293515358361775 0.6723549488054608 0.13310580204778158 0.6552901023890785
0 0.28924914675767915 0.6655290102389079 0.12798634812286688 0.6638225255972696
0 0.17747440273037543 0.6706484641638225 0.1348122866894198 0.6484641638225256
0 0.7201365187713311 0.6621160409556314 0.11604095563139932 0.6757679180887372
0 0.09129692832764505 0.5998293515358362 0.13993174061433447 0.7508532423208191
0 0.39590443686006827 0.659556313993174 0.11945392491467577 0.6791808873720137
0 0.24488054607508533 0.37372013651877134 0.06996587030716724 0.23720136518771331
0 0.7773037542662116 0.6339590443686007 0.09385665529010238 0.7013651877133106
0 0.3464163822525597 0.6339590443686007 0.08020477815699659 0.6638225255972696
0 0.628839590443686 0.37627986348122866 0.1416382252559727 0.257679180887372
0 0.4462457337883959 0.6186006825938567 0.08191126279863481 0.6552901023890785
0 0.44880546075085326 0.38993174061433444 0.07849829351535836 0.19795221843003413