0 0.6309121621621622 0.5768581081081081 0.40033783783783783 0.625
0 0.2972972972972973 0.6326013513513513 0.36824324324324326 0.7347972972972973
0 0.49493243243243246 0.28800675675675674 0.07432432432432433 0.13851351351351351
0 0.5717905405405406 0.28969594594594594 0.09628378378378379 0.16891891891891891
0 0.3091216216216216 0.28800675675675674 0.08783783783783784 0.16722972972972974
0 0.24662162162162163 0.28716216216216217 0.0945945945945946 0.20945945945945946
0 0.6275337837837838 0.2947635135135135 0.06925675675675676 0.1891891891891892
0 0.39442567567567566 0.2702702702702703 0.11486486486486487 0.17567567567567569
0 0.10557432432432433 0.45861486486486486 0.16722972972972974 0.4341216216216216
0 0.6579391891891891 0.33361486486486486 0.06925675675675676 0.1570945945945946
0 0.16047297297297297 0.28631756756756754 0.060810810810810814 0.1266891891891892
0 0.6951013513513513 0.34121621621621623 0.06756756756756757 0.18243243243243243