0 0.7465870307167235 0.3575085324232082 0.10921501706484642 0.30887372013651876
0 0.1552901023890785 0.3796928327645051 0.07679180887372014 0.15699658703071673
0 0.5887372013651877 0.5443686006825939 0.10580204778156997 0.5938566552901023
0 0.386518771331058 0.5546075085324232 0.11433447098976109 0.658703071672355
0 0.4616040955631399 0.5716723549488054 0.14846416382252559 0.5716723549488054
0 0.6424914675767918 0.5844709897610921 0.11433447098976109 0.5648464163822525
0 0.5307167235494881 0.5810580204778157 0.09726962457337884 0.5221843003412969
0 0.8762798634812287 0.5998293515358362 0.24744027303754265 0.8003412969283277
0 0.8302047781569966 0.6006825938566553 0.15870307167235495 0.7986348122866894
0 0.7397610921501706 0.6407849829351536 0.13651877133105803 0.6075085324232082
0 0.08361774744027303 0.5861774744027304 0.16723549488054607 0.8037542662116041
0 0.197098976109215 0.5947098976109215 0.18600682593856654 0.7952218430034129
0 0.9283276450511946 0.6237201365187713 0.14334470989761092 0.7525597269624573
0 0.310580204778157 0.6450511945392492 0.13651877133105803 0.6996587030716723