0 0.8472727272727273 0.23 0.3054545454545455 0.28909090909090907
0 0.9772727272727273 0.25636363636363635 0.045454545454545456 0.2727272727272727
0 0.6509090909090909 0.2872727272727273 0.24181818181818182 0.27636363636363637
0 0.4381818181818182 0.29545454545454547 0.2909090909090909 0.32545454545454544
0 0.67 0.4409090909090909 0.22727272727272727 0.24181818181818182
0 0.8727272727272727 0.4481818181818182 0.2545454545454545 0.39090909090909093
0 0.9063636363636364 0.49727272727272726 0.18727272727272729 0.2309090909090909
0 0.47545454545454546 0.48727272727272725 0.22545454545454546 0.3472727272727273
0 0.09454545454545454 0.5290909090909091 0.1890909090909091 0.6290909090909091
0 0.15181818181818182 0.64 0.30363636363636365 0.7054545454545454
0 0.30454545454545456 0.7154545454545455 0.44181818181818183 0.5690909090909091
0 0.6836363636363636 0.7427272727272727 0.45454545454545453 0.5145454545454545
0 0.8245454545454546 0.7972727272727272 0.34363636363636363 0.40545454545454546