0 0.4441391941391941 0.4716117216117216 0.056776556776556776 0.17582417582417584
0 0.1043956043956044 0.49725274725274726 0.07142857142857142 0.1575091575091575
0 0.5796703296703297 0.46886446886446886 0.06043956043956044 0.17399267399267399
0 0.2206959706959707 0.4816849816849817 0.056776556776556776 0.163003663003663
0 0.6703296703296703 0.47985347985347987 0.056776556776556776 0.16117216117216118
0 0.4880952380952381 0.47619047619047616 0.045787545787545784 0.1575091575091575
0 0.7234432234432234 0.47893772893772896 0.06227106227106227 0.16117216117216118
0 0.3315018315018315 0.4826007326007326 0.0695970695970696 0.152014652014652
0 0.8461538461538461 0.46886446886446886 0.07142857142857142 0.17765567765567766
0 0.2765567765567766 0.48626373626373626 0.056776556776556776 0.152014652014652
0 0.3901098901098901 0.47619047619047616 0.06227106227106227 0.16666666666666666
0 0.7875457875457875 0.4652014652014652 0.07509157509157509 0.18864468864468864
0 0.9001831501831502 0.4661172161172161 0.06593406593406594 0.18681318681318682
0 0.532051282051282 0.4661172161172161 0.05860805860805861 0.17216117216117216
0 0.9871794871794872 0.4633699633699634 0.02564102564102564 0.19413919413919414
0 0.9587912087912088 0.45146520146520147 0.08058608058608059 0.20512820512820512
0 0.6245421245421245 0.4734432234432234 0.05128205128205128 0.15934065934065933
0 0.27289377289377287 0.3626373626373626 0.05311355311355311 0.17582417582417584
0 0.3241758241758242 0.3305860805860806 0.06043956043956044 0.1282051282051282
0 0.434981684981685 0.32234432234432236 0.05860805860805861 0.13553113553113552
0 0.38461538461538464 0.33516483516483514 0.05128205128205128 0.11904761904761904
0 0.543040293040293 0.31868131868131866 0.06593406593406594 0.13736263736263737
0 0.6062271062271062 0.3608058608058608 0.05128205128205128 0.12087912087912088
0 0.48626373626373626 0.33791208791208793 0.056776556776556776 0.1282051282051282
0 0.739010989010989 0.31043956043956045 0.07142857142857142 0.14102564102564102
0 0.6648351648351648 0.37454212454212454 0.05860805860805861 0.163003663003663
0 0.8644688644688645 0.3553113553113553 0.06593406593406594 0.152014652014652
0 0.7234432234432234 0.39377289377289376 0.07142857142857142 0.12637362637362637
0 0.8122710622710623 0.3608058608058608 0.0641025641025641 0.13186813186813187
0 0.16941391941391942 0.48443223443223443 0.06593406593406594 0.16483516483516483