0 0.05855018587360595 0.6747211895910781 0.1171003717472119 0.5427509293680297
0 0.13382899628252787 0.41263940520446096 0.1449814126394052 0.5631970260223048
0 0.8996282527881041 0.3986988847583643 0.16728624535315986 0.7732342007434945
0 0.9553903345724907 0.7351301115241635 0.08921933085501858 0.5223048327137546
0 0.8513011152416357 0.716542750929368 0.25092936802973975 0.5297397769516728
0 0.2871747211895911 0.4107806691449814 0.19888475836431227 0.516728624535316
0 0.4851301115241636 0.7026022304832714 0.2137546468401487 0.5371747211895911
0 0.3187732342007435 0.7193308550185874 0.1654275092936803 0.45353159851301117
0 0.9739776951672863 0.3847583643122677 0.05204460966542751 0.5650557620817844
0 0.6068773234200744 0.3847583643122677 0.15613382899628253 0.483271375464684
0 0.1607806691449814 0.7202602230483272 0.21933085501858737 0.4795539033457249
0 0.7843866171003717 0.2825278810408922 0.13197026022304834 0.5408921933085502
0 0.7434944237918215 0.508364312267658 0.16171003717472118 0.6245353159851301
0 0.6096654275092936 0.7026022304832714 0.12453531598513011 0.5055762081784386
0 0.4275092936802974 0.5018587360594795 0.17286245353159851 0.6486988847583643
0 0.49814126394052044 0.23327137546468402 0.1449814126394052 0.46654275092936803
0 0.387546468401487 0.18587360594795538 0.12453531598513011 0.37174721189591076
0 0.70817843866171 0.7481412639405205 0.13940520446096655 0.40892193308550184
0 0.2527881040892193 0.34572490706319703 0.12453531598513011 0.6282527881040892
0 0.662639405204461 0.17472118959107807 0.0762081784386617 0.32342007434944237