0 0.08770491803278689 0.5139344262295082 0.17540983606557378 0.5459016393442623
0 0.8565573770491803 0.7901639344262295 0.25081967213114753 0.3590163934426229
0 0.8131147540983606 0.5508196721311476 0.19508196721311474 0.6180327868852459
0 0.230327868852459 0.7024590163934427 0.2 0.4081967213114754
0 0.38524590163934425 0.7188524590163935 0.16065573770491803 0.4180327868852459
0 0.24918032786885247 0.4319672131147541 0.1540983606557377 0.37540983606557377
0 0.669672131147541 0.45737704918032784 0.17049180327868851 0.4360655737704918
0 0.5204918032786885 0.7442622950819672 0.1377049180327869 0.3836065573770492
0 0.648360655737705 0.7549180327868853 0.17868852459016393 0.35081967213114756
0 0.5622950819672131 0.46475409836065573 0.1377049180327869 0.3885245901639344
0 0.19344262295081968 0.32295081967213113 0.12786885245901639 0.48688524590163934
0 0.6131147540983607 0.23442622950819672 0.14098360655737704 0.3081967213114754
0 0.2778688524590164 0.21967213114754097 0.11475409836065574 0.2786885245901639
0 0.3614754098360656 0.5393442622950819 0.16065573770491803 0.5049180327868853
0 0.45737704918032784 0.22704918032786886 0.12295081967213115 0.3377049180327869
0 0.45737704918032784 0.5221311475409836 0.1360655737704918 0.5163934426229508
0 0.12459016393442623 0.3122950819672131 0.12131147540983607 0.46885245901639344
0 0.3639344262295082 0.25245901639344265 0.11639344262295082 0.3360655737704918
0 0.8860655737704918 0.2959016393442623 0.12786885245901639 0.31475409836065577
0 0.7786885245901639 0.3188524590163934 0.12786885245901639 0.3639344262295082
0 0.5270491803278688 0.26639344262295084 0.1377049180327869 0.3
0 0.7024590163934427 0.2336065573770492 0.10819672131147541 0.26721311475409837