0 0.08818181818181818 0.6590909090909091 0.14363636363636365 0.649090909090909
0 0.9663636363636363 0.7872727272727272 0.06 0.4254545454545455
0 0.042727272727272725 0.6272727272727273 0.08545454545454545 0.6618181818181819
0 0.7472727272727273 0.7845454545454545 0.12 0.41818181818181815
0 0.5954545454545455 0.639090909090909 0.11090909090909092 0.5818181818181818
0 0.5218181818181818 0.7818181818181819 0.12 0.43636363636363634
0 0.8227272727272728 0.6236363636363637 0.12363636363636364 0.5945454545454546
0 0.41545454545454547 0.7663636363636364 0.12545454545454546 0.4581818181818182
0 0.36 0.639090909090909 0.12181818181818181 0.6327272727272727
0 0.8645454545454545 0.7954545454545454 0.12545454545454546 0.4090909090909091
0 0.7363636363636363 0.5309090909090909 0.09818181818181818 0.3472727272727273
0 0.28 0.7890909090909091 0.13272727272727272 0.4109090909090909
0 0.6463636363636364 0.7990909090909091 0.10909090909090909 0.4
0 0.16545454545454547 0.7927272727272727 0.12 0.39454545454545453
0 0.9045454545454545 0.6518181818181819 0.11454545454545455 0.6
0 0.4509090909090909 0.639090909090909 0.11454545454545455 0.5963636363636363
0 0.6627272727272727 0.5136363636363637 0.09454545454545454 0.3709090909090909
0 0.9718181818181818 0.5409090909090909 0.056363636363636366 0.3290909090909091
0 0.19363636363636363 0.5490909090909091 0.10545454545454545 0.4163636363636364
0 0.28545454545454546 0.5072727272727273 0.09454545454545454 0.32727272727272727
0 0.5236363636363637 0.49454545454545457 0.08 0.2781818181818182
0 0.7072727272727273 0.3881818181818182 0.05818181818181818 0.15454545454545454
0 0.8727272727272727 0.39 0.05818181818181818 0.14363636363636365
0 0.5681818181818182 0.3836363636363636 0.05454545454545454 0.17636363636363636
0 0.1481818181818182 0.3881818181818182 0.07090909090909091 0.1690909090909091
0 0.23636363636363636 0.5272727272727272 0.07272727272727272 0.4127272727272727
0 0.7654545454545455 0.37636363636363634 0.06545454545454546 0.15454545454545454
0 0.6345454545454545 0.36727272727272725 0.045454545454545456 0.15454545454545454
0 0.3209090909090909 0.38636363636363635 0.04181818181818182 0.12545454545454546
0 0.4909090909090909 0.37 0.04909090909090909 0.1618181818181818
0 0.96 0.40454545454545454 0.06363636363636363 0.18