0 0.12065972222222222 0.6414930555555556 0.234375 0.7170138888888888
0 0.8975694444444444 0.6241319444444444 0.2048611111111111 0.703125
0 0.7890625 0.6571180555555556 0.16666666666666666 0.6527777777777778
0 0.1814236111111111 0.7152777777777778 0.1857638888888889 0.5694444444444444
0 0.7326388888888888 0.7543402777777778 0.19618055555555555 0.4704861111111111
0 0.5807291666666666 0.7430555555555556 0.2170138888888889 0.5138888888888888
0 0.3255208333333333 0.7673611111111112 0.2204861111111111 0.4652777777777778
0 0.4522569444444444 0.7430555555555556 0.2309027777777778 0.5034722222222222
0 0.2673611111111111 0.4826388888888889 0.1232638888888889 0.2899305555555556
0 0.5086805555555556 0.4809027777777778 0.1597222222222222 0.2847222222222222
0 0.3845486111111111 0.4791666666666667 0.16319444444444445 0.328125
0 0.6519097222222222 0.4887152777777778 0.1736111111111111 0.3489583333333333