0 0.874113475177305 0.6356382978723404 0.15070921985815602 0.5460992907801419
0 0.7659574468085106 0.6347517730496454 0.16843971631205673 0.5531914893617021
0 0.21897163120567376 0.6578014184397163 0.17553191489361702 0.46631205673758863
0 0.36879432624113473 0.6852836879432624 0.12411347517730496 0.42730496453900707
0 0.0851063829787234 0.6365248226950354 0.1400709219858156 0.48226950354609927
0 0.6693262411347518 0.650709219858156 0.13829787234042554 0.5301418439716312
0 0.40868794326241137 0.6196808510638298 0.12411347517730496 0.48226950354609927
0 0.14095744680851063 0.6524822695035462 0.12056737588652482 0.450354609929078
0 0.5203900709219859 0.6542553191489362 0.1347517730496454 0.4929078014184397
0 0.5957446808510638 0.649822695035461 0.11524822695035461 0.5106382978723404
0 0.32180851063829785 0.6533687943262412 0.09397163120567376 0.45567375886524825
0 0.6852836879432624 0.4219858156028369 0.06028368794326241 0.12056737588652482
0 0.2712765957446808 0.6391843971631206 0.0851063829787234 0.4237588652482269
0 0.2721631205673759 0.4592198581560284 0.0549645390070922 0.10638297872340426
0 0.4441489361702128 0.4521276595744681 0.05319148936170213 0.12056737588652482
0 0.6117021276595744 0.4308510638297872 0.05319148936170213 0.1276595744680851
0 0.4804964539007092 0.6400709219858156 0.10106382978723404 0.4716312056737589
0 0.4769503546099291 0.5328014184397163 0.08156028368794327 0.24822695035460993