0 0.1523809523809524 0.5698412698412698 0.25555555555555554 0.6984126984126984
0 0.31746031746031744 0.6642857142857143 0.20952380952380953 0.5317460317460317
0 0.4492063492063492 0.6603174603174603 0.16666666666666666 0.49682539682539684
0 0.5650793650793651 0.5984126984126984 0.14285714285714285 0.5746031746031746
0 0.6761904761904762 0.5873015873015873 0.15873015873015872 0.5333333333333333
0 0.9087301587301587 0.5888888888888889 0.18095238095238095 0.573015873015873
0 0.7833333333333333 0.5555555555555556 0.16507936507936508 0.5587301587301587
0 0.6150793650793651 0.29285714285714287 0.15555555555555556 0.2492063492063492
0 0.26031746031746034 0.4507936507936508 0.13015873015873017 0.29365079365079366
0 0.36428571428571427 0.4126984126984127 0.09841269841269841 0.20476190476190476
0 0.6285714285714286 0.36587301587301585 0.06349206349206349 0.12857142857142856
0 0.719047619047619 0.37857142857142856 0.05714285714285714 0.10952380952380952
0 0.49523809523809526 0.3817460317460317 0.14285714285714285 0.2698412698412698
0 0.3119047619047619 0.36666666666666664 0.06507936507936508 0.10793650793650794