0 0.9459219858156028 0.6737588652482269 0.10815602836879433 0.574468085106383
0 0.04875886524822695 0.5904255319148937 0.0975177304964539 0.624113475177305
0 0.6640070921985816 0.750886524822695 0.17375886524822695 0.44858156028368795
0 0.09574468085106383 0.6108156028368794 0.14361702127659576 0.5691489361702128
0 0.7881205673758865 0.7632978723404256 0.15602836879432624 0.4450354609929078
0 0.36613475177304966 0.6374113475177305 0.15780141843971632 0.574468085106383
0 0.8528368794326241 0.6817375886524822 0.1595744680851064 0.5780141843971631
0 0.28900709219858156 0.7650709219858156 0.14361702127659576 0.3723404255319149
0 0.19946808510638298 0.6179078014184397 0.1524822695035461 0.5638297872340425
0 0.549645390070922 0.7420212765957447 0.13120567375886524 0.44148936170212766
0 0.6019503546099291 0.5168439716312057 0.10106382978723404 0.24645390070921985
0 0.6063829787234043 0.3625886524822695 0.0975177304964539 0.2712765957446808
0 0.6950354609929078 0.4166666666666667 0.1099290780141844 0.2553191489361702
0 0.7606382978723404 0.5292553191489362 0.10815602836879433 0.2712765957446808
0 0.45390070921985815 0.3475177304964539 0.09574468085106383 0.24113475177304963
0 0.4574468085106383 0.776595744680851 0.13120567375886524 0.32978723404255317
0 0.5168439716312057 0.350177304964539 0.0673758865248227 0.2570921985815603
0 0.35106382978723405 0.3191489361702128 0.11170212765957446 0.28368794326241137
0 0.6906028368794326 0.5514184397163121 0.07624113475177305 0.18971631205673758
0 0.5159574468085106 0.550531914893617 0.10638297872340426 0.3404255319148936
0 0.2393617021276596 0.3324468085106383 0.08333333333333333 0.2127659574468085
0 0.17109929078014185 0.34574468085106386 0.07446808510638298 0.18617021276595744
0 0.27570921985815605 0.5425531914893617 0.10638297872340426 0.35815602836879434
0 0.43882978723404253 0.62322695035461 0.10638297872340426 0.5070921985815603
0 0.6613475177304965 0.36436170212765956 0.06914893617021277 0.2393617021276596
0 0.42109929078014185 0.31648936170212766 0.07624113475177305 0.2624113475177305
0 0.5602836879432624 0.35638297872340424 0.06028368794326241 0.25
0 0.6640070921985816 0.2632978723404255 0.08687943262411348 0.15070921985815602
0 0.2969858156028369 0.28191489361702127 0.07624113475177305 0.22163120567375885
0 0.030141843971631204 0.3271276595744681 0.0549645390070922 0.20212765957446807
0 0.9716312056737588 0.44148936170212766 0.05673758865248227 0.2907801418439716
0 0.7881205673758865 0.40602836879432624 0.07801418439716312 0.13829787234042554
0 0.10815602836879433 0.3262411347517731 0.0851063829787234 0.14716312056737588