0 0.8789556962025317 0.7223101265822784 0.12183544303797468 0.5522151898734177
0 0.7634493670886076 0.7349683544303798 0.10917721518987342 0.5300632911392406
0 0.23417721518987342 0.7151898734177216 0.1360759493670886 0.5664556962025317
0 0.555379746835443 0.7143987341772152 0.11708860759493671 0.5712025316455697
0 0.11867088607594936 0.7231012658227848 0.13449367088607594 0.5395569620253164
0 0.6574367088607594 0.7436708860759493 0.10284810126582279 0.5079113924050633
0 0.4509493670886076 0.7183544303797469 0.10284810126582279 0.5617088607594937
0 0.3425632911392405 0.7238924050632911 0.12974683544303797 0.5522151898734177
0 0.13686708860759494 0.40585443037974683 0.11075949367088607 0.30063291139240506
0 0.6289556962025317 0.4319620253164557 0.08386075949367089 0.23575949367088608
0 0.497626582278481 0.439873417721519 0.07436708860759493 0.3291139240506329
0 0.3884493670886076 0.4311708860759494 0.08860759493670886 0.23417721518987342
0 0.2175632911392405 0.4525316455696203 0.0981012658227848 0.2848101265822785
0 0.435126582278481 0.37104430379746833 0.06962025316455696 0.18829113924050633
0 0.31170886075949367 0.4248417721518987 0.08860759493670886 0.2958860759493671
0 0.5537974683544303 0.4295886075949367 0.08069620253164557 0.23734177215189872
0 0.9216772151898734 0.5474683544303798 0.08386075949367089 0.4098101265822785
0 0.680379746835443 0.47943037974683544 0.07120253164556962 0.34968354430379744
0 0.8204113924050633 0.4549050632911392 0.09968354430379747 0.28955696202531644
0 0.2666139240506329 0.34572784810126583 0.06487341772151899 0.16930379746835442
0 0.7507911392405063 0.439873417721519 0.07436708860759493 0.20253164556962025
0 0.5854430379746836 0.3552215189873418 0.05063291139240506 0.14240506329113925
0 0.7816455696202531 0.3528481012658228 0.04588607594936709 0.15031645569620253
0 0.7128164556962026 0.3670886075949367 0.0379746835443038 0.16930379746835442