0 0.36073825503355705 0.23573825503355705 0.06543624161073826 0.13087248322147652
0 0.19379194630872484 0.25419463087248323 0.07214765100671142 0.12583892617449666
0 0.0964765100671141 0.2684563758389262 0.07046979865771812 0.16610738255033558
0 0.33053691275167785 0.26174496644295303 0.0587248322147651 0.15100671140939598
0 0.4110738255033557 0.2634228187919463 0.06040268456375839 0.15436241610738255
0 0.5654362416107382 0.2978187919463087 0.03355704697986577 0.10067114093959731
0 0.6283557046979866 0.3104026845637584 0.04697986577181208 0.1476510067114094
0 0.49580536912751677 0.3238255033557047 0.08053691275167785 0.2751677852348993
0 0.5486577181208053 0.3640939597315436 0.0587248322147651 0.22651006711409397
0 0.4538590604026846 0.3766778523489933 0.10067114093959731 0.33557046979865773
0 0.5855704697986577 0.38338926174496646 0.11577181208053691 0.2214765100671141
0 0.6325503355704698 0.3875838926174497 0.053691275167785234 0.30201342281879195
0 0.6619127516778524 0.401006711409396 0.06040268456375839 0.25
0 0.7030201342281879 0.4077181208053691 0.09060402684563758 0.25
0 0.2516778523489933 0.4588926174496644 0.11577181208053691 0.5771812080536913
0 0.3179530201342282 0.47315436241610737 0.10067114093959731 0.4865771812080537
0 0.7416107382550335 0.45302013422818793 0.0738255033557047 0.45302013422818793
0 0.38674496644295303 0.4815436241610738 0.1040268456375839 0.4697986577181208
0 0.17030201342281878 0.4941275167785235 0.14261744966442952 0.5788590604026845
0 0.07802013422818792 0.537751677852349 0.15604026845637584 0.6560402684563759
0 0.7885906040268457 0.5050335570469798 0.1040268456375839 0.4278523489932886
0 0.5109060402684564 0.5604026845637584 0.07718120805369127 0.2802013422818792
0 0.6929530201342282 0.5796979865771812 0.12919463087248323 0.3959731543624161
0 0.44211409395973156 0.6015100671140939 0.10906040268456375 0.3288590604026846
0 0.06711409395973154 0.6728187919463087 0.1342281879194631 0.5369127516778524