0 0.8303571428571429 0.5919642857142857 0.22142857142857142 0.7803571428571429
0 0.07053571428571428 0.6125 0.14107142857142857 0.6535714285714286
0 0.4669642857142857 0.70625 0.20892857142857144 0.5875
0 0.14910714285714285 0.6446428571428572 0.18928571428571428 0.6785714285714286
0 0.32857142857142857 0.7196428571428571 0.20714285714285716 0.5607142857142857
0 0.6276785714285714 0.7107142857142857 0.21071428571428572 0.5732142857142857
0 0.73125 0.5830357142857143 0.15178571428571427 0.6535714285714286
0 0.44107142857142856 0.33214285714285713 0.10178571428571428 0.19107142857142856
0 0.37589285714285714 0.24375 0.10178571428571428 0.22321428571428573
0 0.5276785714285714 0.4160714285714286 0.14107142857142857 0.3107142857142857
0 0.6473214285714286 0.4089285714285714 0.14464285714285716 0.3535714285714286
0 0.3875 0.4419642857142857 0.125 0.28214285714285714
0 0.3205357142857143 0.41160714285714284 0.12857142857142856 0.3267857142857143
0 0.475 0.24285714285714285 0.0875 0.20714285714285716
0 0.225 0.6 0.16607142857142856 0.6678571428571428
0 0.19196428571428573 0.26875 0.11785714285714285 0.22678571428571428
0 0.2839285714285714 0.26517857142857143 0.08571428571428572 0.21785714285714286
0 0.6330357142857143 0.2526785714285714 0.1125 0.2017857142857143
0 0.5428571428571428 0.25089285714285714 0.07678571428571429 0.20357142857142857
0 0.5758928571428571 0.33482142857142855 0.07321428571428572 0.18035714285714285
0 0.25892857142857145 0.4375 0.07678571428571429 0.33035714285714285