0 0.7435897435897436 0.6886446886446886 0.31868131868131866 0.6117216117216118
0 0.14835164835164835 0.5686813186813187 0.2490842490842491 0.8626373626373627
0 0.9478021978021978 0.5494505494505495 0.1043956043956044 0.8571428571428571
0 0.27564102564102566 0.7188644688644689 0.29120879120879123 0.5622710622710623
0 0.891941391941392 0.5824175824175825 0.2087912087912088 0.8021978021978022
0 0.7142857142857143 0.3534798534798535 0.20512820512820512 0.4194139194139194
0 0.5695970695970696 0.5659340659340659 0.1978021978021978 0.73992673992674
0 0.45879120879120877 0.47802197802197804 0.15018315018315018 0.5384615384615384
0 0.6190476190476191 0.25824175824175827 0.0989010989010989 0.19413919413919414
0 0.7884615384615384 0.2683150183150183 0.1227106227106227 0.33882783882783885
0 0.33516483516483514 0.49725274725274726 0.19597069597069597 0.532967032967033
0 0.3333333333333333 0.2793040293040293 0.18681318681318682 0.2765567765567766