0 0.17287234042553193 0.6613475177304965 0.34574468085106386 0.648936170212766
0 0.43882978723404253 0.6852836879432624 0.3280141843971631 0.6294326241134752
0 0.7083333333333334 0.6666666666666666 0.3599290780141844 0.6666666666666666
0 0.27393617021276595 0.3776595744680851 0.11347517730496454 0.16489361702127658
0 0.8014184397163121 0.43351063829787234 0.24113475177304963 0.2765957446808511
0 0.40691489361702127 0.3625886524822695 0.1879432624113475 0.1773049645390071
0 0.5585106382978723 0.4237588652482269 0.18085106382978725 0.20921985815602837
0 0.5487588652482269 0.3484042553191489 0.16489361702127658 0.13652482269503546
0 0.7375886524822695 0.3333333333333333 0.17375886524822695 0.12056737588652482
0 0.3351063829787234 0.45390070921985815 0.15602836879432624 0.17907801418439717
0 0.32358156028368795 0.6081560283687943 0.18439716312056736 0.4929078014184397
0 0.6914893617021277 0.3200354609929078 0.07446808510638298 0.09042553191489362