0 0.11623616236162361 0.6761992619926199 0.22324723247232472 0.6383763837638377
0 0.44649446494464945 0.6992619926199262 0.2066420664206642 0.6014760147601476
0 0.9123616236162362 0.6881918819188192 0.1752767527675277 0.6236162361623616
0 0.2859778597785978 0.6900369003690037 0.18081180811808117 0.6162361623616236
0 0.6143911439114391 0.6817343173431735 0.19557195571955718 0.6365313653136532
0 0.7739852398523985 0.7011070110701108 0.16420664206642066 0.5977859778597786
0 0.35977859778597787 0.4326568265682657 0.13837638376383765 0.37822878228782286
0 0.8311808118081181 0.4151291512915129 0.13653136531365315 0.3892988929889299
0 0.6900369003690037 0.4252767527675277 0.12361623616236163 0.37453874538745385
0 0.496309963099631 0.43911439114391143 0.18081180811808117 0.34870848708487084
0 0.9584870848708487 0.5009225092250923 0.08302583025830258 0.4188191881918819
0 0.20018450184501846 0.4040590405904059 0.12915129151291513 0.37822878228782286