0 0.6621621621621622 0.19932432432432431 0.07601351351351351 0.15878378378378377
0 0.11148648648648649 0.25084459459459457 0.11148648648648649 0.30236486486486486
0 0.25253378378378377 0.23986486486486486 0.0777027027027027 0.22466216216216217
0 0.41469594594594594 0.5194256756756757 0.1891891891891892 0.8868243243243243
0 0.8859797297297297 0.4847972972972973 0.22804054054054054 0.9695945945945946
0 0.5675675675675675 0.5329391891891891 0.14020270270270271 0.7787162162162162
0 0.15118243243243243 0.5540540540540541 0.19087837837837837 0.8918918918918919
0 0.7423986486486487 0.5253378378378378 0.23479729729729729 0.9172297297297297
0 0.839527027027027 0.5152027027027027 0.19932432432432431 0.9172297297297297
0 0.4966216216216216 0.5692567567567568 0.21621621621621623 0.8530405405405406
0 0.22804054054054054 0.5760135135135135 0.23648648648648649 0.847972972972973
0 0.625 0.5616554054054054 0.20101351351351351 0.8631756756756757
0 0.09797297297297297 0.5878378378378378 0.19594594594594594 0.8243243243243243
0 0.3530405405405405 0.5886824324324325 0.20608108108108109 0.8226351351351351