0 0.9256505576208178 0.6031598513011153 0.14869888475836432 0.7565055762081785
0 0.5241635687732342 0.7555762081784386 0.137546468401487 0.4888475836431227
0 0.30855018587360594 0.7434944237918215 0.13011152416356878 0.5037174721189591
0 0.41356877323420077 0.7397769516728625 0.1412639405204461 0.5185873605947955
0 0.08643122676579926 0.7230483271375465 0.14869888475836432 0.5297397769516728
0 0.7871747211895911 0.3271375464684015 0.13011152416356878 0.45724907063197023
0 0.019516728624535316 0.7137546468401487 0.03903345724907063 0.49070631970260226
0 0.25 0.4684014869888476 0.10594795539033457 0.27695167286245354
0 0.20260223048327136 0.7388475836431226 0.13382899628252787 0.5055762081784386
0 0.07063197026022305 0.1691449814126394 0.13382899628252787 0.3382899628252788
0 0.7007434944237918 0.1524163568773234 0.09665427509293681 0.2955390334572491
0 0.3559479553903346 0.1570631970260223 0.10966542750929369 0.3141263940520446
0 0.5529739776951673 0.48698884758364314 0.12453531598513011 0.2843866171003718
0 0.7964684014869888 0.7723048327137546 0.15055762081784388 0.45539033457249073
0 0.4479553903345725 0.48605947955390333 0.10780669144981413 0.2695167286245353
0 0.03810408921933085 0.4767657992565056 0.0762081784386617 0.23605947955390336
0 0.6236059479553904 0.7444237918215614 0.12267657992565056 0.4646840148698885
0 0.34386617100371747 0.48605947955390333 0.09293680297397769 0.26394052044609667
0 0.6133828996282528 0.14405204460966542 0.09665427509293681 0.2843866171003718
0 0.09758364312267657 0.34944237918215615 0.11524163568773234 0.25650557620817843
0 0.21468401486988847 0.14776951672862454 0.10966542750929369 0.2955390334572491
0 0.7016728624535316 0.7397769516728625 0.120817843866171 0.4312267657992565
0 0.7434944237918215 0.49907063197026025 0.09851301115241635 0.2342007434944238
0 0.5027881040892194 0.13382899628252787 0.09479553903345725 0.26765799256505574
0 0.6552044609665427 0.4879182156133829 0.09665427509293681 0.2100371747211896
0 0.3420074349442379 0.3652416356877323 0.09665427509293681 0.26394052044609667
0 0.6858736059479554 0.34572490706319703 0.11152416356877323 0.26022304832713755
0 0.18401486988847585 0.39219330855018586 0.09107806691449814 0.2342007434944238
0 0.6115241635687733 0.3355018587360595 0.09293680297397769 0.30855018587360594
0 0.2732342007434944 0.3131970260223048 0.11895910780669144 0.2620817843866171
0 0.1412639405204461 0.6607806691449815 0.10408921933085502 0.570631970260223
0 0.2908921933085502 0.11431226765799256 0.0687732342007435 0.22862453531598512
0 0.4368029739776952 0.15148698884758363 0.08921933085501858 0.30297397769516726
0 0.14312267657992564 0.1366171003717472 0.07434944237918216 0.2732342007434944
0 0.49256505576208176 0.31970260223048325 0.07992565055762081 0.2732342007434944
0 0.18308550185873607 0.25650557620817843 0.10223048327137546 0.17657992565055763
0 0.4340148698884758 0.3429368029739777 0.07992565055762081 0.24535315985130113
0 0.5604089219330854 0.3671003717472119 0.11338289962825279 0.24349442379182157
0 0.5399628252788105 0.12825278810408922 0.07806691449814127 0.25650557620817843