0 0.085 0.5275 0.125 0.8133333333333334
0 0.915 0.48583333333333334 0.14166666666666666 0.875
0 0.7166666666666667 0.6616666666666666 0.195 0.6466666666666666
0 0.2925 0.675 0.15 0.645
0 0.19333333333333333 0.5058333333333334 0.13333333333333333 0.8233333333333334
0 0.43 0.6708333333333333 0.15333333333333332 0.64
0 0.7916666666666666 0.5 0.13666666666666666 0.8216666666666667
0 0.5316666666666666 0.2841666666666667 0.14333333333333334 0.41333333333333333
0 0.5675 0.6333333333333333 0.17 0.6833333333333333
0 0.30833333333333335 0.3125 0.12666666666666668 0.38
0 0.4141666666666667 0.3275 0.11833333333333333 0.3516666666666667
0 0.665 0.29333333333333333 0.15 0.38
0 0.0025 0.3725 0.005 0.051666666666666666
0 0.015 0.36833333333333335 0.023333333333333334 0.041666666666666664