0 0.31290849673202614 0.2957516339869281 0.1388888888888889 0.3284313725490196
0 0.7066993464052288 0.33169934640522875 0.09640522875816994 0.26633986928104575
0 0.5294117647058824 0.3366013071895425 0.12908496732026145 0.36437908496732024
0 0.13970588235294118 0.31862745098039214 0.18137254901960784 0.3366013071895425
0 0.22875816993464052 0.3292483660130719 0.10947712418300654 0.3006535947712418
0 0.7630718954248366 0.3758169934640523 0.10620915032679738 0.22549019607843138
0 0.39133986928104575 0.3660130718954248 0.12418300653594772 0.3627450980392157
0 0.6258169934640523 0.4264705882352941 0.1388888888888889 0.45588235294117646
0 0.8782679738562091 0.625 0.2434640522875817 0.5898692810457516
0 0.548202614379085 0.6176470588235294 0.19934640522875818 0.6372549019607843
0 0.42810457516339867 0.6331699346405228 0.19281045751633988 0.7189542483660131
0 0.3006535947712418 0.6437908496732027 0.16993464052287582 0.5032679738562091
0 0.7924836601307189 0.6838235294117647 0.19281045751633988 0.4738562091503268
0 0.636437908496732 0.673202614379085 0.13562091503267973 0.4950980392156863
0 0.7205882352941176 0.6854575163398693 0.13398692810457516 0.5081699346405228
0 0.0784313725490196 0.6658496732026143 0.1568627450980392 0.576797385620915
0 0.19117647058823528 0.678921568627451 0.18627450980392157 0.5343137254901961