0 0.6309523809523809 0.6501831501831502 0.20695970695970695 0.6996336996336996
0 0.3342490842490842 0.6593406593406593 0.22344322344322345 0.6794871794871795
0 0.9065934065934066 0.6684981684981685 0.18681318681318682 0.663003663003663
0 0.07326007326007326 0.673992673992674 0.14652014652014653 0.6373626373626373
0 0.184981684981685 0.5952380952380952 0.21245421245421245 0.8021978021978022
0 0.5073260073260073 0.6153846153846154 0.1794871794871795 0.7692307692307693
0 0.8104395604395604 0.6510989010989011 0.17399267399267399 0.6978021978021978
0 0.12087912087912088 0.29853479853479853 0.11172161172161173 0.13553113553113552
0 0.695054945054945 0.2948717948717949 0.06227106227106227 0.1282051282051282
0 0.7866300366300366 0.25824175824175827 0.10622710622710622 0.13186813186813187
0 0.32142857142857145 0.2783882783882784 0.17032967032967034 0.23443223443223443
0 0.022893772893772892 0.6446886446886447 0.045787545787545784 0.6923076923076923
0 0.7261904761904762 0.6282051282051282 0.14102564102564102 0.7435897435897436
0 0.6034798534798534 0.3131868131868132 0.09523809523809523 0.16117216117216118
0 0.5210622710622711 0.27380952380952384 0.14285714285714285 0.21245421245421245
0 0.40293040293040294 0.6327838827838828 0.11355311355311355 0.7326007326007326