0 0.2652733118971061 0.6245980707395499 0.1977491961414791 0.7459807073954984
0 0.409967845659164 0.655144694533762 0.14790996784565916 0.6881028938906752
0 0.8762057877813505 0.6487138263665595 0.1832797427652733 0.702572347266881
0 0.07797427652733119 0.610128617363344 0.15594855305466238 0.7668810289389068
0 0.5369774919614148 0.6543408360128617 0.14469453376205788 0.6913183279742765
0 0.7411575562700965 0.6760450160771704 0.13504823151125403 0.6479099678456591
0 0.6463022508038585 0.680064308681672 0.13183279742765272 0.639871382636656
0 0.3545016077170418 0.3729903536977492 0.08038585209003216 0.25884244372990356
0 0.17684887459807075 0.5972668810289389 0.1720257234726688 0.797427652733119
0 0.7990353697749196 0.39228295819935693 0.08842443729903537 0.2459807073954984
0 0.4903536977491961 0.3954983922829582 0.0707395498392283 0.2347266881028939
0 0.6117363344051447 0.3971061093247588 0.06430868167202572 0.2459807073954984
0 0.7122186495176849 0.3762057877813505 0.0819935691318328 0.2797427652733119