0 0.655 0.4083333333333333 0.09166666666666666 0.38333333333333336
0 0.035833333333333335 0.395 0.07166666666666667 0.45
0 0.5791666666666667 0.42833333333333334 0.08833333333333333 0.3466666666666667
0 0.425 0.4125 0.09666666666666666 0.38166666666666665
0 0.8958333333333334 0.3908333333333333 0.13666666666666666 0.41333333333333333
0 0.5008333333333334 0.4191666666666667 0.10333333333333333 0.38166666666666665
0 0.7958333333333333 0.3883333333333333 0.13333333333333333 0.39666666666666667
0 0.7225 0.36666666666666664 0.07833333333333334 0.30833333333333335
0 0.5833333333333334 0.25166666666666665 0.095 0.15333333333333332
0 0.27 0.42083333333333334 0.11166666666666666 0.37333333333333335
0 0.3525 0.3983333333333333 0.12833333333333333 0.395
0 0.19166666666666668 0.37416666666666665 0.12166666666666667 0.25333333333333335
0 0.1025 0.32916666666666666 0.135 0.17833333333333334