0 0.0738255033557047 0.7541946308724832 0.1476510067114094 0.49161073825503354
0 0.9278523489932886 0.7181208053691275 0.13087248322147652 0.4446308724832215
0 0.8213087248322147 0.738255033557047 0.1493288590604027 0.41778523489932884
0 0.26929530201342283 0.75251677852349 0.13758389261744966 0.4513422818791946
0 0.700503355704698 0.7315436241610739 0.16275167785234898 0.4412751677852349
0 0.1610738255033557 0.7583892617449665 0.15436241610738255 0.436241610738255
0 0.49161073825503354 0.7390939597315436 0.13926174496644295 0.436241610738255
0 0.6023489932885906 0.7466442953020134 0.1325503355704698 0.4211409395973154
0 0.39848993288590606 0.7197986577181208 0.1761744966442953 0.4748322147651007
0 0.3271812080536913 0.5394295302013423 0.05201342281879195 0.07214765100671142
0 0.7558724832214765 0.5419463087248322 0.06208053691275168 0.09395973154362416
0 0.5931208053691275 0.5427852348993288 0.15100671140939598 0.11073825503355705
0 0.462248322147651 0.5411073825503355 0.0587248322147651 0.06543624161073826