0 0.1267361111111111 0.6579861111111112 0.23958333333333334 0.4444444444444444
0 0.078125 0.4887152777777778 0.15625 0.4878472222222222
0 0.5868055555555556 0.6944444444444444 0.2013888888888889 0.4548611111111111
0 0.3663194444444444 0.6866319444444444 0.20833333333333334 0.4722222222222222
0 0.9210069444444444 0.578125 0.1579861111111111 0.5451388888888888
0 0.7960069444444444 0.6736111111111112 0.2065972222222222 0.4409722222222222
0 0.3342013888888889 0.4348958333333333 0.1701388888888889 0.5399305555555556
0 0.21006944444444445 0.5460069444444444 0.1388888888888889 0.59375
0 0.4800347222222222 0.5633680555555556 0.1527777777777778 0.5677083333333334
0 0.6848958333333334 0.4939236111111111 0.1857638888888889 0.5173611111111112
0 0.8116319444444444 0.4019097222222222 0.13368055555555555 0.3385416666666667
0 0.5598958333333334 0.4131944444444444 0.1076388888888889 0.3541666666666667
0 0.9548611111111112 0.3975694444444444 0.09027777777777778 0.3923611111111111