0 0.0627062706270627 0.665016501650165 0.1254125412541254 0.5742574257425742
0 0.1377887788778878 0.6427392739273927 0.12871287128712872 0.533003300330033
0 0.2367986798679868 0.6204620462046204 0.13861386138613863 0.47194719471947194
0 0.41336633663366334 0.7574257425742574 0.18151815181518152 0.4141914191419142
0 0.8506600660066007 0.5173267326732673 0.16666666666666666 0.33663366336633666
0 0.32838283828382836 0.6113861386138614 0.13036303630363036 0.44554455445544555
0 0.5602310231023102 0.7516501650165016 0.17491749174917492 0.3547854785478548
0 0.6105610561056105 0.5668316831683168 0.1254125412541254 0.42244224422442245
0 0.7186468646864687 0.5478547854785478 0.13366336633663367 0.35973597359735976
0 0.7136963696369637 0.745049504950495 0.13366336633663367 0.32673267326732675
0 0.8622112211221122 0.7706270627062707 0.17491749174917492 0.3102310231023102
0 0.5132013201320133 0.5453795379537953 0.11386138613861387 0.31353135313531355