0 0.10714285714285714 0.6991071428571428 0.21428571428571427 0.6017857142857143
0 0.38839285714285715 0.33125 0.12321428571428572 0.46964285714285714
0 0.91875 0.6410714285714286 0.1625 0.6642857142857143
0 0.6776785714285715 0.5794642857142858 0.22142857142857142 0.7196428571428571
0 0.21785714285714286 0.5901785714285714 0.22321428571428573 0.6357142857142857
0 0.5035714285714286 0.6866071428571429 0.1357142857142857 0.4089285714285714
0 0.2330357142857143 0.11428571428571428 0.08571428571428572 0.19285714285714287
0 0.5535714285714286 0.5910714285714286 0.16785714285714284 0.5732142857142857
0 0.8098214285714286 0.5383928571428571 0.21428571428571427 0.8107142857142857
0 0.4714285714285714 0.24732142857142858 0.09464285714285714 0.35892857142857143
0 0.5571428571428572 0.2830357142857143 0.16428571428571428 0.2857142857142857
0 0.275 0.4785714285714286 0.23035714285714284 0.6571428571428571
0 0.525 0.07857142857142857 0.09285714285714286 0.15714285714285714
0 0.4133928571428571 0.26964285714285713 0.1 0.4589285714285714
0 0.5044642857142857 0.2517857142857143 0.1125 0.3410714285714286
0 0.33482142857142855 0.26517857142857143 0.08571428571428572 0.4642857142857143
0 0.66875 0.24553571428571427 0.1125 0.16428571428571428
0 0.29285714285714287 0.3205357142857143 0.1125 0.38571428571428573
0 0.2955357142857143 0.15 0.060714285714285714 0.1767857142857143
0 0.31339285714285714 0.28125 0.09285714285714286 0.44285714285714284