0 0.4642857142857143 0.1737012987012987 0.025974025974025976 0.07305194805194805
0 0.41233766233766234 0.20454545454545456 0.032467532467532464 0.07305194805194805
0 0.7207792207792207 0.19886363636363635 0.037337662337662336 0.08116883116883117
0 0.2719155844155844 0.22321428571428573 0.027597402597402596 0.07792207792207792
0 0.8262987012987013 0.2077922077922078 0.03571428571428571 0.08441558441558442
0 0.26461038961038963 0.24756493506493507 0.030844155844155844 0.07954545454545454
0 0.872564935064935 0.2150974025974026 0.032467532467532464 0.08279220779220779
0 0.17613636363636365 0.25405844155844154 0.016233766233766232 0.07305194805194805
0 0.8547077922077922 0.2215909090909091 0.027597402597402596 0.08603896103896104
0 0.5275974025974026 0.2435064935064935 0.032467532467532464 0.09253246753246754
0 0.4342532467532468 0.2556818181818182 0.03409090909090909 0.08279220779220779
0 0.021103896103896104 0.288961038961039 0.025974025974025976 0.03896103896103896
0 0.724025974025974 0.26704545454545453 0.040584415584415584 0.10227272727272728
0 0.18668831168831168 0.3133116883116883 0.02922077922077922 0.09577922077922078
0 0.00487012987012987 0.32386363636363635 0.00974025974025974 0.06655844155844155
0 0.9756493506493507 0.29464285714285715 0.02922077922077922 0.1038961038961039
0 0.8474025974025974 0.32142857142857145 0.027597402597402596 0.1396103896103896
0 0.20616883116883117 0.5405844155844156 0.06818181818181818 0.14123376623376624
0 0.8814935064935064 0.5413961038961039 0.05032467532467533 0.1266233766233766
0 0.6517857142857143 0.5803571428571429 0.045454545454545456 0.1444805194805195
0 0.32142857142857145 0.6071428571428571 0.060064935064935064 0.1314935064935065
0 0.0698051948051948 0.7321428571428571 0.08766233766233766 0.14935064935064934
0 0.8352272727272727 0.700487012987013 0.07954545454545454 0.1525974025974026
0 0.7353896103896104 0.8287337662337663 0.07305194805194805 0.1525974025974026
0 0.887987012987013 0.823051948051948 0.06818181818181818 0.17045454545454544
0 0.08522727272727272 0.8782467532467533 0.08279220779220779 0.1737012987012987