0 0.10363636363636364 0.48818181818181816 0.20727272727272728 0.9763636363636363
0 0.5063636363636363 0.6690909090909091 0.24545454545454545 0.6618181818181819
0 0.67 0.6654545454545454 0.21636363636363637 0.6690909090909091
0 0.6636363636363637 0.28454545454545455 0.19636363636363635 0.46545454545454545
0 0.21636363636363637 0.6545454545454545 0.22181818181818183 0.6636363636363637
0 0.9245454545454546 0.5309090909090909 0.1509090909090909 0.9381818181818182
0 0.83 0.68 0.22727272727272727 0.64
0 0.36363636363636365 0.649090909090909 0.19636363636363635 0.6927272727272727
0 0.5109090909090909 0.27090909090909093 0.19636363636363635 0.4581818181818182
0 0.3709090909090909 0.25 0.18 0.42727272727272725
0 0.24636363636363637 0.2818181818181818 0.17636363636363636 0.46545454545454545
0 0.8245454545454546 0.31363636363636366 0.20545454545454545 0.4727272727272727