0 0.10570469798657718 0.5008389261744967 0.15771812080536912 0.9312080536912751
0 0.4983221476510067 0.6543624161073825 0.19630872483221476 0.6375838926174496
0 0.6493288590604027 0.6417785234899329 0.16778523489932887 0.6543624161073825
0 0.610738255033557 0.2709731543624161 0.1593959731543624 0.4228187919463087
0 0.23070469798657717 0.6661073825503355 0.174496644295302 0.6426174496644296
0 0.9093959731543624 0.4890939597315436 0.16610738255033558 0.889261744966443
0 0.7978187919463087 0.6501677852348994 0.17953020134228187 0.6426174496644296
0 0.3649328859060403 0.6426174496644296 0.1493288590604027 0.6577181208053692
0 0.46895973154362414 0.2709731543624161 0.1593959731543624 0.4161073825503356
0 0.3389261744966443 0.2625838926174497 0.14597315436241612 0.3875838926174497
0 0.2273489932885906 0.30201342281879195 0.14093959731543623 0.4228187919463087
0 0.761744966442953 0.28523489932885904 0.16778523489932887 0.42953020134228187