0 0.5906040268456376 0.697986577181208 0.17785234899328858 0.6040268456375839
0 0.3187919463087248 0.7088926174496645 0.19463087248322147 0.5822147651006712
0 0.8540268456375839 0.712248322147651 0.18120805369127516 0.575503355704698
0 0.07130872483221476 0.7273489932885906 0.14261744966442952 0.5453020134228188
0 0.18120805369127516 0.6526845637583892 0.18120805369127516 0.6946308724832215
0 0.9656040268456376 0.7231543624161074 0.06879194630872483 0.5536912751677853
0 0.4773489932885906 0.6669463087248322 0.15268456375838926 0.6661073825503355
0 0.7550335570469798 0.6971476510067114 0.1476510067114094 0.6057046979865772
0 0.1174496644295302 0.4001677852348993 0.10067114093959731 0.12248322147651007
0 0.6434563758389261 0.3875838926174497 0.05536912751677853 0.11577181208053691
0 0.7265100671140939 0.35318791946308725 0.09563758389261745 0.11912751677852348
0 0.3011744966442953 0.3783557046979866 0.15268456375838926 0.21140939597315436
0 0.024328859060402684 0.7013422818791947 0.04865771812080537 0.5973154362416108
0 0.6778523489932886 0.677013422818792 0.1174496644295302 0.6459731543624161
0 0.5595637583892618 0.40604026845637586 0.08389261744966443 0.14597315436241612
0 0.48406040268456374 0.3716442953020134 0.12751677852348994 0.1929530201342282
0 0.38171140939597314 0.6837248322147651 0.09228187919463088 0.6325503355704698