0 0.1245674740484429 0.5346020761245674 0.2093425605536332 0.9100346020761245
0 0.8036332179930796 0.5155709342560554 0.22664359861591696 0.9290657439446367
0 0.28719723183391005 0.551038062283737 0.18858131487889274 0.8823529411764706
0 0.45674740484429066 0.5493079584775087 0.21107266435986158 0.8685121107266436
0 0.6219723183391004 0.5320069204152249 0.21972318339100347 0.9065743944636678
0 0.9221453287197232 0.4982698961937716 0.15570934256055363 0.8581314878892734
0 0.7058823529411765 0.35034602076124566 0.14878892733564014 0.6418685121107266
0 0.1980968858131488 0.17387543252595156 0.08304498269896193 0.19550173010380623
0 0.35726643598615915 0.4013840830449827 0.1453287197231834 0.6972318339100346
0 0.5294117647058824 0.14619377162629757 0.12802768166089964 0.29238754325259514
0 0.3494809688581315 0.1773356401384083 0.13321799307958476 0.2560553633217993
0 0.2041522491349481 0.4117647058823529 0.10034602076124567 0.6695501730103807
0 0.5363321799307958 0.328719723183391 0.1384083044982699 0.657439446366782