0 0.12950819672131147 0.5663934426229508 0.16393442622950818 0.8049180327868852
0 0.9245901639344263 0.4819672131147541 0.15081967213114755 0.8655737704918033
0 0.7565573770491804 0.6655737704918033 0.22459016393442624 0.6459016393442623
0 0.33934426229508197 0.6893442622950819 0.18032786885245902 0.6213114754098361
0 0.23442622950819672 0.5393442622950819 0.1737704918032787 0.8163934426229508
0 0.47540983606557374 0.6852459016393443 0.18360655737704917 0.6295081967213115
0 0.8221311475409836 0.5024590163934426 0.17704918032786884 0.8147540983606557
0 0.5557377049180328 0.3040983606557377 0.16229508196721312 0.4131147540983607
0 0.6081967213114754 0.6450819672131147 0.20163934426229507 0.680327868852459
0 0.3377049180327869 0.3434426229508197 0.14426229508196722 0.380327868852459
0 0.4426229508196721 0.3524590163934426 0.13442622950819672 0.35081967213114756
0 0.6868852459016394 0.30655737704918035 0.16721311475409836 0.380327868852459
0 0.031967213114754096 0.419672131147541 0.02459016393442623 0.05245901639344262
0 0.012295081967213115 0.4163934426229508 0.02459016393442623 0.040983606557377046
0 0.05245901639344262 0.4131147540983607 0.02459016393442623 0.04262295081967213
0 0.001639344262295082 0.42540983606557375 0.003278688524590164 0.05737704918032787