0 0.29323899371069184 0.5330188679245284 0.13836477987421383 0.9166666666666666
0 0.17531446540880502 0.5055031446540881 0.14622641509433962 0.9559748427672956
0 0.0660377358490566 0.5235849056603774 0.1320754716981132 0.9182389937106918
0 0.9371069182389937 0.589622641509434 0.12264150943396226 0.8207547169811321
0 0.559748427672956 0.5959119496855346 0.11949685534591195 0.8081761006289309
0 0.40723270440251574 0.5927672955974843 0.14150943396226415 0.8050314465408805
0 0.8529874213836478 0.6187106918238994 0.12106918238993711 0.7625786163522013
0 0.4827044025157233 0.5361635220125787 0.1320754716981132 0.910377358490566
0 0.7751572327044025 0.610062893081761 0.08962264150943396 0.779874213836478
0 0.6391509433962265 0.6375786163522013 0.08962264150943396 0.7248427672955975
0 0.7099056603773585 0.6391509433962265 0.12106918238993711 0.7216981132075472