0 0.5881294964028777 0.38489208633093525 0.1079136690647482 0.13129496402877697
0 0.6924460431654677 0.4055755395683453 0.12050359712230216 0.1510791366906475
0 0.7742805755395683 0.381294964028777 0.11151079136690648 0.16906474820143885
0 0.3192446043165468 0.3732014388489209 0.11330935251798561 0.1366906474820144
0 0.5008992805755396 0.3902877697841727 0.10431654676258993 0.11870503597122302
0 0.22032374100719423 0.36241007194244607 0.10971223021582734 0.1366906474820144
0 0.7904676258992805 0.31115107913669066 0.13129496402877697 0.20863309352517986
0 0.9433453237410072 0.52068345323741 0.11330935251798561 0.4262589928057554
0 0.4073741007194245 0.38758992805755393 0.10611510791366907 0.13489208633093525
0 0.6339928057553957 0.3489208633093525 0.07553956834532374 0.17086330935251798
0 0.20863309352517986 0.2158273381294964 0.1223021582733813 0.34532374100719426
0 0.8732014388489209 0.39928057553956836 0.12050359712230216 0.13489208633093525
0 0.689748201438849 0.3057553956834532 0.10251798561151079 0.1510791366906475
0 0.2778776978417266 0.335431654676259 0.06654676258992806 0.14388489208633093
0 0.04136690647482014 0.5539568345323741 0.08273381294964029 0.6726618705035972
0 0.36151079136690645 0.25 0.08273381294964029 0.31115107913669066
0 0.4829136690647482 0.26888489208633093 0.07913669064748201 0.33093525179856115
0 0.12140287769784172 0.37410071942446044 0.11510791366906475 0.10971223021582734
0 0.5341726618705036 0.32464028776978415 0.07733812949640288 0.17086330935251798
0 0.5341726618705036 0.2526978417266187 0.08812949640287769 0.3147482014388489