0 0.96875 0.5508928571428572 0.0625 0.8803571428571428
0 0.06428571428571428 0.5428571428571428 0.12857142857142856 0.9142857142857143
0 0.2517857142857143 0.5741071428571428 0.11428571428571428 0.7821428571428571
0 0.3580357142857143 0.5392857142857143 0.15535714285714286 0.8625
0 0.47946428571428573 0.5875 0.14642857142857144 0.7839285714285714
0 0.5660714285714286 0.5991071428571428 0.1392857142857143 0.7946428571428571
0 0.15267857142857144 0.5571428571428572 0.15892857142857142 0.8857142857142857
0 0.9089285714285714 0.58125 0.15357142857142858 0.825
0 0.7544642857142857 0.5910714285714286 0.12678571428571428 0.8107142857142857
0 0.6625 0.5660714285714286 0.1125 0.8642857142857143
0 0.8321428571428572 0.5553571428571429 0.11785714285714285 0.8803571428571428
0 0.6883928571428571 0.2526785714285714 0.05178571428571429 0.16785714285714284