0 0.43496621621621623 0.3918918918918919 0.09121621621621621 0.14864864864864866
0 0.5878378378378378 0.40371621621621623 0.08952702702702703 0.21452702702702703
0 0.16131756756756757 0.44003378378378377 0.08277027027027027 0.17398648648648649
0 0.6359797297297297 0.44594594594594594 0.10472972972972973 0.21114864864864866
0 0.5059121621621622 0.4552364864864865 0.08952702702702703 0.20945945945945946
0 0.2956081081081081 0.46959459459459457 0.09628378378378379 0.19425675675675674
0 0.3859797297297297 0.5092905405405406 0.08614864864864864 0.21283783783783783
0 0.21537162162162163 0.5548986486486487 0.13682432432432431 0.36993243243243246
0 0.32010135135135137 0.6241554054054054 0.14527027027027026 0.32263513513513514
0 0.05152027027027027 0.6630067567567568 0.10304054054054054 0.660472972972973
0 0.4510135135135135 0.6494932432432432 0.16722972972972974 0.4797297297297297
0 0.8353040540540541 0.6402027027027027 0.21114864864864866 0.6925675675675675
0 0.11739864864864864 0.706081081081081 0.14189189189189189 0.5709459459459459
0 0.7128378378378378 0.6849662162162162 0.20777027027027026 0.6165540540540541
0 0.5827702702702703 0.6976351351351351 0.15878378378378377 0.6013513513513513
0 0.504222972972973 0.78125 0.1875 0.4375
0 0.22550675675675674 0.8133445945945946 0.1875 0.3733108108108108
0 0.34290540540540543 0.8133445945945946 0.18243243243243243 0.3733108108108108