0 0.12861736334405144 0.617363344051447 0.15594855305466238 0.662379421221865
0 0.2387459807073955 0.7057877813504824 0.1527331189710611 0.5369774919614148
0 0.34726688102893893 0.7202572347266881 0.1270096463022508 0.4967845659163987
0 0.5578778135048231 0.7081993569131833 0.1527331189710611 0.5128617363344051
0 0.4445337620578778 0.7122186495176849 0.13504823151125403 0.5080385852090032
0 0.7773311897106109 0.7122186495176849 0.14790996784565916 0.49517684887459806
0 0.6672025723472669 0.7098070739549839 0.1382636655948553 0.5032154340836013
0 0.22508038585209003 0.42684887459807075 0.11414790996784566 0.2684887459807074
0 0.4107717041800643 0.43729903536977494 0.1302250803858521 0.297427652733119
0 0.7266881028938906 0.43729903536977494 0.15112540192926044 0.2861736334405145
0 0.5241157556270096 0.4413183279742765 0.13504823151125403 0.3054662379421222
0 0.31189710610932475 0.4622186495176849 0.1045016077170418 0.23311897106109325
0 0.6270096463022508 0.43810289389067525 0.11254019292604502 0.3135048231511254