0 0.7678571428571429 0.3003246753246753 0.2922077922077922 0.262987012987013
0 0.926948051948052 0.32792207792207795 0.1461038961038961 0.25
0 0.5844155844155844 0.3465909090909091 0.22077922077922077 0.25
0 0.39366883116883117 0.351461038961039 0.26461038961038963 0.29545454545454547
0 0.599025974025974 0.4837662337662338 0.2077922077922078 0.21915584415584416
0 0.8295454545454546 0.49756493506493504 0.32954545454545453 0.35714285714285715
0 0.862012987012987 0.5413961038961039 0.275974025974026 0.2159090909090909
0 0.424512987012987 0.5227272727272727 0.2077922077922078 0.3133116883116883
0 0.08685064935064934 0.5551948051948052 0.1737012987012987 0.564935064935065
0 0.13717532467532467 0.661525974025974 0.27435064935064934 0.650974025974026
0 0.26866883116883117 0.7321428571428571 0.4025974025974026 0.5308441558441559
0 0.6063311688311688 0.760551948051948 0.413961038961039 0.4788961038961039
0 0.7840909090909091 0.8108766233766234 0.41883116883116883 0.3782467532467532