0 0.12788778877887788 0.6773927392739274 0.21287128712871287 0.6452145214521452
0 0.4240924092409241 0.6881188118811881 0.19636963696369636 0.6204620462046204
0 0.8663366336633663 0.6617161716171617 0.22112211221122113 0.6534653465346535
0 0.28135313531353134 0.6848184818481848 0.17326732673267325 0.6303630363036303
0 0.5742574257425742 0.6674917491749175 0.18811881188118812 0.6567656765676567
0 0.716996699669967 0.6782178217821783 0.15841584158415842 0.6270627062706271
0 0.3325082508250825 0.41336633663366334 0.12871287128712872 0.33993399339933994
0 0.7524752475247525 0.37541254125412543 0.12706270627062707 0.34983498349834985
0 0.6270627062706271 0.3910891089108911 0.11551155115511551 0.33663366336633666
0 0.4546204620462046 0.41254125412541254 0.16666666666666666 0.31353135313531355
0 0.8952145214521452 0.44471947194719474 0.13036303630363036 0.37623762376237624
0 0.18811881188118812 0.3952145214521452 0.12046204620462046 0.33993399339933994