0 0.43591772151898733 0.4200949367088608 0.09651898734177215 0.3449367088607595
0 0.7832278481012658 0.5284810126582279 0.11550632911392406 0.625
0 0.38924050632911394 0.6732594936708861 0.14082278481012658 0.43829113924050633
0 0.504746835443038 0.6811708860759493 0.1360759493670886 0.4287974683544304
0 0.18591772151898733 0.5561708860759493 0.12974683544303797 0.5268987341772152
0 0.5118670886075949 0.41060126582278483 0.0759493670886076 0.2800632911392405
0 0.5640822784810127 0.4509493670886076 0.10126582278481013 0.35917721518987344
0 0.6795886075949367 0.6962025316455697 0.11867088607594936 0.37816455696202533
0 0.3583860759493671 0.47705696202531644 0.09177215189873418 0.2610759493670886
0 0.20174050632911392 0.6756329113924051 0.12025316455696203 0.4050632911392405
0 0.7167721518987342 0.5166139240506329 0.09018987341772151 0.5443037974683544
0 0.6606012658227848 0.43037974683544306 0.10759493670886076 0.3623417721518987
0 0.2935126582278481 0.6890822784810127 0.11867088607594936 0.40031645569620256
0 0.2824367088607595 0.46360759493670883 0.09018987341772151 0.24841772151898733
0 0.6036392405063291 0.7025316455696202 0.09335443037974683 0.370253164556962