0 0.7709003215434084 0.6495176848874598 0.17041800643086816 0.4646302250803859
0 0.5530546623794212 0.6454983922829582 0.13344051446945338 0.4662379421221865
0 0.3617363344051447 0.6422829581993569 0.12861736334405144 0.4630225080385852
0 0.6503215434083601 0.6479099678456591 0.13344051446945338 0.4646302250803859
0 0.4541800643086817 0.6591639871382636 0.1157556270096463 0.43569131832797425
0 0.567524115755627 0.40353697749196143 0.10610932475884244 0.2604501607717042
0 0.47106109324758844 0.40273311897106107 0.11254019292604502 0.2942122186495177
0 0.1647909967845659 0.6438906752411575 0.12218649517684887 0.4533762057877814
0 0.2580385852090032 0.6446945337620579 0.1157556270096463 0.454983922829582
0 0.3842443729903537 0.3954983922829582 0.11414790996784566 0.2861736334405145
0 0.657556270096463 0.3987138263665595 0.09646302250803858 0.2427652733118971
0 0.2934083601286174 0.4204180064308682 0.09646302250803858 0.30385852090032156
0 0.7628617363344051 0.43890675241157556 0.1639871382636656 0.2861736334405145
0 0.19935691318327975 0.3963022508038585 0.11736334405144695 0.3102893890675241