0 0.9372937293729373 0.6592409240924092 0.1254125412541254 0.6683168316831684
0 0.5783828382838284 0.7962046204620462 0.10726072607260725 0.4075907590759076
0 0.38531353135313534 0.7904290429042904 0.10066006600660066 0.41914191419141916
0 0.47854785478547857 0.7838283828382838 0.10891089108910891 0.43234323432343236
0 0.18811881188118812 0.7788778877887789 0.11551155115511551 0.44224422442244227
0 0.7970297029702971 0.4183168316831683 0.10231023102310231 0.40264026402640263
0 0.07095709570957096 0.7846534653465347 0.1353135313531353 0.4306930693069307
0 0.3250825082508251 0.5602310231023102 0.0858085808580858 0.24257425742574257
0 0.29125412541254125 0.7896039603960396 0.10396039603960396 0.4207920792079208
0 0.15759075907590758 0.25495049504950495 0.10891089108910891 0.38778877887788776
0 0.7153465346534653 0.24257425742574257 0.07755775577557755 0.3085808580858086
0 0.41006600660066006 0.23597359735973597 0.08745874587458746 0.36633663366336633
0 0.594059405940594 0.5676567656765676 0.10231023102310231 0.24917491749174916
0 0.8201320132013201 0.806930693069307 0.1188118811881188 0.38613861386138615
0 0.5016501650165016 0.5701320132013201 0.08745874587458746 0.23597359735973597
0 0.12046204620462046 0.5742574257425742 0.09735973597359736 0.2079207920792079
0 0.665016501650165 0.7937293729372937 0.09405940594059406 0.40924092409240925
0 0.40924092409240925 0.5734323432343235 0.07425742574257425 0.23267326732673269
0 0.6386138613861386 0.24504950495049505 0.07755775577557755 0.2838283828382838
0 0.18646864686468648 0.45957095709570955 0.09405940594059406 0.22442244224422442
0 0.2854785478547855 0.2376237623762376 0.08745874587458746 0.3415841584158416
0 0.7343234323432343 0.7871287128712872 0.09405940594059406 0.3795379537953795
0 0.764026402640264 0.5726072607260726 0.08085808580858085 0.20462046204620463
0 0.5404290429042904 0.24752475247524752 0.07590759075907591 0.2508250825082508
0 0.6848184818481848 0.5651815181518152 0.07920792079207921 0.18316831683168316
0 0.4034653465346535 0.4661716171617162 0.07755775577557755 0.23102310231023102
0 0.7079207920792079 0.4381188118811881 0.09075907590759076 0.22772277227722773
0 0.264026402640264 0.49504950495049505 0.07425742574257425 0.20627062706270627
0 0.641914191419142 0.4315181518151815 0.07260726072607261 0.2722772277227723
0 0.34075907590759075 0.42244224422442245 0.09735973597359736 0.22937293729372937
0 0.23432343234323433 0.7343234323432343 0.07425742574257425 0.504950495049505
0 0.35066006600660066 0.21864686468646866 0.054455445544554455 0.25742574257425743
0 0.48184818481848185 0.2665016501650165 0.06930693069306931 0.28217821782178215
0 0.2202970297029703 0.23514851485148514 0.057755775577557754 0.31353135313531355
0 0.5354785478547854 0.4207920792079208 0.0627062706270627 0.24092409240924093
0 0.2590759075907591 0.37458745874587457 0.0858085808580858 0.15346534653465346
0 0.48432343234323433 0.4438943894389439 0.0627062706270627 0.21617161716171618
0 0.5973597359735974 0.4612211221122112 0.09405940594059406 0.21287128712871287
0 0.5717821782178217 0.22442244224422442 0.06105610561056106 0.27887788778877887