0 0.026079136690647483 0.7095323741007195 0.052158273381294966 0.329136690647482
0 0.5836330935251799 0.7365107913669064 0.1420863309352518 0.3381294964028777
0 0.30845323741007197 0.658273381294964 0.12949640287769784 0.32194244604316546
0 0.8489208633093526 0.8246402877697842 0.18705035971223022 0.35071942446043164
0 0.18705035971223022 0.7095323741007195 0.1564748201438849 0.29856115107913667
0 0.7311151079136691 0.677158273381295 0.13848920863309352 0.368705035971223
0 0.3732014388489209 0.7428057553956835 0.10431654676258993 0.32194244604316546
0 0.447841726618705 0.7814748201438849 0.13848920863309352 0.30755395683453235
0 0.02877697841726619 0.42985611510791366 0.05755395683453238 0.19424460431654678
0 0.8893884892086331 0.48651079136690645 0.13129496402877697 0.25719424460431656
0 0.16097122302158273 0.512589928057554 0.12410071942446044 0.2392086330935252
0 0.9316546762589928 0.5809352517985612 0.11690647482014388 0.2302158273381295
0 0.08812949640287769 0.7203237410071942 0.12589928057553956 0.3489208633093525
0 0.822841726618705 0.7176258992805755 0.1672661870503597 0.329136690647482
0 0.6591726618705036 0.6681654676258992 0.14028776978417265 0.3147482014388489
0 0.4001798561151079 0.5890287769784173 0.11690647482014388 0.21402877697841727
0 0.5017985611510791 0.7158273381294964 0.11510791366906475 0.329136690647482
0 0.47931654676258995 0.4712230215827338 0.11151079136690648 0.2014388489208633
0 0.48201438848920863 0.5764388489208633 0.09892086330935251 0.21942446043165467
0 0.25359712230215825 0.5953237410071942 0.10431654676258993 0.302158273381295
0 0.07553956834532374 0.4973021582733813 0.08812949640287769 0.16007194244604317
0 0.04226618705035971 0.6223021582733813 0.08453237410071943 0.2841726618705036
0 0.09172661870503597 0.39748201438848924 0.1079136690647482 0.19784172661870503
0 0.5710431654676259 0.5593525179856115 0.08453237410071943 0.15827338129496402
0 0.25359712230215825 0.4154676258992806 0.09712230215827339 0.21942446043165467
0 0.39118705035971224 0.4748201438848921 0.08273381294964029 0.13309352517985612
0 0.3192446043165468 0.4829136690647482 0.08812949640287769 0.14928057553956833
0 0.16996402877697842 0.3660071942446043 0.10071942446043165 0.20323741007194246
0 0.9019784172661871 0.368705035971223 0.10971223021582734 0.1528776978417266
0 0.22571942446043167 0.30485611510791366 0.10251798561151079 0.3129496402877698
0 0.3462230215827338 0.3597122302158273 0.09892086330935251 0.22482014388489208
0 0.14928057553956833 0.256294964028777 0.09892086330935251 0.18525179856115107
0 0.4829136690647482 0.34532374100719426 0.08453237410071943 0.18705035971223022
0 0.6969424460431655 0.26618705035971224 0.10251798561151079 0.2589928057553957
0 0.5737410071942446 0.37949640287769787 0.09892086330935251 0.23201438848920863
0 0.37140287769784175 0.2589928057553957 0.09172661870503597 0.18165467625899281
0 0.6834532374100719 0.4568345323741007 0.10431654676258993 0.17985611510791366
0 0.09352517985611511 0.29136690647482016 0.10071942446043165 0.1618705035971223
0 0.5251798561151079 0.4433453237410072 0.08812949640287769 0.23201438848920863
0 0.6474820143884892 0.39568345323741005 0.07913669064748201 0.14928057553956833
0 0.40197841726618705 0.41007194244604317 0.10971223021582734 0.19424460431654678
0 0.5566546762589928 0.23741007194244604 0.09172661870503597 0.21402877697841727
0 0.2823741007194245 0.30845323741007197 0.09892086330935251 0.25719424460431656
0 0.7607913669064749 0.30935251798561153 0.07913669064748201 0.18345323741007194
0 0.7859712230215827 0.5953237410071942 0.11151079136690648 0.3471223021582734
0 0.829136690647482 0.3147482014388489 0.10071942446043165 0.17086330935251798
0 0.7877697841726619 0.4226618705035971 0.12949640287769784 0.19424460431654678
0 0.5989208633093526 0.47751798561151076 0.09532374100719425 0.17625899280575538
0 0.3192446043165468 0.2077338129496403 0.08812949640287769 0.19244604316546762
0 0.39388489208633093 0.2014388489208633 0.10251798561151079 0.24640287769784172
0 0.7050359712230215 0.5278776978417267 0.08812949640287769 0.15827338129496402
0 0.7185251798561151 0.35881294964028776 0.09172661870503597 0.16366906474820145
0 0.47302158273381295 0.21223021582733814 0.09712230215827339 0.26798561151079137
0 0.6330935251798561 0.24730215827338128 0.08273381294964029 0.16366906474820145