0 0.23122866894197952 0.5998293515358362 0.3430034129692833 0.6484641638225256
0 0.4931740614334471 0.6271331058020477 0.3174061433447099 0.6382252559726962
0 0.7491467576791809 0.6356655290102389 0.3515358361774744 0.7286689419795221
0 0.33361774744027306 0.31399317406143346 0.10921501706484642 0.15870307167235495
0 0.841296928327645 0.3677474402730375 0.23208191126279865 0.26621160409556316
0 0.46075085324232085 0.29948805460750855 0.18088737201365188 0.17064846416382254
0 0.6075085324232082 0.3583617747440273 0.17406143344709898 0.20136518771331058
0 0.5981228668941979 0.2858361774744027 0.15870307167235495 0.13139931740614336
0 0.7790102389078498 0.2713310580204778 0.16723549488054607 0.11604095563139932
0 0.3924914675767918 0.3873720136518771 0.15017064846416384 0.17235494880546076
0 0.38139931740614336 0.5358361774744027 0.17747440273037543 0.47440273037542663
0 0.734641638225256 0.25853242320819114 0.07167235494880546 0.08703071672354949