0 0.9485018726591761 0.6039325842696629 0.10299625468164794 0.6947565543071161
0 0.14700374531835206 0.5599250936329588 0.16104868913857678 0.6179775280898876
0 0.8932584269662921 0.600187265917603 0.1704119850187266 0.653558052434457
0 0.6423220973782772 0.601123595505618 0.13857677902621723 0.548689138576779
0 0.0599250936329588 0.5739700374531835 0.1198501872659176 0.601123595505618
0 0.8014981273408239 0.6170411985018727 0.15168539325842698 0.5898876404494382
0 0.7153558052434457 0.5936329588014981 0.14794007490636704 0.5786516853932584
0 0.49250936329588013 0.5795880149812734 0.14232209737827714 0.6123595505617978
0 0.5646067415730337 0.5861423220973783 0.13108614232209737 0.5767790262172284
0 0.23220973782771537 0.5664794007490637 0.1254681647940075 0.5955056179775281
0 0.33614232209737827 0.3455056179775281 0.11423220973782772 0.19101123595505617
0 0.42134831460674155 0.35767790262172283 0.10861423220973783 0.18352059925093633