0 0.4762323943661972 0.6153169014084507 0.24119718309859156 0.7693661971830986
0 0.9498239436619719 0.5677816901408451 0.10035211267605634 0.7869718309859155
0 0.09330985915492958 0.5801056338028169 0.18661971830985916 0.8397887323943662
0 0.18045774647887325 0.664612676056338 0.2517605633802817 0.670774647887324
0 0.3265845070422535 0.6408450704225352 0.22359154929577466 0.7183098591549296
0 0.886443661971831 0.5862676056338029 0.22711267605633803 0.7711267605633803
0 0.7482394366197183 0.6205985915492958 0.2007042253521127 0.7253521126760564
0 0.6399647887323944 0.34419014084507044 0.10387323943661972 0.27992957746478875
0 0.6170774647887324 0.625 0.2147887323943662 0.7411971830985915
0 0.5149647887323944 0.3397887323943662 0.08626760563380281 0.2746478873239437
0 0.9242957746478874 0.27992957746478875 0.12323943661971831 0.3397887323943662
0 0.2306338028169014 0.3908450704225352 0.1056338028169014 0.3609154929577465
0 0.3829225352112676 0.352112676056338 0.11267605633802817 0.41901408450704225
0 0.7755281690140845 0.35563380281690143 0.11971830985915492 0.3503521126760563