0 0.6454248366013072 0.5759803921568627 0.42810457516339867 0.6290849673202614
0 0.3276143790849673 0.6429738562091504 0.4035947712418301 0.7140522875816994
0 0.494281045751634 0.30637254901960786 0.08169934640522876 0.13725490196078433
0 0.5686274509803921 0.30310457516339867 0.10294117647058823 0.16830065359477125
0 0.315359477124183 0.31862745098039214 0.09477124183006536 0.16666666666666666
0 0.2549019607843137 0.32189542483660133 0.10620915032679738 0.20751633986928106
0 0.6233660130718954 0.30392156862745096 0.08006535947712418 0.18627450980392157
0 0.39705882352941174 0.2957516339869281 0.12254901960784313 0.17647058823529413
0 0.13071895424836602 0.49673202614379086 0.19117647058823528 0.42810457516339867
0 0.6552287581699346 0.33905228758169936 0.07679738562091504 0.15522875816993464
0 0.1715686274509804 0.32679738562091504 0.06699346405228758 0.12581699346405228
0 0.6911764705882353 0.34395424836601307 0.07679738562091504 0.17973856209150327