0 0.26426174496644295 0.5251677852348994 0.16275167785234898 0.9362416107382551
0 0.13758389261744966 0.4966442953020134 0.17114093959731544 0.9865771812080537
0 0.04949664429530201 0.5151006711409396 0.09899328859060402 0.9395973154362416
0 0.9379194630872483 0.589765100671141 0.12416107382550336 0.8204697986577181
0 0.5469798657718121 0.5939597315436241 0.14093959731543623 0.8120805369127517
0 0.38338926174496646 0.589765100671141 0.1644295302013423 0.8171140939597316
0 0.8582214765100671 0.6199664429530202 0.14261744966442952 0.7600671140939598
0 0.46560402684563756 0.5335570469798657 0.15604026845637584 0.9328859060402684
0 0.7751677852348994 0.610738255033557 0.10738255033557047 0.7785234899328859
0 0.6291946308724832 0.639261744966443 0.10738255033557047 0.7214765100671141
0 0.7046979865771812 0.6409395973154363 0.14093959731543623 0.7181208053691275