0 0.4342532467532468 0.6071428571428571 0.1737012987012987 0.7857142857142857
0 0.9253246753246753 0.5900974025974026 0.14935064935064934 0.8003246753246753
0 0.07142857142857142 0.5616883116883117 0.14285714285714285 0.8766233766233766
0 0.1599025974025974 0.6436688311688312 0.18993506493506493 0.7126623376623377
0 0.29464285714285715 0.625 0.16071428571428573 0.75
0 0.8206168831168831 0.6030844155844156 0.17207792207792208 0.7792207792207793
0 0.6858766233766234 0.625 0.14123376623376624 0.737012987012987
0 0.6022727272727273 0.3262987012987013 0.07954545454545454 0.25487012987012986
0 0.564935064935065 0.622564935064935 0.1525974025974026 0.7532467532467533
0 0.4878246753246753 0.3133116883116883 0.0633116883116883 0.25
0 0.8676948051948052 0.2849025974025974 0.09253246753246754 0.30844155844155846
0 0.22321428571428573 0.3425324675324675 0.0762987012987013 0.32954545454545453
0 0.3652597402597403 0.31655844155844154 0.07792207792207792 0.38311688311688313
0 0.726461038961039 0.3449675324675325 0.08766233766233766 0.3181818181818182