0 0.9342532467532467 0.547077922077922 0.1314935064935065 0.8733766233766234
0 0.06574675324675325 0.5251623376623377 0.1314935064935065 0.875
0 0.24512987012987014 0.5316558441558441 0.1038961038961039 0.711038961038961
0 0.3409090909090909 0.5 0.14123376623376624 0.7840909090909091
0 0.4512987012987013 0.5446428571428571 0.1331168831168831 0.7126623376623377
0 0.5300324675324676 0.5543831168831169 0.1266233766233766 0.7224025974025974
0 0.15503246753246752 0.5219155844155844 0.1444805194805195 0.8165584415584416
0 0.8433441558441559 0.5762987012987013 0.14123376623376624 0.8246753246753247
0 0.7021103896103896 0.5787337662337663 0.11688311688311688 0.797077922077922
0 0.6193181818181818 0.5405844155844156 0.1038961038961039 0.8165584415584416
0 0.773538961038961 0.5438311688311688 0.10714285714285714 0.8587662337662337
0 0.6412337662337663 0.24025974025974026 0.04707792207792208 0.1525974025974026