0 0.420265780730897 0.14700996677740863 0.09302325581395349 0.2059800664451827
0 0.5581395348837209 0.16362126245847175 0.11295681063122924 0.3272425249169435
0 0.6312292358803987 0.22674418604651161 0.15282392026578073 0.2973421926910299
0 0.2549833887043189 0.24667774086378738 0.11295681063122924 0.27906976744186046
0 0.489202657807309 0.23920265780730898 0.15282392026578073 0.26744186046511625
0 0.3712624584717608 0.24667774086378738 0.11461794019933555 0.27408637873754155
0 0.7790697674418605 0.23588039867109634 0.08471760797342193 0.2757475083056478
0 0.8920265780730897 0.42358803986710963 0.17109634551495018 0.7059800664451827
0 0.10465116279069768 0.4642857142857143 0.15614617940199335 0.6976744186046512
0 0.7566445182724253 0.5880398671096345 0.18272425249169436 0.8039867109634552
0 0.19850498338870431 0.6104651162790697 0.1777408637873754 0.7790697674418605
0 0.48172757475083056 0.6071428571428571 0.16777408637873753 0.7790697674418605
0 0.6137873754152824 0.6021594684385382 0.1777408637873754 0.792358803986711
0 0.34136212624584716 0.6162790697674418 0.18106312292358803 0.7674418604651163
0 0.26827242524916944 0.1270764119601329 0.1461794019933555 0.2441860465116279
0 0.7367109634551495 0.11461794019933555 0.1478405315614618 0.2292358803986711