0 0.12104430379746836 0.2674050632911392 0.14715189873417722 0.24208860759493672
0 0.3639240506329114 0.5474683544303798 0.11392405063291139 0.7927215189873418
0 0.7357594936708861 0.5569620253164557 0.09335443037974683 0.7389240506329114
0 0.8125 0.5846518987341772 0.15822784810126583 0.8006329113924051
0 0.20411392405063292 0.5878164556962026 0.15348101265822786 0.7863924050632911
0 0.4477848101265823 0.5933544303797469 0.12341772151898735 0.7642405063291139
0 0.6661392405063291 0.5988924050632911 0.13291139240506328 0.7389240506329114
0 0.5585443037974683 0.5996835443037974 0.13291139240506328 0.740506329113924
0 0.31962025316455694 0.6044303797468354 0.12341772151898735 0.7246835443037974
0 0.09414556962025317 0.6123417721518988 0.13291139240506328 0.7579113924050633
0 0.9137658227848101 0.629746835443038 0.12183544303797468 0.740506329113924