0 0.6785714285714286 0.4478021978021978 0.10256410256410256 0.1282051282051282
0 0.7857142857142857 0.4633699633699634 0.11538461538461539 0.14835164835164835
0 0.04395604395604396 0.5787545787545788 0.08791208791208792 0.73992673992674
0 0.8681318681318682 0.4340659340659341 0.1043956043956044 0.16666666666666666
0 0.40476190476190477 0.45054945054945056 0.10805860805860806 0.1336996336996337
0 0.5906593406593407 0.45787545787545786 0.10073260073260074 0.11538461538461539
0 0.3031135531135531 0.44505494505494503 0.1043956043956044 0.1336996336996337
0 0.8809523809523809 0.3617216117216117 0.1227106227106227 0.20695970695970695
0 0.49542124542124544 0.4606227106227106 0.10073260073260074 0.13186813186813187
0 0.7234432234432234 0.4084249084249084 0.06776556776556776 0.17032967032967034
0 0.2838827838827839 0.2957875457875458 0.10622710622710622 0.34615384615384615
0 0.9560439560439561 0.4468864468864469 0.08791208791208792 0.13186813186813187
0 0.7774725274725275 0.3617216117216117 0.09706959706959707 0.14835164835164835
0 0.3608058608058608 0.4139194139194139 0.06043956043956044 0.14285714285714285
0 0.0924908424908425 0.6510989010989011 0.13003663003663005 0.6813186813186813
0 0.4413919413919414 0.32234432234432236 0.06776556776556776 0.3131868131868132
0 0.5659340659340659 0.33516483516483514 0.0641025641025641 0.3333333333333333
0 0.2032967032967033 0.46153846153846156 0.11172161172161173 0.10622710622710622
0 0.6208791208791209 0.3891941391941392 0.0695970695970696 0.17032967032967034
0 0.6172161172161172 0.3159340659340659 0.07326007326007326 0.31684981684981683