0 0.5805860805860806 0.7115384615384616 0.2967032967032967 0.5769230769230769
0 0.05036630036630037 0.5787545787545788 0.10073260073260074 0.8424908424908425
0 0.836996336996337 0.5805860805860806 0.1684981684981685 0.8296703296703297
0 0.12362637362637363 0.7307692307692307 0.24725274725274726 0.5384615384615384
0 0.7335164835164835 0.6117216117216118 0.1794871794871795 0.7728937728937729
0 0.5641025641025641 0.3891941391941392 0.19047619047619047 0.4139194139194139
0 0.41208791208791207 0.5970695970695971 0.17216117216117216 0.7344322344322345
0 0.304029304029304 0.5054945054945055 0.13186813186813187 0.5347985347985348
0 0.4725274725274725 0.2902930402930403 0.09340659340659341 0.19230769230769232
0 0.6410256410256411 0.3067765567765568 0.11172161172161173 0.33516483516483514
0 0.1794871794871795 0.5201465201465202 0.17765567765567766 0.5293040293040293
0 0.1858974358974359 0.3021978021978022 0.17765567765567766 0.27106227106227104