0 0.8210862619808307 0.5543130990415336 0.1134185303514377 0.5079872204472844
0 0.25878594249201275 0.5591054313099042 0.1853035143769968 0.42012779552715657
0 0.152555910543131 0.6086261980830671 0.08626198083067092 0.42012779552715657
0 0.39456869009584666 0.542332268370607 0.07667731629392971 0.4440894568690096
0 0.5950479233226837 0.5399361022364217 0.08466453674121406 0.4217252396166134
0 0.9041533546325878 0.5135782747603834 0.10063897763578275 0.4840255591054313
0 0.5279552715654952 0.5966453674121406 0.07987220447284345 0.41373801916932906
0 0.737220447284345 0.5654952076677316 0.0878594249201278 0.4329073482428115
0 0.6701277955271565 0.5335463258785943 0.08146964856230032 0.4249201277955272
0 0.4712460063897764 0.5279552715654952 0.08146964856230032 0.426517571884984
0 0.34105431309904155 0.5015974440894568 0.07188498402555911 0.42971246006389774
0 0.7819488817891374 0.3146964856230032 0.05591054313099041 0.15335463258785942
0 0.547923322683706 0.37140575079872207 0.07028753993610223 0.18370607028753994
0 0.4353035143769968 0.2539936102236422 0.07667731629392971 0.1389776357827476
0 0.134185303514377 0.40814696485623003 0.10383386581469649 0.20607028753993611
0 0.5167731629392971 0.2915335463258786 0.04792332268370607 0.13099041533546327
0 0.2939297124600639 0.31549520766773165 0.04313099041533546 0.12939297124600638
0 0.21645367412140576 0.33865814696485624 0.06230031948881789 0.12619808306709265
0 0.6142172523961661 0.3330670926517572 0.07028753993610223 0.1597444089456869
0 0.7436102236421726 0.3490415335463259 0.07188498402555911 0.13578274760383385
0 0.3953674121405751 0.3218849840255591 0.07827476038338659 0.16134185303514376
0 0.2707667731629393 0.5175718849840255 0.10862619808306709 0.43450479233226835
0 0.7611821086261981 0.26357827476038337 0.02875399361022364 0.07667731629392971
0 0.16932907348242812 0.3522364217252396 0.036741214057507986 0.0670926517571885
0 0.6541533546325878 0.3075079872204473 0.04153354632587859 0.10702875399361023
0 0.3314696485623003 0.26996805111821087 0.05910543130990415 0.0926517571884984
0 0.5798722044728435 0.26916932907348246 0.036741214057507986 0.10543130990415335
0 0.43450479233226835 0.33226837060702874 0.04952076677316294 0.15814696485623003
0 0.6773162939297125 0.33386581469648563 0.07188498402555911 0.15335463258785942
0 0.8642172523961661 0.323482428115016 0.04792332268370607 0.1134185303514377
0 0.49440894568690097 0.33466453674121405 0.04792332268370607 0.12779552715654952
0 0.5599041533546326 0.24440894568690097 0.02875399361022364 0.07667731629392971
0 0.8386581469648562 0.3083067092651757 0.03354632587859425 0.11980830670926518
0 0.6509584664536742 0.26677316293929715 0.04792332268370607 0.13099041533546327