0 0.7898305084745763 0.5194915254237288 0.17796610169491525 0.8135593220338984
0 0.9135593220338983 0.559322033898305 0.15084745762711865 0.7762711864406779
0 0.661864406779661 0.6559322033898305 0.14576271186440679 0.6474576271186441
0 0.10677966101694915 0.535593220338983 0.15932203389830507 0.8254237288135593
0 0.4161016949152542 0.6474576271186441 0.1423728813559322 0.6440677966101694
0 0.3 0.638135593220339 0.14067796610169492 0.6661016949152543
0 0.538135593220339 0.6372881355932203 0.1423728813559322 0.6593220338983051
0 0.17796610169491525 0.6593220338983051 0.14576271186440679 0.6457627118644068
0 0.6576271186440678 0.3271186440677966 0.12372881355932204 0.28135593220338984
0 0.5457627118644067 0.29915254237288136 0.11186440677966102 0.26440677966101694
0 0.4330508474576271 0.3093220338983051 0.13220338983050847 0.28135593220338984
0 0.3288135593220339 0.326271186440678 0.09491525423728814 0.2542372881355932
0 0.22203389830508474 0.5610169491525424 0.11864406779661017 0.7203389830508474
0 0.21779661016949153 0.3271186440677966 0.11186440677966102 0.2576271186440678