0 0.6370967741935484 0.5008064516129033 0.06129032258064516 0.1774193548387097
0 0.7983870967741935 0.5467741935483871 0.05161290322580645 0.11290322580645161
0 0.5362903225806451 0.5403225806451613 0.08548387096774193 0.21935483870967742
0 0.3056451612903226 0.5258064516129032 0.06774193548387097 0.17419354838709677
0 0.4314516129032258 0.5346774193548387 0.08387096774193549 0.21935483870967742
0 0.507258064516129 0.5419354838709678 0.03387096774193549 0.07258064516129033
0 0.6661290322580645 0.6879032258064516 0.1774193548387097 0.6241935483870967
0 0.1532258064516129 0.6879032258064516 0.1403225806451613 0.55
0 0.7419354838709677 0.7233870967741935 0.18387096774193548 0.5532258064516129
0 0.34838709677419355 0.7169354838709677 0.1774193548387097 0.55
0 0.8548387096774194 0.7491935483870967 0.16774193548387098 0.5016129032258064
0 0.22258064516129034 0.7169354838709677 0.17258064516129032 0.5274193548387097
0 0.5725806451612904 0.7403225806451613 0.12903225806451613 0.5193548387096775
0 0.47016129032258064 0.7362903225806452 0.16612903225806452 0.5193548387096775
0 0.07903225806451612 0.7266129032258064 0.15806451612903225 0.4854838709677419