0 0.9066455696202531 0.6218354430379747 0.1360759493670886 0.5158227848101266
0 0.06962025316455696 0.5316455696202531 0.13924050632911392 0.560126582278481
0 0.6376582278481012 0.685126582278481 0.16139240506329114 0.40189873417721517
0 0.13212025316455697 0.5514240506329114 0.1360759493670886 0.509493670886076
0 0.747626582278481 0.6977848101265823 0.14556962025316456 0.3987341772151899
0 0.37341772151898733 0.5791139240506329 0.14873417721518986 0.5142405063291139
0 0.8069620253164557 0.6257911392405063 0.15031645569620253 0.5174050632911392
0 0.3022151898734177 0.6914556962025317 0.13291139240506328 0.3338607594936709
0 0.22468354430379747 0.5593354430379747 0.14556962025316456 0.504746835443038
0 0.5356012658227848 0.6756329113924051 0.12341772151898735 0.39556962025316456
0 0.5854430379746836 0.47468354430379744 0.09335443037974683 0.22151898734177214
0 0.5925632911392406 0.33781645569620256 0.09018987341772151 0.24367088607594936
0 0.6700949367088608 0.3876582278481013 0.10284810126582279 0.22784810126582278
0 0.7270569620253164 0.4889240506329114 0.09968354430379747 0.24208860759493672
0 0.4564873417721519 0.32199367088607594 0.08860759493670886 0.21677215189873417
0 0.4525316455696203 0.7041139240506329 0.12341772151898735 0.2958860759493671
0 0.5118670886075949 0.3251582278481013 0.06487341772151899 0.2310126582278481
0 0.36550632911392406 0.29430379746835444 0.10443037974683544 0.25316455696202533
0 0.6645569620253164 0.5079113924050633 0.07120253164556962 0.16930379746835442
0 0.5087025316455697 0.5039556962025317 0.09968354430379747 0.30537974683544306
0 0.2650316455696203 0.30537974683544306 0.07753164556962025 0.19145569620253164
0 0.20332278481012658 0.31566455696202533 0.06962025316455696 0.1661392405063291
0 0.29430379746835444 0.49287974683544306 0.10126582278481013 0.3212025316455696
0 0.43829113924050633 0.567246835443038 0.10284810126582279 0.4525316455696203
0 0.6416139240506329 0.3401898734177215 0.06487341772151899 0.21518987341772153
0 0.4272151898734177 0.2935126582278481 0.07120253164556962 0.23417721518987342
0 0.5506329113924051 0.3314873417721519 0.058544303797468354 0.22468354430379747
0 0.6447784810126582 0.25 0.08069620253164557 0.1360759493670886
0 0.317246835443038 0.2602848101265823 0.07120253164556962 0.19778481012658228
0 0.06566455696202532 0.2958860759493671 0.08069620253164557 0.18354430379746836
0 0.9359177215189873 0.4153481012658228 0.09177215189873418 0.2626582278481013
0 0.7531645569620253 0.37895569620253167 0.07120253164556962 0.125
0 0.14794303797468356 0.29667721518987344 0.07911392405063292 0.13291139240506328