0 0.9210963455149501 0.5988372093023255 0.15780730897009967 0.5498338870431894
0 0.1686046511627907 0.532392026578073 0.15780730897009967 0.49169435215946844
0 0.07724252491694353 0.5166112956810631 0.15448504983388706 0.5448504983388704
0 0.7350498338870431 0.686046511627907 0.1478405315614618 0.47840531561461797
0 0.834717607973422 0.5730897009966778 0.17109634551495018 0.5083056478405316
0 0.27159468438538203 0.6353820598006644 0.16279069767441862 0.4684385382059801
0 0.632890365448505 0.6802325581395349 0.1478405315614618 0.47840531561461797
0 0.37790697674418605 0.6411960132890365 0.14451827242524917 0.4584717607973422
0 0.5431893687707641 0.6769102990033222 0.12458471760797342 0.43521594684385384
0 0.6096345514950167 0.43106312292358806 0.08637873754152824 0.23255813953488372
0 0.53156146179402 0.41362126245847175 0.12458471760797342 0.26245847176079734
0 0.46677740863787376 0.6578073089700996 0.1362126245847176 0.4418604651162791
0 0.6686046511627907 0.4269102990033223 0.08970099667774087 0.21926910299003322
0 0.7433554817275747 0.43521594684385384 0.10631229235880399 0.22757475083056478
0 0.2516611295681063 0.5166112956810631 0.1378737541528239 0.48172757475083056
0 0.45598006644518274 0.41362126245847175 0.09136212624584718 0.24086378737541528
0 0.33970099667774084 0.39285714285714285 0.09136212624584718 0.23754152823920266
0 0.39867109634551495 0.39285714285714285 0.08970099667774087 0.21262458471760798