0 0.938135593220339 0.7127118644067797 0.12372881355932204 0.5610169491525424
0 0.09745762711864407 0.7805084745762711 0.19491525423728814 0.4186440677966102
0 0.8822033898305085 0.788135593220339 0.2305084745762712 0.423728813559322
0 0.5525423728813559 0.6601694915254237 0.1576271186440678 0.4847457627118644
0 0.29491525423728815 0.7872881355932203 0.17627118644067796 0.41694915254237286
0 0.6949152542372882 0.7830508474576271 0.19322033898305085 0.43389830508474575
0 0.10762711864406779 0.5474576271186441 0.1864406779661017 0.26949152542372884
0 0.2830508474576271 0.5533898305084746 0.17288135593220338 0.33559322033898303
0 0.6957627118644067 0.5449152542372881 0.1576271186440678 0.2576271186440678
0 0.48559322033898306 0.7949152542372881 0.20508474576271185 0.3728813559322034
0 0.8220338983050848 0.5686440677966101 0.14915254237288136 0.25084745762711863
0 0.4194915254237288 0.6627118644067796 0.1576271186440678 0.488135593220339