0 0.9012237762237763 0.5777972027972028 0.16433566433566432 0.833916083916084
0 0.7788461538461539 0.590034965034965 0.14160839160839161 0.763986013986014
0 0.5629370629370629 0.5690559440559441 0.14335664335664336 0.8146853146853147
0 0.6722027972027972 0.5541958041958042 0.1451048951048951 0.8076923076923077
0 0.44755244755244755 0.5314685314685315 0.1520979020979021 0.8881118881118881
0 0.06031468531468531 0.576048951048951 0.12062937062937062 0.8269230769230769
0 0.20367132867132867 0.5708041958041958 0.16433566433566432 0.8426573426573427
0 0.32517482517482516 0.5428321678321678 0.1346153846153846 0.8391608391608392
0 0.3277972027972028 0.28059440559440557 0.1258741258741259 0.3146853146853147
0 0.20804195804195805 0.2875874125874126 0.1590909090909091 0.2692307692307692
0 0.06118881118881119 0.27884615384615385 0.11888111888111888 0.23251748251748253