0 0.5975836431226765 0.2983271375464684 0.17657992565055763 0.42936802973977695
0 0.8587360594795539 0.32899628252788105 0.16171003717472118 0.36988847583643125
0 0.3020446096654275 0.6254646840148699 0.21561338289962825 0.4107806691449814
0 0.7174721189591078 0.29739776951672864 0.16171003717472118 0.38847583643122674
0 0.887546468401487 0.6245353159851301 0.20074349442379183 0.4144981412639405
0 0.7741635687732342 0.6031598513011153 0.18773234200743494 0.3736059479553903
0 0.4758364312267658 0.30018587360594795 0.14684014869888476 0.3513011152416357
0 0.34014869888475835 0.34572490706319703 0.19888475836431227 0.5185873605947955
0 0.1533457249070632 0.6198884758364313 0.2695167286245353 0.3828996282527881
0 0.12267657992565056 0.3856877323420074 0.1524163568773234 0.4256505576208178
0 0.42379182156133827 0.5910780669144982 0.17286245353159851 0.3940520446096654
0 0.21561338289962825 0.34572490706319703 0.13940520446096655 0.3345724907063197
0 0.6514869888475836 0.5892193308550185 0.1691449814126394 0.3475836431226766
0 0.5381040892193308 0.5817843866171004 0.17843866171003717 0.3847583643122677