0 0.9263636363636364 0.6436363636363637 0.13636363636363635 0.7127272727272728
0 0.47 0.6218181818181818 0.16545454545454547 0.7563636363636363
0 0.5963636363636363 0.6318181818181818 0.14181818181818182 0.7363636363636363
0 0.8172727272727273 0.649090909090909 0.15454545454545454 0.7018181818181818
0 0.2409090909090909 0.6345454545454545 0.14909090909090908 0.7163636363636363
0 0.12272727272727273 0.6363636363636364 0.15454545454545454 0.6927272727272727
0 0.6990909090909091 0.6372727272727273 0.13636363636363635 0.7254545454545455
0 0.05545454545454546 0.5572727272727273 0.11090909090909092 0.8018181818181818
0 0.35545454545454547 0.6309090909090909 0.14 0.7327272727272728
0 0.1990909090909091 0.3190909090909091 0.08 0.25272727272727274
0 0.7618181818181818 0.6063636363636363 0.11272727272727273 0.7472727272727273
0 0.30272727272727273 0.5981818181818181 0.09818181818181818 0.7072727272727273
0 0.6081818181818182 0.3290909090909091 0.15454545454545454 0.2781818181818182
0 0.4090909090909091 0.5845454545454546 0.09818181818181818 0.6981818181818182
0 0.4163636363636364 0.3409090909090909 0.08727272727272728 0.2109090909090909