0 0.8873239436619719 0.585387323943662 0.18485915492957747 0.3785211267605634
0 0.789612676056338 0.4964788732394366 0.1443661971830986 0.4524647887323944
0 0.6804577464788732 0.5845070422535211 0.1619718309859155 0.3961267605633803
0 0.5765845070422535 0.49295774647887325 0.13908450704225353 0.4524647887323944
0 0.3626760563380282 0.6091549295774648 0.16549295774647887 0.3767605633802817
0 0.19630281690140844 0.6470070422535211 0.17781690140845072 0.3908450704225352
0 0.07394366197183098 0.6786971830985915 0.14788732394366197 0.36795774647887325
0 0.5008802816901409 0.5880281690140845 0.15669014084507044 0.36971830985915494
0 0.2367957746478873 0.5211267605633803 0.1426056338028169 0.44190140845070425
0 0.6681338028169014 0.37940140845070425 0.12323943661971831 0.22711267605633803
0 0.40492957746478875 0.4920774647887324 0.1267605633802817 0.4524647887323944
0 0.31514084507042256 0.47975352112676056 0.125 0.3890845070422535
0 0.13996478873239437 0.4278169014084507 0.09859154929577464 0.23415492957746478
0 0.4744718309859155 0.3970070422535211 0.11267605633802817 0.21830985915492956
0 0.07482394366197183 0.4859154929577465 0.14964788732394366 0.3485915492957746