0 0.8895348837209303 0.5739202657807309 0.16279069767441862 0.3521594684385382
0 0.03820598006644518 0.5274086378737541 0.07641196013289037 0.4568106312292359
0 0.8006644518272426 0.4867109634551495 0.1212624584717608 0.42524916943521596
0 0.6943521594684385 0.5664451827242525 0.13953488372093023 0.3704318936877076
0 0.5996677740863787 0.47674418604651164 0.11627906976744186 0.42524916943521596
0 0.3945182724252492 0.5789036544850499 0.14451827242524917 0.3521594684385382
0 0.23588039867109634 0.6088039867109635 0.15448504983388706 0.3654485049833887
0 0.11212624584717608 0.6353820598006644 0.14285714285714285 0.34551495016611294
0 0.5249169435215947 0.563953488372093 0.1362126245847176 0.34551495016611294
0 0.2782392026578073 0.49169435215946844 0.1212624584717608 0.4152823920265781
0 0.6893687707641196 0.37209302325581395 0.1079734219269103 0.21096345514950166
0 0.4377076411960133 0.4700996677740864 0.10465116279069768 0.42524916943521596
0 0.3538205980066445 0.45514950166112955 0.10465116279069768 0.3637873754152824
0 0.19019933554817275 0.4003322259136213 0.08637873754152824 0.21926910299003322
0 0.5066445182724253 0.38205980066445183 0.09966777408637874 0.20431893687707642
0 0.12624584717607973 0.4526578073089701 0.13122923588039867 0.32558139534883723