1 0.6422829581993569 0.2733118971061093 0.15434083601286175 0.45980707395498394
1 0.04421221864951769 0.27813504823151125 0.08842443729903537 0.5112540192926045
1 0.822347266881029 0.32556270096463025 0.2379421221864952 0.27813504823151125
1 0.795016077170418 0.01527331189710611 0.1270096463022508 0.03054662379421222
1 0.03295819935691318 0.8987138263665595 0.03697749196141479 0.20257234726688103
1 0.028938906752411574 0.8794212218649518 0.028938906752411574 0.18488745980707397
1 0.021704180064308683 0.7090032154340836 0.03054662379421222 0.16559485530546625
1 0.022508038585209004 0.772508038585209 0.03376205787781351 0.3102893890675241
1 0.021704180064308683 0.7684887459807074 0.024115755627009645 0.15755627009646303
1 0.04180064308681672 0.7990353697749196 0.06270096463022508 0.1832797427652733
1 0.03054662379421222 0.6969453376205788 0.03054662379421222 0.09003215434083602
1 0.02572347266881029 0.6961414790996785 0.04340836012861737 0.2282958199356913
1 0.016881028938906754 0.6430868167202572 0.028938906752411574 0.16881028938906753
1 0.01045016077170418 0.5779742765273312 0.01929260450160772 0.08842443729903537
1 0.04662379421221865 0.9702572347266881 0.04180064308681672 0.0594855305466238
1 0.03617363344051447 0.9509646302250804 0.03376205787781351 0.09807073954983923
1 0.08360128617363344 0.932475884244373 0.04180064308681672 0.13504823151125403
1 0.32395498392282956 0.979903536977492 0.09485530546623794 0.04019292604501608
1 0.41559485530546625 0.9155948553054662 0.0819935691318328 0.16881028938906753
1 0.5393890675241158 0.864951768488746 0.06913183279742766 0.21864951768488747
1 0.5032154340836013 0.9895498392282959 0.03858520900321544 0.02090032154340836
1 0.4541800643086817 0.795016077170418 0.06913183279742766 0.1639871382636656
1 0.5811897106109325 0.9284565916398714 0.0594855305466238 0.1382636655948553
1 0.6519292604501608 0.9155948553054662 0.06913183279742766 0.15755627009646303
1 0.7234726688102894 0.7781350482315113 0.028938906752411574 0.19292604501607716
1 0.6945337620578779 0.6334405144694534 0.07717041800643087 0.2733118971061093
1 0.5136655948553055 0.6864951768488746 0.06109324758842444 0.21221864951768488
1 0.5739549839228296 0.6680064308681672 0.08038585209003216 0.3311897106109325
1 0.6856913183279743 0.5361736334405145 0.03858520900321544 0.07717041800643087
1 0.7001607717041801 0.5401929260450161 0.04662379421221865 0.08681672025723473
1 0.6213826366559485 0.5401929260450161 0.06752411575562701 0.08038585209003216
1 0.4316720257234727 0.5578778135048231 0.04501607717041801 0.0932475884244373
1 0.454983922829582 0.5409967845659164 0.04340836012861737 0.06270096463022508
1 0.4139871382636656 0.5369774919614148 0.04019292604501608 0.04983922829581994
1 0.35771704180064307 0.6583601286173634 0.03536977491961415 0.16237942122186494
1 0.3054662379421222 0.7966237942122186 0.06109324758842444 0.2861736334405145
1 0.36816720257234725 0.8344051446945338 0.06270096463022508 0.19292604501607716
1 0.2684887459807074 0.7918006430868167 0.04823151125401929 0.17845659163987138
1 0.1607717041800643 0.9517684887459807 0.05144694533762058 0.09646302250803858
1 0.4445337620578778 0.6631832797427653 0.06913183279742766 0.14790996784565916
1 0.39067524115755625 0.6696141479099679 0.0594855305466238 0.21061093247588425
1 0.11736334405144695 0.7636655948553055 0.04019292604501608 0.13987138263665594
1 0.10771704180064309 0.6454983922829582 0.04823151125401929 0.14790996784565916
1 0.15032154340836013 0.7331189710610932 0.04180064308681672 0.13987138263665594
1 0.3545016077170418 0.5434083601286174 0.03215434083601286 0.05627009646302251
1 0.37138263665594856 0.5385852090032154 0.03215434083601286 0.04983922829581994
1 0.3327974276527331 0.5554662379421221 0.04340836012861737 0.07877813504823152
1 0.3754019292604502 0.5514469453376206 0.03858520900321544 0.07556270096463022
1 0.15836012861736334 0.5514469453376206 0.03858520900321544 0.05305466237942122
1 0.22347266881028938 0.5554662379421221 0.03376205787781351 0.06752411575562701
1 0.22588424437299034 0.6302250803858521 0.03536977491961415 0.1189710610932476
1 0.3062700964630225 0.547427652733119 0.028938906752411574 0.0594855305466238
1 0.5715434083601286 0.5313504823151125 0.03376205787781351 0.05627009646302251
1 0.6471061093247589 0.5209003215434084 0.022508038585209004 0.04340836012861737
1 0.18810289389067525 0.6165594855305466 0.04180064308681672 0.13987138263665594
1 0.014469453376205787 0.5498392282958199 0.024115755627009645 0.03376205787781351
1 0.008842443729903537 0.5570739549839229 0.01607717041800643 0.04662379421221865
1 0.07234726688102894 0.5996784565916399 0.03858520900321544 0.13987138263665594
1 0.2057877813504823 0.9188102893890675 0.05787781350482315 0.16237942122186494
1 0.0297427652733119 0.9429260450160771 0.02090032154340836 0.11414790996784566
1 0.2612540192926045 0.5522508038585209 0.04501607717041801 0.06430868167202572
1 0.5667202572347267 0.5321543408360129 0.024115755627009645 0.05627009646302251
1 0.5241157556270096 0.5257234726688103 0.024115755627009645 0.04019292604501608
1 0.8593247588424437 0.6929260450160771 0.28135048231511256 0.42443729903536975