1 0.044463087248322146 0.21644295302013422 0.08892617449664429 0.35906040268456374
1 0.8137583892617449 0.02936241610738255 0.1476510067114094 0.0587248322147651
1 0.5033557046979866 0.06375838926174497 0.16778523489932887 0.12751677852348994
1 0.46895973154362414 0.05956375838926174 0.09899328859060402 0.11912751677852348
1 0.6325503355704698 0.07214765100671142 0.21140939597315436 0.14429530201342283
1 0.9303691275167785 0.03355704697986577 0.06543624161073826 0.06711409395973154
1 0.8573825503355704 0.02348993288590604 0.07046979865771812 0.04697986577181208
1 0.7986577181208053 0.04278523489932886 0.08053691275167785 0.08557046979865772
1 0.5763422818791947 0.0050335570469798654 0.07885906040268456 0.010067114093959731
1 0.6493288590604027 0.006711409395973154 0.06040268456375839 0.013422818791946308
1 0.7248322147651006 0.034395973154362415 0.07046979865771812 0.06879194630872483
1 0.8926174496644296 0.07718120805369127 0.06040268456375839 0.087248322147651
1 0.9370805369127517 0.09563758389261745 0.04530201342281879 0.08389261744966443
1 0.9689597315436241 0.16191275167785235 0.015100671140939598 0.09563758389261745
1 0.5293624161073825 0.08892617449664429 0.06040268456375839 0.09731543624161074
1 0.6191275167785235 0.0964765100671141 0.04530201342281879 0.087248322147651
1 0.5151006711409396 0.15604026845637584 0.05201342281879195 0.09228187919463088
1 0.45805369127516776 0.04697986577181208 0.07718120805369127 0.09395973154362416
1 0.4748322147651007 0.0587248322147651 0.11073825503355705 0.1174496644295302
1 0.44211409395973156 0.020134228187919462 0.04530201342281879 0.03691275167785235
1 0.44798657718120805 0.034395973154362415 0.05704697986577181 0.06879194630872483
1 0.4395973154362416 0.05620805369127517 0.03859060402684564 0.10738255033557047
1 0.44043624161073824 0.087248322147651 0.03523489932885906 0.10234899328859061
1 0.43791946308724833 0.05956375838926174 0.03523489932885906 0.10738255033557047
1 0.4395973154362416 0.10570469798657718 0.030201342281879196 0.1040268456375839
1 0.4437919463087248 0.1552013422818792 0.028523489932885907 0.07046979865771812
1 0.4463087248322148 0.20385906040268456 0.02348993288590604 0.06711409395973154
1 0.4488255033557047 0.23573825503355705 0.025167785234899327 0.0738255033557047
1 0.4463087248322148 0.18456375838926176 0.028523489932885907 0.07550335570469799
1 0.6300335570469798 0.2751677852348993 0.0738255033557047 0.10234899328859061
1 0.4521812080536913 0.25419463087248323 0.028523489932885907 0.07046979865771812
1 0.46140939597315433 0.13926174496644295 0.04697986577181208 0.07885906040268456
1 0.25419463087248323 0.6711409395973155 0.4966442953020134 0.6308724832214765
1 0.9697986577181208 0.6895973154362416 0.06040268456375839 0.15100671140939598
1 0.9890939597315436 0.4748322147651007 0.02181208053691275 0.14093959731543623
1 0.6384228187919463 0.9521812080536913 0.08221476510067115 0.08221476510067115
1 0.5796979865771812 0.49580536912751677 0.04530201342281879 0.1174496644295302
1 0.47818791946308725 0.5293624161073825 0.030201342281879196 0.06711409395973154
1 0.7248322147651006 0.4865771812080537 0.0436241610738255 0.08221476510067115
1 0.8196308724832215 0.3598993288590604 0.050335570469798654 0.07550335570469799
1 0.7760067114093959 0.738255033557047 0.04865771812080537 0.13590604026845637
1 0.9052013422818792 0.6426174496644296 0.09563758389261745 0.31208053691275167
1 0.7483221476510067 0.8901006711409396 0.09228187919463088 0.18624161073825504
1 0.8741610738255033 0.9337248322147651 0.05201342281879195 0.0738255033557047
1 0.625 0.6585570469798657 0.040268456375838924 0.087248322147651
1 0.5478187919463087 0.5620805369127517 0.04194630872483222 0.09228187919463088
1 0.5234899328859061 0.6375838926174496 0.03523489932885906 0.05704697986577181
1 0.5234899328859061 0.7667785234899329 0.09228187919463088 0.22818791946308725
1 0.7021812080536913 0.6635906040268457 0.08892617449664429 0.2063758389261745
1 0.7449664429530202 0.584731543624161 0.08389261744966443 0.1493288590604027
1 0.822986577181208 0.6048657718120806 0.0738255033557047 0.11409395973154363
1 0.8682885906040269 0.6728187919463087 0.05201342281879195 0.12919463087248323
1 0.825503355704698 0.8859060402684564 0.07550335570469799 0.17953020134228187
1 0.9672818791946308 0.9236577181208053 0.06543624161073826 0.07885906040268456
1 0.9630872483221476 0.5721476510067114 0.0738255033557047 0.13087248322147652
1 0.9966442953020134 0.6786912751677853 0.006711409395973154 0.1761744966442953
1 0.5838926174496645 0.7281879194630873 0.053691275167785234 0.14597315436241612
1 0.6484899328859061 0.677013422818792 0.07550335570469799 0.22651006711409397
1 0.7986577181208053 0.5226510067114094 0.03691275167785235 0.08221476510067115
1 0.8565436241610739 0.40436241610738255 0.028523489932885907 0.06879194630872483
1 0.8842281879194631 0.3783557046979866 0.028523489932885907 0.0587248322147651
1 0.8817114093959731 0.4471476510067114 0.02348993288590604 0.08221476510067115
1 0.9035234899328859 0.41442953020134227 0.031879194630872486 0.06543624161073826
1 0.7550335570469798 0.37919463087248323 0.025167785234899327 0.050335570469798654
1 0.7768456375838926 0.4001677852348993 0.026845637583892617 0.053691275167785234
1 0.7961409395973155 0.39429530201342283 0.02348993288590604 0.04865771812080537
1 0.6434563758389261 0.5167785234899329 0.03355704697986577 0.06040268456375839
1 0.6593959731543624 0.5528523489932886 0.025167785234899327 0.053691275167785234
1 0.6854026845637584 0.5100671140939598 0.028523489932885907 0.0738255033557047
1 0.5746644295302014 0.3624161073825503 0.03523489932885906 0.03691275167785235
1 0.6669463087248322 0.348993288590604 0.02181208053691275 0.025167785234899327
1 0.46560402684563756 0.4446308724832215 0.020134228187919462 0.053691275167785234