1 0.06370967741935483 0.21693548387096775 0.12741935483870967 0.38225806451612904
1 0.8298387096774194 0.04758064516129032 0.1435483870967742 0.09516129032258064
1 0.5290322580645161 0.07741935483870968 0.16129032258064516 0.15483870967741936
1 0.4959677419354839 0.07419354838709677 0.09516129032258064 0.14838709677419354
1 0.6532258064516129 0.08629032258064516 0.2032258064516129 0.17258064516129032
1 0.9137096774193548 0.020161290322580645 0.09193548387096774 0.04032258064516129
1 0.942741935483871 0.0532258064516129 0.06129032258064516 0.1032258064516129
1 0.8701612903225806 0.041935483870967745 0.06935483870967742 0.08387096774193549
1 0.8161290322580645 0.06693548387096775 0.07580645161290323 0.1064516129032258
1 0.7556451612903226 0.018548387096774192 0.09838709677419355 0.037096774193548385
1 0.6016129032258064 0.021774193548387097 0.07741935483870968 0.043548387096774194
1 0.6709677419354839 0.025 0.06129032258064516 0.05
1 0.7451612903225806 0.05161290322580645 0.06774193548387097 0.1032258064516129
1 0.9048387096774193 0.1153225806451613 0.056451612903225805 0.08225806451612903
1 0.9475806451612904 0.13306451612903225 0.041935483870967745 0.07903225806451612
1 0.9766129032258064 0.1975806451612903 0.012903225806451613 0.09193548387096774
1 0.5556451612903226 0.12016129032258065 0.056451612903225805 0.0935483870967742
1 0.6411290322580645 0.12903225806451613 0.041935483870967745 0.08225806451612903
1 0.5411290322580645 0.18467741935483872 0.04838709677419355 0.08870967741935484
1 0.4854838709677419 0.062096774193548386 0.07419354838709677 0.12419354838709677
1 0.5016129032258064 0.07258064516129033 0.1064516129032258 0.14516129032258066
1 0.47096774193548385 0.03467741935483871 0.04516129032258064 0.06935483870967742
1 0.47661290322580646 0.049193548387096775 0.056451612903225805 0.09838709677419355
1 0.4685483870967742 0.06935483870967742 0.03870967741935484 0.13870967741935483
1 0.47016129032258064 0.11693548387096774 0.03225806451612903 0.09838709677419355
1 0.4685483870967742 0.09112903225806451 0.03225806451612903 0.1032258064516129
1 0.4685483870967742 0.1346774193548387 0.027419354838709678 0.1
1 0.4717741935483871 0.18225806451612903 0.025806451612903226 0.06774193548387097
1 0.47419354838709676 0.22903225806451613 0.02258064516129032 0.06451612903225806
1 0.47580645161290325 0.25967741935483873 0.02258064516129032 0.07096774193548387
1 0.47419354838709676 0.21048387096774193 0.025806451612903226 0.07258064516129033
1 0.6491935483870968 0.3008064516129032 0.06935483870967742 0.09838709677419355
1 0.4790322580645161 0.27741935483870966 0.025806451612903226 0.06774193548387097
1 0.48951612903225805 0.16774193548387098 0.043548387096774194 0.07580645161290323
1 0.2814516129032258 0.675 0.46774193548387094 0.6
1 0.9693548387096774 0.7056451612903226 0.056451612903225805 0.14516129032258066
1 0.9903225806451613 0.49838709677419357 0.01935483870967742 0.13548387096774195
1 0.6459677419354839 0.9532258064516129 0.07741935483870968 0.08064516129032258
1 0.5967741935483871 0.5120967741935484 0.041935483870967745 0.11129032258064517
1 0.4991935483870968 0.542741935483871 0.02903225806451613 0.06451612903225806
1 0.7362903225806452 0.5056451612903226 0.04032258064516129 0.07741935483870968
1 0.8298387096774194 0.38548387096774195 0.0467741935483871 0.07258064516129033
1 0.7814516129032258 0.7483870967741936 0.043548387096774194 0.12903225806451613
1 0.907258064516129 0.6580645161290323 0.08709677419354839 0.29838709677419356
1 0.7524193548387097 0.8951612903225806 0.08548387096774193 0.18064516129032257
1 0.8725806451612903 0.9395161290322581 0.04838709677419355 0.07419354838709677
1 0.6379032258064516 0.6693548387096774 0.037096774193548385 0.08225806451612903
1 0.5653225806451613 0.5758064516129032 0.03870967741935484 0.08709677419354839
1 0.5411290322580645 0.6475806451612903 0.03225806451612903 0.054838709677419356
1 0.5387096774193548 0.771774193548387 0.08548387096774193 0.21935483870967742
1 0.7120967741935483 0.675 0.08225806451612903 0.19838709677419356
1 0.7540322580645161 0.6 0.07903225806451612 0.1435483870967742
1 0.8290322580645161 0.6209677419354839 0.06774193548387097 0.10806451612903226
1 0.8709677419354839 0.6862903225806452 0.04838709677419355 0.12419354838709677
1 0.8266129032258065 0.8927419354838709 0.06935483870967742 0.17419354838709677
1 0.9629032258064516 0.9314516129032258 0.06129032258064516 0.07741935483870968
1 0.964516129032258 0.5919354838709677 0.07096774193548387 0.12580645161290321
1 0.9959677419354839 0.6943548387096774 0.008064516129032258 0.1693548387096774
1 0.5975806451612903 0.7354838709677419 0.05 0.1403225806451613
1 0.660483870967742 0.6879032258064516 0.06935483870967742 0.21774193548387097
1 0.807258064516129 0.5419354838709678 0.03387096774193549 0.07903225806451612
1 0.864516129032258 0.4282258064516129 0.027419354838709678 0.06612903225806452
1 0.8919354838709678 0.40403225806451615 0.025806451612903226 0.056451612903225805
1 0.8887096774193548 0.47016129032258064 0.020967741935483872 0.07903225806451612
1 0.9096774193548387 0.43870967741935485 0.03064516129032258 0.06290322580645161
1 0.7669354838709678 0.4032258064516129 0.024193548387096774 0.04838709677419355
1 0.7879032258064517 0.42338709677419356 0.024193548387096774 0.05161290322580645
1 0.807258064516129 0.41774193548387095 0.02258064516129032 0.0467741935483871
1 0.6580645161290323 0.5330645161290323 0.03064516129032258 0.05806451612903226
1 0.6725806451612903 0.567741935483871 0.02258064516129032 0.05161290322580645
1 0.6983870967741935 0.5274193548387097 0.025806451612903226 0.07096774193548387
1 0.5943548387096774 0.38306451612903225 0.03225806451612903 0.03387096774193549
1 0.6838709677419355 0.3725806451612903 0.020967741935483872 0.024193548387096774
1 0.48870967741935484 0.4612903225806452 0.017741935483870968 0.05161290322580645