1 0.6744791666666666 0.2786458333333333 0.14930555555555555 0.4913194444444444
1 0.034722222222222224 0.2569444444444444 0.06944444444444445 0.5138888888888888
1 0.8654513888888888 0.3480902777777778 0.2482638888888889 0.2916666666666667
1 0.8611111111111112 0.015625 0.13541666666666666 0.020833333333333332
1 0.009548611111111112 0.8003472222222222 0.019097222222222224 0.19444444444444445
1 0.024305555555555556 0.9340277777777778 0.03819444444444445 0.11631944444444445
1 0.3836805555555556 0.9314236111111112 0.0798611111111111 0.13541666666666666
1 0.5190972222222222 0.8949652777777778 0.06597222222222222 0.21006944444444445
1 0.4331597222222222 0.8272569444444444 0.06944444444444445 0.1753472222222222
1 0.5607638888888888 0.953125 0.059027777777777776 0.09375
1 0.6380208333333334 0.9435763888888888 0.06770833333333333 0.11284722222222222
1 0.7248263888888888 0.8289930555555556 0.024305555555555556 0.20833333333333334
1 0.7048611111111112 0.6701388888888888 0.07291666666666667 0.2934027777777778
1 0.5060763888888888 0.7144097222222222 0.057291666666666664 0.22916666666666666
1 0.5720486111111112 0.6987847222222222 0.07465277777777778 0.3559027777777778
1 0.7022569444444444 0.5651041666666666 0.03993055555555555 0.08159722222222222
1 0.7178819444444444 0.5703125 0.046875 0.0920138888888889
1 0.6328125 0.5651041666666666 0.07118055555555555 0.08506944444444445
1 0.4270833333333333 0.5694444444444444 0.04513888888888889 0.09895833333333333
1 0.453125 0.5529513888888888 0.04513888888888889 0.06597222222222222
1 0.4097222222222222 0.5451388888888888 0.041666666666666664 0.052083333333333336
1 0.3402777777777778 0.671875 0.03298611111111111 0.1736111111111111
1 0.2734375 0.8168402777777778 0.05555555555555555 0.3072916666666667
1 0.3376736111111111 0.8628472222222222 0.06076388888888889 0.2065972222222222
1 0.23350694444444445 0.8090277777777778 0.04513888888888889 0.1909722222222222
1 0.10677083333333333 0.9574652777777778 0.050347222222222224 0.07118055555555555
1 0.4322916666666667 0.6840277777777778 0.06944444444444445 0.1579861111111111
1 0.3741319444444444 0.6875 0.05555555555555555 0.22743055555555555
1 0.07291666666666667 0.7673611111111112 0.03819444444444445 0.14930555555555555
1 0.07118055555555555 0.6388888888888888 0.046875 0.1579861111111111
1 0.11024305555555555 0.7369791666666666 0.03993055555555555 0.14930555555555555
1 0.3446180555555556 0.5477430555555556 0.03298611111111111 0.059027777777777776
1 0.3637152777777778 0.5442708333333334 0.03298611111111111 0.052083333333333336
1 0.3211805555555556 0.5590277777777778 0.04513888888888889 0.08333333333333333
1 0.3671875 0.5581597222222222 0.03993055555555555 0.0798611111111111
1 0.1328125 0.5425347222222222 0.03993055555555555 0.05555555555555555
1 0.203125 0.5512152777777778 0.034722222222222224 0.07118055555555555
1 0.1996527777777778 0.6319444444444444 0.03298611111111111 0.1267361111111111
1 0.2925347222222222 0.5486111111111112 0.029513888888888888 0.0625
1 0.5798611111111112 0.5520833333333334 0.034722222222222224 0.059027777777777776
1 0.6614583333333334 0.5460069444444444 0.022569444444444444 0.04513888888888889
1 0.1605902777777778 0.6137152777777778 0.03993055555555555 0.14930555555555555
1 0.036458333333333336 0.5876736111111112 0.036458333333333336 0.14930555555555555
1 0.15711805555555555 0.9244791666666666 0.05381944444444445 0.140625
1 0.2439236111111111 0.5503472222222222 0.046875 0.06770833333333333
1 0.5746527777777778 0.5520833333333334 0.024305555555555556 0.059027777777777776
1 0.5286458333333334 0.5425347222222222 0.024305555555555556 0.041666666666666664
1 0.8663194444444444 0.7482638888888888 0.265625 0.4479166666666667