1 0.07130281690140845 0.8547535211267606 0.1426056338028169 0.22711267605633803
1 0.31514084507042256 0.8204225352112676 0.24471830985915494 0.3257042253521127
1 0.4005281690140845 0.5633802816901409 0.15492957746478872 0.1602112676056338
1 0.08362676056338028 0.48327464788732394 0.11971830985915492 0.13204225352112675
1 0.36971830985915494 0.426056338028169 0.13204225352112675 0.11971830985915492
1 0.03697183098591549 0.37059859154929575 0.06690140845070422 0.15669014084507044
1 0.2596830985915493 0.4375 0.08274647887323944 0.0880281690140845
1 0.3494718309859155 0.9665492957746479 0.34330985915492956 0.06690140845070422
1 0.7253521126760564 0.9850352112676056 0.27816901408450706 0.02992957746478873
1 0.8723591549295775 0.9392605633802817 0.18838028169014084 0.12147887323943662
1 0.5801056338028169 0.8855633802816901 0.24295774647887325 0.22535211267605634
1 0.6839788732394366 0.7517605633802817 0.17781690140845072 0.1267605633802817
1 0.8301056338028169 0.8591549295774648 0.29577464788732394 0.20950704225352113
1 0.8829225352112676 0.7790492957746479 0.20246478873239437 0.18838028169014084
1 0.9154929577464789 0.6901408450704225 0.14788732394366197 0.12852112676056338
1 0.9278169014084507 0.5669014084507042 0.1443661971830986 0.20422535211267606
1 0.5448943661971831 0.641725352112676 0.14788732394366197 0.16901408450704225
1 0.5501760563380281 0.3970070422535211 0.09507042253521127 0.07746478873239436
1 0.608274647887324 0.4480633802816901 0.11619718309859155 0.13556338028169015
1 0.4639084507042254 0.5008802816901409 0.06690140845070422 0.12323943661971831
1 0.1875 0.3230633802816901 0.1267605633802817 0.13028169014084506
1 0.1619718309859155 0.39524647887323944 0.13908450704225353 0.13380281690140844
1 0.7940140845070423 0.5959507042253521 0.125 0.198943661971831
1 0.676056338028169 0.5827464788732394 0.1637323943661972 0.20598591549295775
1 0.9339788732394366 0.45686619718309857 0.13204225352112675 0.11795774647887323
1 0.829225352112676 0.4242957746478873 0.1073943661971831 0.07922535211267606
1 0.4551056338028169 0.31954225352112675 0.08274647887323944 0.07922535211267606
1 0.43838028169014087 0.23591549295774647 0.06514084507042253 0.061619718309859156