1 0.060126582278481014 0.37579113924050633 0.12025316455696203 0.13765822784810128
1 0.31408227848101267 0.31962025316455694 0.04272151898734177 0.11234177215189874
1 0.09018987341772151 0.25395569620253167 0.11550632911392406 0.10126582278481013
1 0.18829113924050633 0.2697784810126582 0.07120253164556962 0.07436708860759493
1 0.03164556962025317 0.4224683544303797 0.06329113924050633 0.05063291139240506
1 0.030063291139240507 0.33939873417721517 0.060126582278481014 0.17563291139240506
1 0.02689873417721519 0.40585443037974683 0.05379746835443038 0.08386075949367089
1 0.013449367088607595 0.21598101265822786 0.02689873417721519 0.06487341772151899
1 0.01819620253164557 0.25712025316455694 0.03639240506329114 0.11550632911392406
1 0.014240506329113924 0.31645569620253167 0.028481012658227847 0.10759493670886076
1 0.2579113924050633 0.17009493670886075 0.10917721518987342 0.11234177215189874
1 0.27531645569620256 0.23575949367088608 0.11392405063291139 0.11392405063291139
1 0.020569620253164556 0.36787974683544306 0.04113924050632911 0.15981012658227847
1 0.030854430379746837 0.3662974683544304 0.061708860759493674 0.1629746835443038
1 0.027689873417721517 0.24050632911392406 0.055379746835443035 0.0981012658227848
1 0.01661392405063291 0.21914556962025317 0.03322784810126582 0.06487341772151899
1 0.02610759493670886 0.15348101265822786 0.05221518987341772 0.06645569620253164
1 0.037183544303797465 0.07990506329113924 0.055379746835443035 0.05221518987341772
1 0.8085443037974683 0.037183544303797465 0.056962025316455694 0.07436708860759493
1 0.9137658227848101 0.38212025316455694 0.058544303797468354 0.06962025316455696
1 0.807753164556962 0.015031645569620253 0.03639240506329114 0.030063291139240507
1 0.8805379746835443 0.03481012658227848 0.04588607594936709 0.06962025316455696
1 0.8441455696202531 0.030063291139240507 0.06487341772151899 0.060126582278481014
1 0.8599683544303798 0.02689873417721519 0.0490506329113924 0.05379746835443038
1 0.7096518987341772 0.01977848101265823 0.03955696202531646 0.03955696202531646
1 0.759493670886076 0.0245253164556962 0.04746835443037975 0.0490506329113924
1 0.7484177215189873 0.01661392405063291 0.0379746835443038 0.03322784810126582
1 0.8085443037974683 0.0189873417721519 0.04746835443037975 0.0379746835443038
1 0.7587025316455697 0.01740506329113924 0.03639240506329114 0.03481012658227848
1 0.7397151898734177 0.0189873417721519 0.055379746835443035 0.0379746835443038
1 0.6162974683544303 0.04272151898734177 0.055379746835443035 0.08544303797468354
1 0.6637658227848101 0.01740506329113924 0.0490506329113924 0.03481012658227848
1 0.9090189873417721 0.0245253164556962 0.0490506329113924 0.0490506329113924
1 0.6621835443037974 0.012658227848101266 0.04272151898734177 0.02531645569620253
1 0.6835443037974683 0.022943037974683545 0.028481012658227847 0.04588607594936709
1 0.8583860759493671 0.1550632911392405 0.0680379746835443 0.14873417721518986
1 0.9588607594936709 0.03401898734177215 0.05063291139240506 0.0680379746835443
1 0.5585443037974683 0.03955696202531646 0.08860759493670886 0.07911392405063292
1 0.6867088607594937 0.02531645569620253 0.07911392405063292 0.05063291139240506
1 0.6582278481012658 0.02610759493670886 0.06962025316455696 0.05221518987341772
1 0.46044303797468356 0.030063291139240507 0.11708860759493671 0.060126582278481014
1 0.5664556962025317 0.04667721518987342 0.0981012658227848 0.09335443037974683
1 0.9580696202531646 0.029272151898734177 0.05221518987341772 0.058544303797468354
1 0.9612341772151899 0.20411392405063292 0.056962025316455694 0.09968354430379747
1 0.7784810126582279 0.30300632911392406 0.05063291139240506 0.11234177215189874
1 0.7689873417721519 0.18670886075949367 0.05063291139240506 0.1281645569620253
1 0.8140822784810127 0.2231012658227848 0.0490506329113924 0.13449367088607594
1 0.5593354430379747 0.020569620253164556 0.055379746835443035 0.04113924050632911
1 0.3694620253164557 0.022943037974683545 0.08069620253164557 0.04113924050632911
1 0.9193037974683544 0.01740506329113924 0.04430379746835443 0.03481012658227848
1 0.26819620253164556 0.507120253164557 0.14873417721518986 0.14240506329113925
1 0.2444620253164557 0.6574367088607594 0.13291139240506328 0.13765822784810128
1 0.28718354430379744 0.7776898734177216 0.11550632911392406 0.10126582278481013
1 0.21835443037974683 0.46914556962025317 0.24208860759493672 0.06645569620253164
1 0.060126582278481014 0.47468354430379744 0.12025316455696203 0.06329113924050633
1 0.04272151898734177 0.5 0.08544303797468354 0.11075949367088607
1 0.07674050632911393 0.4912974683544304 0.15348101265822786 0.09651898734177215
1 0.037183544303797465 0.5174050632911392 0.07436708860759493 0.10443037974683544
1 0.06408227848101265 0.4873417721518987 0.1281645569620253 0.08860759493670886
1 0.04509493670886076 0.5166139240506329 0.09018987341772151 0.1439873417721519
1 0.03639240506329114 0.5909810126582279 0.06962025316455696 0.1060126582278481
1 0.038765822784810125 0.7033227848101266 0.06962025316455696 0.17563291139240506
1 0.10680379746835443 0.6036392405063291 0.125 0.14556962025316456
1 0.12895569620253164 0.8235759493670886 0.08227848101265822 0.06645569620253164
1 0.07199367088607594 0.7832278481012658 0.0981012658227848 0.11708860759493671
1 0.19462025316455697 0.7207278481012658 0.05379746835443038 0.10759493670886076
1 0.027689873417721517 0.6669303797468354 0.05063291139240506 0.17246835443037975
1 0.037183544303797465 0.6700949367088608 0.06962025316455696 0.17563291139240506
1 0.041930379746835444 0.8014240506329114 0.06645569620253164 0.0981012658227848
1 0.03243670886075949 0.8235759493670886 0.04430379746835443 0.06487341772151899
1 0.2231012658227848 0.882120253164557 0.07120253164556962 0.06962025316455696
1 0.2468354430379747 0.9549050632911392 0.055379746835443035 0.05221518987341772
1 0.6083860759493671 0.7705696202531646 0.19145569620253164 0.4572784810126582