1 0.880718954248366 0.8415032679738562 0.238562091503268 0.2875816993464052
1 0.5996732026143791 0.7655228758169934 0.2173202614379085 0.2957516339869281
1 0.5294117647058824 0.5245098039215687 0.1388888888888889 0.1437908496732026
1 0.8259803921568627 0.4599673202614379 0.10784313725490197 0.119281045751634
1 0.5629084967320261 0.397875816993464 0.12091503267973856 0.10784313725490197
1 0.8880718954248366 0.3570261437908497 0.08986928104575163 0.14705882352941177
1 0.6642156862745098 0.4117647058823529 0.07352941176470588 0.0784313725490196
1 0.5645424836601307 0.9370915032679739 0.32189542483660133 0.12581699346405228
1 0.21568627450980393 0.9477124183006536 0.26143790849673204 0.10457516339869281
1 0.09068627450980392 0.9019607843137255 0.15196078431372548 0.19607843137254902
1 0.352124183006536 0.8169934640522876 0.21895424836601307 0.20261437908496732
1 0.26062091503267976 0.690359477124183 0.16176470588235295 0.11274509803921569
1 0.13316993464052287 0.7843137254901961 0.24509803921568626 0.184640522875817
1 0.08660130718954248 0.7083333333333334 0.16013071895424835 0.16830065359477125
1 0.058823529411764705 0.6241830065359477 0.1111111111111111 0.11274509803921569
1 0.05228758169934641 0.5106209150326797 0.10457516339869281 0.184640522875817
1 0.3929738562091503 0.5923202614379085 0.1323529411764706 0.15359477124183007
1 0.3954248366013072 0.36437908496732024 0.08660130718954248 0.07026143790849673
1 0.34068627450980393 0.41094771241830064 0.10457516339869281 0.12254901960784313
1 0.4730392156862745 0.46486928104575165 0.05718954248366013 0.11274509803921569
1 0.7344771241830066 0.3088235294117647 0.11601307189542484 0.11764705882352941
1 0.755718954248366 0.3758169934640523 0.12581699346405228 0.12091503267973856
1 0.16339869281045752 0.5416666666666666 0.10947712418300654 0.18137254901960784
1 0.27369281045751637 0.5334967320261438 0.14705882352941177 0.18627450980392157
1 0.04820261437908497 0.4084967320261438 0.09640522875816994 0.10457516339869281
1 0.136437908496732 0.3815359477124183 0.09803921568627451 0.07026143790849673
1 0.4869281045751634 0.2957516339869281 0.07516339869281045 0.07026143790849673
1 0.5049019607843137 0.21895424836601307 0.058823529411764705 0.05555555555555555