1 0.09731012658227849 0.5166139240506329 0.19462025316455697 0.20727848101265822
1 0.15822784810126583 0.3204113924050633 0.13291139240506328 0.13765822784810128
1 0.030063291139240507 0.26819620253164556 0.04746835443037975 0.11234177215189874
1 0.12341772151898735 0.19778481012658228 0.11392405063291139 0.10126582278481013
1 0.028481012658227847 0.17088607594936708 0.03955696202531646 0.13924050632911392
1 0.03401898734177215 0.21281645569620253 0.05221518987341772 0.07436708860759493
1 0.3346518987341772 0.5664556962025317 0.20727848101265822 0.125
1 0.4208860759493671 0.4754746835443038 0.1550632911392405 0.1060126582278481
1 0.5007911392405063 0.555379746835443 0.14240506329113925 0.15664556962025317
1 0.5443037974683544 0.4889240506329114 0.060126582278481014 0.15664556962025317
1 0.2911392405063291 0.3837025316455696 0.125 0.14715189873417722
1 0.2848101265822785 0.1629746835443038 0.08227848101265822 0.06645569620253164
1 0.33860759493670883 0.20727848101265822 0.0981012658227848 0.11708860759493671
1 0.21123417721518986 0.2610759493670886 0.05379746835443038 0.10759493670886076
1 0.037183544303797465 0.11708860759493671 0.05063291139240506 0.11075949367088607
1 0.037183544303797465 0.18275316455696203 0.055379746835443035 0.11234177215189874
1 0.5118670886075949 0.3299050632911392 0.10443037974683544 0.17405063291139242
1 0.40585443037974683 0.32436708860759494 0.13924050632911392 0.1787974683544304
1 0.5356012658227848 0.17484177215189872 0.09335443037974683 0.06645569620253164
1 0.19462025316455697 0.0981012658227848 0.07120253164556962 0.0680379746835443
1 0.1764240506329114 0.0245253164556962 0.055379746835443035 0.0490506329113924
1 0.7824367088607594 0.03322784810126582 0.058544303797468354 0.0490506329113924
1 0.5838607594936709 0.5664556962025317 0.03481012658227848 0.12183544303797468
1 0.5909810126582279 0.3370253164556962 0.03164556962025317 0.10284810126582279
1 0.928006329113924 0.3860759493670886 0.06645569620253164 0.08227848101265822
1 0.5854430379746836 0.507120253164557 0.03164556962025317 0.0949367088607595
1 0.5878164556962026 0.30854430379746833 0.022151898734177215 0.08860759493670886
1 0.5870253164556962 0.3291139240506329 0.022151898734177215 0.07911392405063292
1 0.75 0.6020569620253164 0.06645569620253164 0.07753164556962025
1 0.5965189873417721 0.17167721518987342 0.030063291139240507 0.07278481012658228
1 0.5965189873417721 0.35917721518987344 0.04588607594936709 0.12183544303797468
1 0.6685126582278481 0.27531645569620256 0.05379746835443038 0.10126582278481013
1 0.5893987341772152 0.2737341772151899 0.023734177215189875 0.07278481012658228
1 0.7373417721518988 0.1843354430379747 0.058544303797468354 0.12183544303797468
1 0.5981012658227848 0.1574367088607595 0.03322784810126582 0.09177215189873418
1 0.9612341772151899 0.03164556962025317 0.03322784810126582 0.03322784810126582
1 0.5806962025316456 0.5917721518987342 0.028481012658227847 0.08702531645569621
1 0.5846518987341772 0.4525316455696203 0.02531645569620253 0.06645569620253164
1 0.5925632911392406 0.1764240506329114 0.023734177215189875 0.09335443037974683
1 0.9604430379746836 0.12420886075949367 0.05221518987341772 0.08227848101265822
1 0.872626582278481 0.18037974683544303 0.055379746835443035 0.10759493670886076
1 0.6028481012658228 0.10917721518987342 0.03955696202531646 0.08069620253164557
1 0.5846518987341772 0.5102848101265823 0.030063291139240507 0.08860759493670886
1 0.5870253164556962 0.2911392405063291 0.0189873417721519 0.06329113924050633
1 0.5854430379746836 0.34177215189873417 0.020569620253164556 0.07278481012658228
1 0.5783227848101266 0.5300632911392406 0.0189873417721519 0.07753164556962025
1 0.8765822784810127 0.28164556962025317 0.055379746835443035 0.11075949367088607
1 0.821993670886076 0.560126582278481 0.061708860759493674 0.11392405063291139
1 0.6392405063291139 0.18908227848101267 0.05379746835443038 0.08860759493670886
1 0.5949367088607594 0.4675632911392405 0.05063291139240506 0.11708860759493671
1 0.5925632911392406 0.24208860759493672 0.028481012658227847 0.08069620253164557
1 0.5878164556962026 0.5688291139240507 0.04113924050632911 0.0981012658227848
1 0.5878164556962026 0.4430379746835443 0.03164556962025317 0.10284810126582279
1 0.8575949367088608 0.6329113924050633 0.04113924050632911 0.023734177215189875
1 0.5886075949367089 0.310126582278481 0.02689873417721519 0.12025316455696203
1 0.9889240506329114 0.06091772151898734 0.022151898734177215 0.09018987341772151
1 0.8069620253164557 0.17405063291139242 0.055379746835443035 0.08544303797468354
1 0.5846518987341772 0.42563291139240506 0.02689873417721519 0.12658227848101267
1 0.6598101265822784 0.12658227848101267 0.04430379746835443 0.06329113924050633
1 0.5893987341772152 0.28164556962025317 0.023734177215189875 0.08227848101265822
1 0.5901898734177216 0.24841772151898733 0.023734177215189875 0.0949367088607595
1 0.7666139240506329 0.4026898734177215 0.04272151898734177 0.08227848101265822
1 0.9794303797468354 0.2602848101265823 0.04113924050632911 0.09651898734177215
1 0.7381329113924051 0.05300632911392405 0.0490506329113924 0.06329113924050633
1 0.8354430379746836 0.10126582278481013 0.061708860759493674 0.07753164556962025
1 0.6131329113924051 0.31091772151898733 0.058544303797468354 0.12025316455696203
1 0.9177215189873418 0.27056962025316456 0.05221518987341772 0.125
1 0.7064873417721519 0.11392405063291139 0.04272151898734177 0.0680379746835443
1 0.5965189873417721 0.10126582278481013 0.02531645569620253 0.0759493670886076
1 0.5886075949367089 0.4509493670886076 0.03639240506329114 0.1281645569620253
1 0.5981012658227848 0.10363924050632911 0.028481012658227847 0.08860759493670886
1 0.7001582278481012 0.4319620253164557 0.09177215189873418 0.12658227848101267
1 0.6162974683544303 0.3939873417721519 0.03481012658227848 0.061708860759493674
1 0.5988924050632911 0.5308544303797469 0.04272151898734177 0.09018987341772151
1 0.7697784810126582 0.11313291139240507 0.04588607594936709 0.09018987341772151
1 0.5957278481012658 0.058544303797468354 0.0189873417721519 0.06329113924050633
1 0.5917721518987342 0.0925632911392405 0.014240506329113924 0.058544303797468354
1 0.5854430379746836 0.4477848101265823 0.028481012658227847 0.09651898734177215
1 0.9818037974683544 0.35205696202531644 0.03639240506329114 0.10284810126582279
1 0.7848101265822784 0.252373417721519 0.04746835443037975 0.08860759493670886
1 0.5878164556962026 0.24525316455696203 0.0189873417721519 0.07278481012658228
1 0.5862341772151899 0.34572784810126583 0.020569620253164556 0.0680379746835443
1 0.7642405063291139 0.2958860759493671 0.05063291139240506 0.08860759493670886
1 0.6447784810126582 0.4849683544303797 0.056962025316455694 0.09177215189873418
1 0.5941455696202531 0.10126582278481013 0.0189873417721519 0.06329113924050633
1 0.5941455696202531 0.09731012658227849 0.0189873417721519 0.04588607594936709
1 0.5799050632911392 0.5735759493670886 0.02531645569620253 0.1060126582278481
1 0.9889240506329114 0.027689873417721517 0.022151898734177215 0.023734177215189875
1 0.5806962025316456 0.46360759493670883 0.0189873417721519 0.08544303797468354
1 0.9493670886075949 0.21598101265822786 0.0490506329113924 0.09018987341772151
1 0.5870253164556962 0.6107594936708861 0.04113924050632911 0.0490506329113924
1 0.5846518987341772 0.43433544303797467 0.02531645569620253 0.08386075949367089
1 0.875 0.560126582278481 0.060126582278481014 0.08544303797468354
1 0.5862341772151899 0.5308544303797469 0.03481012658227848 0.0949367088607595
1 0.9050632911392406 0.04113924050632911 0.04746835443037975 0.056962025316455694
1 0.7634493670886076 0.5379746835443038 0.0680379746835443 0.0759493670886076
1 0.6099683544303798 0.029272151898734177 0.04588607594936709 0.05379746835443038
1 0.627373417721519 0.058544303797468354 0.0379746835443038 0.060126582278481014
1 0.5909810126582279 0.16930379746835442 0.01740506329113924 0.06645569620253164
1 0.5846518987341772 0.3860759493670886 0.022151898734177215 0.0759493670886076
1 0.6772151898734177 0.5387658227848101 0.05063291139240506 0.08227848101265822
1 0.7856012658227848 0.47705696202531644 0.05063291139240506 0.07436708860759493
1 0.5965189873417721 0.24920886075949367 0.030063291139240507 0.061708860759493674
1 0.8987341772151899 0.11392405063291139 0.056962025316455694 0.07120253164556962
1 0.5870253164556962 0.41060126582278483 0.028481012658227847 0.10443037974683544
1 0.627373417721519 0.2737341772151899 0.04430379746835443 0.08544303797468354
1 0.8322784810126582 0.45569620253164556 0.05063291139240506 0.10126582278481013
1 0.865506329113924 0.375 0.03955696202531646 0.06329113924050633
1 0.7318037974683544 0.36075949367088606 0.04746835443037975 0.08069620253164557
1 0.9794303797468354 0.1439873417721519 0.04113924050632911 0.08544303797468354
1 0.8378164556962026 0.03560126582278481 0.0490506329113924 0.0490506329113924
1 0.5814873417721519 0.6075949367088608 0.030063291139240507 0.055379746835443035
1 0.939873417721519 0.5625 0.05379746835443038 0.08544303797468354
1 0.5893987341772152 0.2887658227848101 0.02531645569620253 0.08069620253164557
1 0.5862341772151899 0.31408227848101267 0.0189873417721519 0.0680379746835443
1 0.9185126582278481 0.6170886075949367 0.06487341772151899 0.060126582278481014
1 0.6012658227848101 0.13924050632911392 0.0379746835443038 0.11234177215189874
1 0.5909810126582279 0.22943037974683544 0.022151898734177215 0.056962025316455694
1 0.5791139240506329 0.5830696202531646 0.02531645569620253 0.08386075949367089
1 0.5949367088607594 0.20490506329113925 0.030063291139240507 0.09177215189873418
1 0.5893987341772152 0.19936708860759494 0.0189873417721519 0.07911392405063292
1 0.5981012658227848 0.027689873417721517 0.022151898734177215 0.0490506329113924
1 0.5917721518987342 0.1661392405063291 0.022151898734177215 0.12658227848101267
1 0.5830696202531646 0.5799050632911392 0.03164556962025317 0.0759493670886076
1 0.8164556962025317 0.30933544303797467 0.04272151898734177 0.09335443037974683
1 0.5957278481012658 0.07911392405063292 0.022151898734177215 0.06962025316455696
1 0.5846518987341772 0.28560126582278483 0.012658227848101266 0.05221518987341772
1 0.5949367088607594 0.061708860759493674 0.020569620253164556 0.0759493670886076
1 0.7128164556962026 0.02610759493670886 0.055379746835443035 0.03955696202531646
1 0.875 0.05221518987341772 0.05063291139240506 0.08069620253164557
1 0.5957278481012658 0.015822784810126583 0.01740506329113924 0.02531645569620253
1 0.5822784810126582 0.5213607594936709 0.02689873417721519 0.07436708860759493
1 0.5775316455696202 0.5450949367088608 0.0189873417721519 0.06962025316455696
1 0.5799050632911392 0.560126582278481 0.02531645569620253 0.08544303797468354
1 0.5886075949367089 0.2254746835443038 0.01740506329113924 0.058544303797468354
1 0.5893987341772152 0.21360759493670886 0.01740506329113924 0.056962025316455694
1 0.5909810126582279 0.16930379746835442 0.01740506329113924 0.05379746835443038
1 0.5917721518987342 0.0893987341772152 0.014240506329113924 0.03955696202531646
1 0.5909810126582279 0.12183544303797468 0.014240506329113924 0.056962025316455694
1 0.5909810126582279 0.11075949367088607 0.014240506329113924 0.02531645569620253
1 0.5893987341772152 0.17088607594936708 0.014240506329113924 0.04430379746835443
1 0.5893987341772152 0.16455696202531644 0.014240506329113924 0.04430379746835443
1 0.5862341772151899 0.21044303797468356 0.011075949367088608 0.03481012658227848
1 0.5909810126582279 0.23022151898734178 0.022151898734177215 0.03322784810126582
1 0.5901898734177216 0.21360759493670886 0.0189873417721519 0.04113924050632911
1 0.5893987341772152 0.17563291139240506 0.015822784810126583 0.04746835443037975
1 0.5886075949367089 0.16772151898734178 0.012658227848101266 0.028481012658227847
1 0.5909810126582279 0.14161392405063292 0.015822784810126583 0.03639240506329114
1 0.5933544303797469 0.12658227848101267 0.0189873417721519 0.028481012658227847
1 0.5886075949367089 0.13449367088607594 0.011075949367088608 0.02531645569620253
1 0.5941455696202531 0.07911392405063292 0.01740506329113924 0.0379746835443038
1 0.5933544303797469 0.06487341772151899 0.015822784810126583 0.03164556962025317
1 0.5917721518987342 0.04667721518987342 0.011075949367088608 0.023734177215189875
1 0.5949367088607594 0.0379746835443038 0.01740506329113924 0.03481012658227848
1 0.5925632911392406 0.06566455696202532 0.012658227848101266 0.020569620253164556
1 0.5925632911392406 0.048259493670886076 0.011075949367088608 0.020569620253164556
1 0.5933544303797469 0.013449367088607595 0.00949367088607595 0.020569620253164556
1 0.5925632911392406 0.012658227848101266 0.007911392405063292 0.0189873417721519
1 0.5957278481012658 0.04509493670886076 0.0189873417721519 0.03322784810126582
1 0.5925632911392406 0.037183544303797465 0.012658227848101266 0.04272151898734177
1 0.5917721518987342 0.03955696202531646 0.00949367088607595 0.022151898734177215
1 0.5941455696202531 0.015822784810126583 0.012658227848101266 0.022151898734177215
1 0.5949367088607594 0.007911392405063292 0.012658227848101266 0.00949367088607595
1 0.5933544303797469 0.005537974683544304 0.00949367088607595 0.004746835443037975
1 0.5949367088607594 0.005537974683544304 0.012658227848101266 0.004746835443037975
1 0.5941455696202531 0.00870253164556962 0.011075949367088608 0.011075949367088608
1 0.5957278481012658 0.007120253164556962 0.014240506329113924 0.007911392405063292
1 0.5941455696202531 0.007911392405063292 0.011075949367088608 0.00949367088607595
1 0.5957278481012658 0.011075949367088608 0.014240506329113924 0.015822784810126583
1 0.5941455696202531 0.007120253164556962 0.011075949367088608 0.007911392405063292
1 0.6487341772151899 0.5751582278481012 0.05379746835443038 0.056962025316455694
1 0.6653481012658228 0.6147151898734177 0.04272151898734177 0.04588607594936709
1 0.9897151898734177 0.6257911392405063 0.014240506329113924 0.04588607594936709
1 0.9897151898734177 0.5609177215189873 0.020569620253164556 0.07436708860759493
1 0.9818037974683544 0.6068037974683544 0.03164556962025317 0.03955696202531646
1 0.9493670886075949 0.46835443037974683 0.060126582278481014 0.09335443037974683
1 0.9818037974683544 0.4287974683544304 0.03639240506329114 0.05063291139240506
1 0.9011075949367089 0.4208860759493671 0.03164556962025317 0.04588607594936709
1 0.9382911392405063 0.05221518987341772 0.04272151898734177 0.05063291139240506
1 0.9643987341772152 0.020569620253164556 0.02689873417721519 0.011075949367088608
1 0.7310126582278481 0.015031645569620253 0.060126582278481014 0.015822784810126583
1 0.6503164556962026 0.015822784810126583 0.03955696202531646 0.023734177215189875
1 0.6843354430379747 0.01740506329113924 0.028481012658227847 0.023734177215189875
1 0.629746835443038 0.007120253164556962 0.028481012658227847 0.007911392405063292
1 0.5949367088607594 0.010284810126582278 0.012658227848101266 0.014240506329113924
1 0.5988924050632911 0.004746835443037975 0.020569620253164556 0.0031645569620253164
1 0.6020569620253164 0.0189873417721519 0.030063291139240507 0.03322784810126582
1 0.5973101265822784 0.007911392405063292 0.01740506329113924 0.00949367088607595
1 0.5973101265822784 0.030063291139240507 0.020569620253164556 0.05379746835443038
1 0.5949367088607594 0.03322784810126582 0.015822784810126583 0.04746835443037975
1 0.5949367088607594 0.05933544303797468 0.01740506329113924 0.0490506329113924
1 0.5957278481012658 0.058544303797468354 0.0189873417721519 0.0379746835443038
1 0.5981012658227848 0.01740506329113924 0.022151898734177215 0.028481012658227847
1 0.5957278481012658 0.007911392405063292 0.014240506329113924 0.00949367088607595
1 0.5957278481012658 0.03164556962025317 0.01740506329113924 0.04430379746835443
1 0.5949367088607594 0.01661392405063291 0.015822784810126583 0.02689873417721519
1 0.5949367088607594 0.011075949367088608 0.012658227848101266 0.015822784810126583
1 0.5973101265822784 0.011075949367088608 0.01740506329113924 0.015822784810126583
1 0.5949367088607594 0.00870253164556962 0.012658227848101266 0.011075949367088608
1 0.5949367088607594 0.006329113924050633 0.012658227848101266 0.006329113924050633
1 0.5957278481012658 0.00870253164556962 0.014240506329113924 0.011075949367088608
1 0.5941455696202531 0.005537974683544304 0.011075949367088608 0.004746835443037975
1 0.5949367088607594 0.011867088607594937 0.012658227848101266 0.01740506329113924
1 0.5949367088607594 0.007120253164556962 0.012658227848101266 0.007911392405063292
1 0.5941455696202531 0.006329113924050633 0.011075949367088608 0.006329113924050633
1 0.5965189873417721 0.015822784810126583 0.0189873417721519 0.02531645569620253
1 0.5909810126582279 0.03322784810126582 0.006329113924050633 0.0189873417721519
1 0.5917721518987342 0.03401898734177215 0.007911392405063292 0.01740506329113924
1 0.5308544303797469 0.7112341772151899 0.07120253164556962 0.15822784810126583
1 0.8694620253164557 0.8204113924050633 0.18829113924050633 0.35917721518987344