1 0.38091216216216217 0.09543918918918919 0.08277027027027027 0.18243243243243243
1 0.17567567567567569 0.1570945945945946 0.22466216216216217 0.2905405405405405
1 0.12922297297297297 0.4045608108108108 0.14358108108108109 0.14864864864864866
1 0.41216216216216217 0.44003378378378377 0.05405405405405406 0.11993243243243243
1 0.17736486486486486 0.53125 0.125 0.11148648648648649
1 0.28040540540540543 0.5059121621621622 0.07601351351351351 0.07939189189189189
1 0.14442567567567569 0.030405405405405407 0.28885135135135137 0.04054054054054054
1 0.05152027027027027 0.03547297297297297 0.10304054054054054 0.030405405405405407
1 0.03462837837837838 0.08277027027027027 0.06925675675675676 0.12162162162162163
1 0.044763513513513514 0.11824324324324324 0.08952702702702703 0.19594594594594594
1 0.032939189189189186 0.2516891891891892 0.06587837837837837 0.11148648648648649
1 0.060810810810810814 0.15878378378378377 0.12162162162162163 0.1858108108108108
1 0.04222972972972973 0.24408783783783783 0.08445945945945946 0.17060810810810811
1 0.03209459459459459 0.3293918918918919 0.06418918918918919 0.11486486486486487
1 0.03462837837837838 0.44932432432432434 0.06925675675675676 0.1891891891891892
1 0.02787162162162162 0.3454391891891892 0.05574324324324324 0.15371621621621623
1 0.02787162162162162 0.5819256756756757 0.052364864864864864 0.06925675675675676
1 0.026182432432432432 0.5363175675675675 0.052364864864864864 0.12331081081081081
1 0.0785472972972973 0.4721283783783784 0.05912162162162162 0.11655405405405406
1 0.3640202702702703 0.6047297297297297 0.11824324324324324 0.11993243243243243
1 0.37922297297297297 0.5329391891891891 0.13006756756756757 0.125
1 0.02364864864864865 0.41131756756756754 0.0472972972972973 0.18412162162162163
1 0.033783783783783786 0.41385135135135137 0.06756756756756757 0.1891891891891892
1 0.036317567567567564 0.5557432432432432 0.07263513513513513 0.10641891891891891
1 0.026182432432432432 0.5785472972972973 0.048986486486486486 0.06925675675675676
1 0.11064189189189189 0.643581081081081 0.0777027027027027 0.07432432432432433
1 0.13766891891891891 0.7204391891891891 0.060810810810810814 0.057432432432432436
1 0.8994932432432432 0.04391891891891892 0.14358108108108109 0.08783783783783784
1 0.42989864864864863 0.016891891891891893 0.033783783783783786 0.028716216216216218
1 0.12162162162162163 0.8716216216216216 0.2195945945945946 0.25675675675675674