1 0.9072727272727272 0.09545454545454546 0.18545454545454546 0.1690909090909091
1 0.6327272727272727 0.14 0.23454545454545456 0.2781818181818182
1 0.56 0.38545454545454544 0.15272727272727274 0.15818181818181817
1 0.8918181818181818 0.45181818181818184 0.11636363636363636 0.13090909090909092
1 0.6 0.5263636363636364 0.13272727272727272 0.11636363636363636
1 0.9563636363636364 0.5645454545454546 0.08727272727272728 0.1618181818181818
1 0.7127272727272728 0.5081818181818182 0.08181818181818182 0.08363636363636363
1 0.07909090909090909 0.04090909090909091 0.1290909090909091 0.08181818181818182
1 0.35545454545454547 0.08636363636363636 0.2381818181818182 0.17272727272727273
1 0.2581818181818182 0.20727272727272728 0.1781818181818182 0.12181818181818181
1 0.13 0.10363636363636364 0.24 0.2
1 0.08 0.19090909090909092 0.14363636363636365 0.18363636363636363
1 0.05090909090909091 0.2827272727272727 0.09090909090909091 0.12363636363636364
1 0.042727272727272725 0.41 0.08545454545454545 0.2018181818181818
1 0.4072727272727273 0.31272727272727274 0.14363636363636365 0.16727272727272727
1 0.41454545454545455 0.5663636363636364 0.09454545454545454 0.07636363636363637
1 0.3527272727272727 0.5154545454545455 0.11272727272727273 0.13454545454545455
1 0.4990909090909091 0.4536363636363636 0.06181818181818182 0.12363636363636364
1 0.7936363636363636 0.6218181818181818 0.12545454545454546 0.12727272727272726
1 0.8154545454545454 0.5463636363636364 0.13636363636363635 0.13272727272727272
1 0.15363636363636363 0.37454545454545457 0.11818181818181818 0.2
1 0.27545454545454545 0.3809090909090909 0.16 0.20545454545454545
1 0.04 0.5236363636363637 0.08 0.11272727272727273
1 0.12636363636363637 0.5527272727272727 0.10727272727272727 0.07636363636363637
1 0.5181818181818182 0.6409090909090909 0.08181818181818182 0.08
1 0.5390909090909091 0.7263636363636363 0.06363636363636363 0.06