1 0.12375415282392027 0.872093023255814 0.24750830564784054 0.24584717607973422
1 0.41445182724252494 0.803156146179402 0.21096345514950166 0.29401993355481726
1 0.4775747508305648 0.5564784053156147 0.1362126245847176 0.14119601328903655
1 0.17358803986710963 0.5008305647840532 0.10465116279069768 0.11794019933554817
1 0.43853820598006643 0.42857142857142855 0.11794019933554817 0.10465116279069768
1 0.10631229235880399 0.39867109634551495 0.08803986710963455 0.1461794019933555
1 0.33637873754152825 0.446843853820598 0.07308970099667775 0.07807308970099668
1 0.4543189368770764 0.9593023255813954 0.3239202657807309 0.08139534883720931
1 0.8106312292358804 0.9634551495016611 0.26245847176079734 0.07308970099667775
1 0.9277408637873754 0.9136212624584718 0.13122923588039867 0.17275747508305647
1 0.6677740863787376 0.8471760797342193 0.2159468438538206 0.19767441860465115
1 0.7566445182724253 0.7142857142857143 0.1611295681063123 0.10963455149501661
1 0.8820598006644518 0.8056478405315615 0.2292358803986711 0.17940199335548174
1 0.9260797342192691 0.7267441860465116 0.14285714285714285 0.1644518272425249
1 0.9509966777408638 0.6411960132890365 0.0946843853820598 0.11129568106312292
1 0.9559800664451827 0.5240863787375415 0.08803986710963455 0.18438538205980065
1 0.6179401993355482 0.6204318936877077 0.12956810631229235 0.1511627906976744
1 0.6071428571428571 0.38870431893687707 0.08637873754152824 0.0681063122923588
1 0.6644518272425249 0.4335548172757475 0.10132890365448505 0.1212624584717608
1 0.532392026578073 0.49335548172757476 0.054817275747508304 0.11295681063122924
1 0.260797342192691 0.3438538205980066 0.11129568106312292 0.11627906976744186
1 0.24169435215946844 0.41362126245847175 0.12292358803986711 0.11794019933554817
1 0.8496677740863787 0.5598006644518272 0.10631229235880399 0.18106312292358803
1 0.7375415282392026 0.5556478405315615 0.14285714285714285 0.18438538205980065
1 0.9568106312292359 0.420265780730897 0.08637873754152824 0.10299003322259136
1 0.8712624584717608 0.39700996677740863 0.09800664451827243 0.0681063122923588
1 0.5124584717607974 0.3222591362126246 0.07475083056478406 0.06976744186046512
1 0.4908637873754153 0.24501661129568106 0.05813953488372093 0.054817275747508304