1 0.057755775577557754 0.31765676567656764 0.10891089108910891 0.1419141914191419
1 0.31683168316831684 0.27722772277227725 0.04455445544554455 0.11716171617161716
1 0.0891089108910891 0.19224422442244224 0.12046204620462046 0.10561056105610561
1 0.18976897689768976 0.21617161716171618 0.07425742574257425 0.07755775577557755
1 0.026402640264026403 0.36386138613861385 0.0462046204620462 0.052805280528052806
1 0.028052805280528052 0.27722772277227725 0.04785478547854786 0.18316831683168316
1 0.022277227722772276 0.3465346534653465 0.037953795379537955 0.08745874587458746
1 0.018976897689768978 0.1476897689768977 0.01485148514851485 0.066006600660066
1 0.02145214521452145 0.19141914191419143 0.026402640264026403 0.1188118811881188
1 0.013201320132013201 0.2524752475247525 0.013201320132013201 0.11056105610561057
1 0.2698019801980198 0.11798679867986799 0.11386138613861387 0.11716171617161716
1 0.283003300330033 0.18729372937293728 0.1188118811881188 0.1188118811881188
1 0.017326732673267328 0.3061056105610561 0.026402640264026403 0.16501650165016502
1 0.027227722772277228 0.30528052805280526 0.04785478547854786 0.16996699669966997
1 0.03135313531353135 0.1740924092409241 0.04455445544554455 0.10231023102310231
1 0.02145214521452145 0.15181518151815182 0.02145214521452145 0.066006600660066
1 0.03547854785478548 0.08333333333333333 0.04455445544554455 0.06930693069306931
1 0.04537953795379538 0.0165016501650165 0.057755775577557754 0.033003300330033
1 0.8514851485148515 0.03547854785478548 0.057755775577557754 0.04785478547854786
1 0.9364686468646864 0.38531353135313534 0.06105610561056106 0.07260726072607261
1 0.9282178217821783 0.036303630363036306 0.0462046204620462 0.04455445544554455
1 0.8902640264026402 0.0297029702970297 0.066006600660066 0.034653465346534656
1 0.905940594059406 0.027227722772277228 0.05115511551155116 0.028052805280528052
1 0.801980198019802 0.018976897689768978 0.04785478547854786 0.019801980198019802
1 0.650990099009901 0.0297029702970297 0.056105610561056105 0.05115511551155116
1 0.9570957095709571 0.027227722772277228 0.04950495049504951 0.024752475247524754
1 0.8952145214521452 0.14521452145214522 0.07095709570957096 0.1551155115511551
1 0.9917491749174917 0.039603960396039604 0.0165016501650165 0.0462046204620462
1 0.5907590759075908 0.0231023102310231 0.09075907590759076 0.04455445544554455
1 0.7260726072607261 0.015676567656765675 0.08085808580858085 0.019801980198019802
1 0.6963696369636964 0.01485148514851485 0.07095709570957096 0.018151815181518153
1 0.4892739273927393 0.009075907590759076 0.12046204620462046 0.018151815181518153
1 0.599009900990099 0.03135313531353135 0.10066006600660066 0.0594059405940594
1 0.990924092409241 0.034653465346534656 0.018151815181518153 0.036303630363036306
1 0.9843234323432343 0.2037953795379538 0.03135313531353135 0.10396039603960396
1 0.8011551155115512 0.29372937293729373 0.052805280528052806 0.11716171617161716
1 0.8003300330033003 0.1716171617161716 0.052805280528052806 0.13366336633663367
1 0.844059405940594 0.21287128712871287 0.05115511551155116 0.14026402640264027
1 0.25577557755775576 0.46947194719471946 0.1551155115511551 0.1485148514851485
1 0.2202970297029703 0.6237623762376238 0.13861386138613863 0.14356435643564355
1 0.25577557755775576 0.7516501650165016 0.12046204620462046 0.10561056105610561
1 0.2070957095709571 0.4265676567656766 0.2524752475247525 0.06930693069306931
1 0.052805280528052806 0.4207920792079208 0.10231023102310231 0.06435643564356436
1 0.033003300330033 0.44554455445544555 0.066006600660066 0.11386138613861387
1 0.06930693069306931 0.4389438943894389 0.13861386138613863 0.10066006600660066
1 0.026402640264026403 0.4628712871287129 0.052805280528052806 0.10726072607260725
1 0.056105610561056105 0.43399339933993397 0.11221122112211221 0.09075907590759076
1 0.03547854785478548 0.46204620462046203 0.07095709570957096 0.1485148514851485
1 0.022277227722772276 0.5387788778877888 0.04455445544554455 0.11056105610561057
1 0.018976897689768978 0.655940594059406 0.037953795379537955 0.18316831683168316
1 0.08085808580858085 0.5577557755775577 0.13036303630363036 0.15181518151815182
1 0.08828382838283828 0.7879537953795379 0.0858085808580858 0.06930693069306931
1 0.040429042904290426 0.740924092409241 0.08085808580858085 0.12211221122112212
1 0.16419141914191418 0.6856435643564357 0.056105610561056105 0.11221122112211221
1 0.009900990099009901 0.6171617161716172 0.019801980198019802 0.1782178217821782
1 0.019801980198019802 0.6212871287128713 0.039603960396039604 0.18316831683168316
1 0.0165016501650165 0.759075907590759 0.033003300330033 0.10231023102310231
1 0.0049504950495049506 0.7805280528052805 0.009900990099009901 0.066006600660066
1 0.18151815181518152 0.8556105610561056 0.07425742574257425 0.07260726072607261
1 0.2004950495049505 0.9331683168316832 0.057755775577557754 0.054455445544554455
1 0.5899339933993399 0.7648514851485149 0.19966996699669967 0.47029702970297027