1 0.46631205673758863 0.08865248226950355 0.1595744680851064 0.1773049645390071
1 0.45478723404255317 0.2845744680851064 0.15425531914893617 0.15780141843971632
1 0.5035460992907801 0.4157801418439716 0.12588652482269502 0.11879432624113476
1 0.40691489361702127 0.025709219858156027 0.2570921985815603 0.051418439716312055
1 0.10638297872340426 0.04521276595744681 0.2127659574468085 0.0549645390070922
1 0.01152482269503546 0.0797872340425532 0.02304964539007092 0.09574468085106383
1 0.22872340425531915 0.05673758865248227 0.2322695035460993 0.09397163120567376
1 0.14361702127659576 0.14184397163120568 0.1773049645390071 0.12588652482269502
1 0.06382978723404255 0.08776595744680851 0.1276595744680851 0.12588652482269502
1 0.020390070921985817 0.14184397163120568 0.040780141843971635 0.1773049645390071
1 0.2987588652482269 0.2296099290780142 0.1453900709219858 0.16666666666666666
1 0.3324468085106383 0.47429078014184395 0.09574468085106383 0.07624113475177305
1 0.26684397163120566 0.4317375886524823 0.11524822695035461 0.1347517730496454
1 0.4015957446808511 0.35638297872340424 0.06560283687943262 0.12234042553191489
1 0.05939716312056738 0.31382978723404253 0.11879432624113476 0.19858156028368795
1 0.17819148936170212 0.30939716312056736 0.16134751773049646 0.20567375886524822
1 0.05230496453900709 0.48936170212765956 0.10460992907801418 0.07801418439716312
1 0.4397163120567376 0.5363475177304965 0.08333333333333333 0.0797872340425532
1 0.46897163120567376 0.6099290780141844 0.06382978723404255 0.047872340425531915
1 0.8856382978723404 0.1675531914893617 0.0797872340425532 0.18971631205673758
1 0.9406028368794326 0.18439716312056736 0.05851063829787234 0.1702127659574468
1 0.9716312056737588 0.17553191489361702 0.024822695035460994 0.14893617021276595
1 0.9148936170212766 0.00975177304964539 0.07801418439716312 0.01950354609929078
1 0.6524822695035462 0.014184397163120567 0.07801418439716312 0.028368794326241134
1 0.574468085106383 0.051418439716312055 0.08156028368794327 0.10283687943262411
1 0.700354609929078 0.02127659574468085 0.05673758865248227 0.0425531914893617
1 0.8546099290780141 0.03723404255319149 0.08156028368794327 0.07446808510638298
1 0.7712765957446809 0.030141843971631204 0.08156028368794327 0.06028368794326241
1 0.7703900709219859 0.005319148936170213 0.03723404255319149 0.010638297872340425
1 0.7180851063829787 0.04521276595744681 0.07446808510638298 0.09042553191489362
1 0.7978723404255319 0.0673758865248227 0.07801418439716312 0.1347517730496454
1 0.8572695035460993 0.0425531914893617 0.06914893617021277 0.0851063829787234
1 0.9157801418439716 0.03546099290780142 0.06205673758865248 0.07092198581560284
1 0.9539007092198581 0.05230496453900709 0.03900709219858156 0.10460992907801418
1 0.5514184397163121 0.0070921985815602835 0.03546099290780142 0.014184397163120567
1 0.6099290780141844 0.07180851063829788 0.06028368794326241 0.14361702127659576
1 0.7641843971631206 0.11879432624113476 0.05319148936170213 0.13120567375886524
1 0.6613475177304965 0.0797872340425532 0.0673758865248227 0.1595744680851064
1 0.5567375886524822 0.0797872340425532 0.04609929078014184 0.1595744680851064
1 0.5549645390070922 0.09131205673758866 0.03900709219858156 0.14716312056737588
1 0.5673758865248227 0.24556737588652483 0.0425531914893617 0.16666666666666666
1 0.5585106382978723 0.18262411347517732 0.028368794326241134 0.0673758865248227
1 0.5585106382978723 0.19326241134751773 0.026595744680851064 0.07801418439716312
1 0.5673758865248227 0.28191489361702127 0.03546099290780142 0.1400709219858156
1 0.601063829787234 0.26063829787234044 0.0425531914893617 0.10460992907801418
1 0.7952127659574468 0.3049645390070922 0.07446808510638298 0.2730496453900709
1 0.7322695035460993 0.2898936170212766 0.07446808510638298 0.23049645390070922
1 0.8590425531914894 0.2845744680851064 0.05851063829787234 0.15425531914893617
1 0.9095744680851063 0.2925531914893617 0.05319148936170213 0.1276595744680851
1 0.5700354609929078 0.3679078014184397 0.026595744680851064 0.11347517730496454
1 0.5824468085106383 0.4441489361702128 0.044326241134751775 0.14716312056737588
1 0.5735815602836879 0.425531914893617 0.028368794326241134 0.11879432624113476
1 0.9592198581560284 0.3696808510638298 0.044326241134751775 0.14361702127659576
1 0.9867021276595744 0.3953900709219858 0.024822695035460994 0.14361702127659576
1 0.9069148936170213 0.4157801418439716 0.06028368794326241 0.1276595744680851
1 0.8634751773049646 0.42907801418439717 0.04609929078014184 0.1347517730496454
1 0.8351063829787234 0.4920212765957447 0.05319148936170213 0.12943262411347517
1 0.7969858156028369 0.48138297872340424 0.03900709219858156 0.09042553191489362
1 0.7375886524822695 0.43439716312056736 0.05319148936170213 0.09042553191489362
1 0.7659574468085106 0.523936170212766 0.04609929078014184 0.09929078014184398
1 0.8838652482269503 0.5328014184397163 0.03368794326241135 0.09042553191489362
1 0.9796099290780141 0.5230496453900709 0.040780141843971635 0.09574468085106383
1 0.5851063829787234 0.5815602836879432 0.024822695035460994 0.08687943262411348
1 0.5771276595744681 0.500886524822695 0.02127659574468085 0.0851063829787234
1 0.5398936170212766 0.950354609929078 0.12588652482269502 0.09929078014184398
1 0.7854609929078015 0.8900709219858156 0.3900709219858156 0.20921985815602837