1 0.1860655737704918 0.3737704918032787 0.1360655737704918 0.10163934426229508
1 0.48688524590163934 0.3344262295081967 0.10491803278688525 0.1180327868852459
1 0.22377049180327868 0.2680327868852459 0.11967213114754098 0.10491803278688525
1 0.5516393442622951 0.23278688524590163 0.08852459016393442 0.14590163934426228
1 0.3254098360655738 0.2836065573770492 0.07377049180327869 0.07704918032786885
1 0.030327868852459017 0.3483606557377049 0.060655737704918035 0.15901639344262294
1 0.05491803278688524 0.4057377049180328 0.10983606557377049 0.04426229508196721
1 0.056557377049180325 0.2319672131147541 0.08524590163934426 0.06885245901639345
1 0.02540983606557377 0.27459016393442626 0.05081967213114754 0.11967213114754098
1 0.13278688524590163 0.3336065573770492 0.05573770491803279 0.11147540983606558
1 0.3975409836065574 0.18114754098360655 0.11311475409836065 0.11639344262295082
1 0.4180327868852459 0.24918032786885247 0.12295081967213115 0.11967213114754098
1 0.020491803278688523 0.36721311475409835 0.040983606557377046 0.12131147540983607
1 0.030327868852459017 0.3655737704918033 0.060655737704918035 0.12459016393442623
1 0.027868852459016394 0.2573770491803279 0.05573770491803279 0.10163934426229508
1 0.01639344262295082 0.23688524590163934 0.03278688524590164 0.06721311475409836
1 0.14918032786885246 0.16475409836065574 0.07377049180327869 0.07049180327868852
1 0.16885245901639345 0.08770491803278689 0.05737704918032787 0.054098360655737705
1 0.3139344262295082 0.7049180327868853 0.6278688524590164 0.521311475409836
1 0.7336065573770492 0.6975409836065574 0.2459016393442623 0.5967213114754099
1 0.978688524590164 0.6622950819672131 0.04262295081967213 0.28852459016393445
1 0.9081967213114754 0.6278688524590164 0.18360655737704917 0.2786885245901639