1 0.13568773234200743 0.8596654275092936 0.24907063197026022 0.28066914498141265
1 0.4349442379182156 0.7611524163568774 0.24721189591078066 0.33643122676579923
1 0.48605947955390333 0.4804832713754647 0.1579925650557621 0.16356877323420074
1 0.1421933085501859 0.4423791821561338 0.12267657992565056 0.13568773234200743
1 0.43308550185873607 0.34107806691449816 0.13568773234200743 0.12267657992565056
1 0.05947955390334572 0.3336431226765799 0.10223048327137546 0.16728624535315986
1 0.31970260223048325 0.36895910780669144 0.08364312267657993 0.08921933085501858
1 0.49349442379182157 0.9395910780669146 0.36617100371747213 0.120817843866171
1 0.8717472118959108 0.9247211895910781 0.25650557620817843 0.12453531598513011
1 0.9702602230483272 0.8615241635687733 0.05947955390334572 0.22862453531598512
1 0.7211895910780669 0.7899628252788105 0.24907063197026022 0.23048327137546468
1 0.8094795539033457 0.6356877323420075 0.18401486988847585 0.12825278810408922
1 0.912639405204461 0.7295539033457249 0.17472118959107807 0.20631970260223048
1 0.95817843866171 0.637546468401487 0.08364312267657993 0.18587360594795538
1 0.983271375464684 0.5399628252788105 0.03345724907063197 0.12453531598513011
1 0.6486988847583643 0.5408921933085502 0.15055762081784388 0.17472118959107807
1 0.6180297397769516 0.28345724907063197 0.09851301115241635 0.07992565055762081
1 0.6858736059479554 0.32899628252788105 0.11895910780669144 0.13940520446096655
1 0.5427509293680297 0.4052044609665427 0.06505576208178439 0.12825278810408922
1 0.22769516728624536 0.26022304832713755 0.13011152416356878 0.13382899628252787
1 0.21189591078066913 0.3392193308550186 0.14312267657992564 0.137546468401487
1 0.9014869888475836 0.45539033457249073 0.12639405204460966 0.20631970260223048
1 0.7760223048327137 0.4591078066914498 0.16728624535315986 0.21189591078066913
1 0.9135687732342007 0.27137546468401486 0.11152416356877323 0.07992565055762081
1 0.5065055762081785 0.21654275092936803 0.08550185873605948 0.07992565055762081
1 0.4767657992565056 0.13197026022304834 0.06691449814126393 0.06319702602230483