1 0.8506825938566553 0.9001706484641638 0.257679180887372 0.19965870307167236
1 0.5631399317406144 0.8353242320819113 0.23208191126279865 0.3122866894197952
1 0.5204778156996587 0.5767918088737202 0.14846416382252559 0.15187713310580206
1 0.8361774744027304 0.5477815699658704 0.11433447098976109 0.12627986348122866
1 0.5708191126279863 0.4496587030716723 0.12798634812286688 0.11433447098976109
1 0.9138225255972696 0.44880546075085326 0.09726962457337884 0.15358361774744028
1 0.674061433447099 0.47696245733788395 0.07849829351535836 0.08361774744027303
1 0.5068259385665529 0.9701365187713311 0.33447098976109213 0.059726962457337884
1 0.14249146757679182 0.9522184300341296 0.2713310580204778 0.06655290102389079
1 0.04863481228668942 0.8916382252559727 0.09726962457337884 0.1621160409556314
1 0.29948805460750855 0.8575085324232082 0.23208191126279865 0.2150170648464164
1 0.22098976109215018 0.7141638225255973 0.17064846416382254 0.12116040955631399
1 0.10324232081911262 0.7960750853242321 0.20648464163822525 0.1962457337883959
1 0.06143344709897611 0.7107508532423208 0.12286689419795221 0.1757679180887372
1 0.03924914675767918 0.6203071672354948 0.07849829351535836 0.11774744027303755
1 0.041808873720136516 0.5008532423208191 0.08361774744027303 0.19283276450511946
1 0.3703071672354949 0.6296928327645052 0.13993174061433447 0.1621160409556314
1 0.40187713310580203 0.39419795221843 0.09215017064846416 0.07337883959044368
1 0.3395904436860068 0.4351535836177474 0.11092150170648464 0.1296928327645051
1 0.46928327645051193 0.507679180887372 0.06313993174061433 0.11774744027303755
1 0.7610921501706485 0.378839590443686 0.12286689419795221 0.12627986348122866
1 0.7747440273037542 0.4513651877133106 0.13310580204778158 0.12798634812286688
1 0.13907849829351535 0.5477815699658704 0.11604095563139932 0.19112627986348124
1 0.25426621160409557 0.552901023890785 0.1552901023890785 0.19795221843003413
1 0.04522184300341297 0.39590443686006827 0.08532423208191127 0.10921501706484642
1 0.13139931740614336 0.378839590443686 0.10409556313993173 0.07508532423208192
1 0.5059726962457338 0.33447098976109213 0.08020477815699659 0.07508532423208192
1 0.5341296928327645 0.2568259385665529 0.06143344709897611 0.05802047781569966