1 0.898360655737705 0.16229508196721312 0.20327868852459016 0.29508196721311475
1 0.6352459016393442 0.24508196721311476 0.2180327868852459 0.2967213114754098
1 0.5647540983606557 0.48688524590163934 0.13934426229508196 0.14426229508196722
1 0.8622950819672132 0.5516393442622951 0.10819672131147541 0.11967213114754098
1 0.5983606557377049 0.6139344262295082 0.12131147540983607 0.10819672131147541
1 0.9254098360655738 0.6549180327868852 0.09016393442622951 0.14754098360655737
1 0.7 0.6 0.07377049180327869 0.07704918032786885
1 0.601639344262295 0.0680327868852459 0.32459016393442625 0.1360655737704918
1 0.25 0.056557377049180325 0.2639344262295082 0.11311475409836065
1 0.10819672131147541 0.10245901639344263 0.18688524590163935 0.20491803278688525
1 0.38688524590163936 0.19344262295081968 0.21967213114754097 0.20327868852459016
1 0.29508196721311475 0.32131147540983607 0.16229508196721312 0.11311475409836065
1 0.15 0.22377049180327868 0.28032786885245903 0.1885245901639344
1 0.10327868852459017 0.3016393442622951 0.19508196721311474 0.17049180327868851
1 0.07622950819672131 0.3844262295081967 0.14590163934426228 0.11475409836065574
1 0.06885245901639345 0.5 0.1377049180327869 0.18688524590163935
1 0.4278688524590164 0.41885245901639345 0.13278688524590163 0.15245901639344261
1 0.430327868852459 0.6475409836065574 0.08688524590163935 0.07049180327868852
1 0.37540983606557377 0.6008196721311475 0.10491803278688525 0.12295081967213115
1 0.5081967213114754 0.5475409836065573 0.05737704918032787 0.11311475409836065
1 0.7704918032786885 0.7040983606557377 0.11475409836065574 0.11639344262295082
1 0.7926229508196722 0.6360655737704918 0.12622950819672132 0.12131147540983607
1 0.19754098360655736 0.4704918032786885 0.10983606557377049 0.1819672131147541
1 0.3081967213114754 0.4786885245901639 0.14754098360655737 0.18688524590163935
1 0.06557377049180328 0.6024590163934426 0.13114754098360656 0.10655737704918032
1 0.17049180327868851 0.6303278688524591 0.09836065573770492 0.07049180327868852
1 0.5221311475409836 0.7163934426229508 0.07540983606557378 0.07213114754098361
1 0.5401639344262295 0.7934426229508197 0.05901639344262295 0.05573770491803279