1 0.07284172661870504 0.36241007194244607 0.1420863309352518 0.1079136690647482
1 0.4010791366906475 0.3363309352517986 0.11330935251798561 0.12769784172661872
1 0.11690647482014388 0.24820143884892087 0.12949640287769784 0.11330935251798561
1 0.47751798561151076 0.22841726618705036 0.09532374100719425 0.15827338129496402
1 0.22661870503597123 0.2715827338129496 0.07913669064748201 0.08453237410071943
1 0.022482014388489208 0.3147482014388489 0.039568345323741004 0.12050359712230216
1 0.3129496402877698 0.16276978417266186 0.1223021582733813 0.12589928057553956
1 0.33093525179856115 0.2392086330935252 0.13309352517985612 0.12769784172661872
1 0.04316546762589928 0.12949640287769784 0.07553956834532374 0.07553956834532374
1 0.06744604316546762 0.047661870503597124 0.06294964028776978 0.05935251798561151
1 0.2652877697841727 0.7275179856115108 0.5305755395683454 0.5449640287769785
1 0.6510791366906474 0.7113309352517986 0.2589928057553957 0.5773381294964028
1 0.9505395683453237 0.7248201438848921 0.09712230215827339 0.31654676258992803
1 0.8579136690647482 0.6825539568345323 0.21942446043165467 0.302158273381295