1 0.8891752577319587 0.12199312714776632 0.211340206185567 0.24398625429553264
1 0.615979381443299 0.20017182130584193 0.218213058419244 0.30412371134020616
1 0.5592783505154639 0.4579037800687285 0.140893470790378 0.14604810996563575
1 0.8754295532646048 0.5034364261168385 0.10824742268041238 0.12199312714776632
1 0.6039518900343642 0.5884879725085911 0.12371134020618557 0.10824742268041238
1 0.9484536082474226 0.6073883161512027 0.09106529209621993 0.15120274914089346
1 0.7087628865979382 0.5661512027491409 0.07560137457044673 0.07903780068728522
1 0.5678694158075601 0.041237113402061855 0.33505154639175255 0.08247422680412371
1 0.19931271477663232 0.044673539518900345 0.27147766323024053 0.08419243986254296
1 0.07388316151202749 0.09965635738831616 0.14776632302405499 0.18900343642611683
1 0.35223367697594504 0.1640893470790378 0.22336769759450173 0.20446735395189003
1 0.2654639175257732 0.30412371134020616 0.16666666666666666 0.1134020618556701
1 0.1254295532646048 0.21219931271477663 0.2508591065292096 0.1872852233676976
1 0.08161512027491409 0.2972508591065292 0.16323024054982818 0.1718213058419244
1 0.05756013745704467 0.3857388316151203 0.11512027491408934 0.11512027491408934
1 0.05584192439862543 0.5077319587628866 0.11168384879725086 0.19072164948453607
1 0.4115120274914089 0.39690721649484534 0.13402061855670103 0.15463917525773196
1 0.43127147766323026 0.6348797250859106 0.08934707903780069 0.070446735395189
1 0.3702749140893471 0.5910652920962199 0.10481099656357389 0.1254295532646048
1 0.5051546391752577 0.5249140893470791 0.05670103092783505 0.11683848797250859
1 0.7903780068728522 0.6692439862542955 0.11683848797250859 0.11855670103092783
1 0.8084192439862543 0.5970790378006873 0.12714776632302405 0.12199312714776632
1 0.17439862542955326 0.46735395189003437 0.10824742268041238 0.1872852233676976
1 0.29037800687285226 0.46735395189003437 0.14776632302405499 0.19072164948453607
1 0.05670103092783505 0.6151202749140894 0.11168384879725086 0.10652920962199312
1 0.15807560137457044 0.6365979381443299 0.1013745704467354 0.070446735395189
1 0.531786941580756 0.7001718213058419 0.07731958762886598 0.07388316151202749
1 0.5567010309278351 0.7800687285223368 0.06013745704467354 0.05670103092783505