1 0.07142857142857142 0.5283882783882784 0.14285714285714285 0.24358974358974358
1 0.10531135531135531 0.3021978021978022 0.16117216117216118 0.16666666666666666
1 0.08241758241758242 0.15842490842490842 0.11721611721611722 0.1227106227106227
1 0.2948717948717949 0.5970695970695971 0.2454212454212454 0.1575091575091575
1 0.4001831501831502 0.49725274725274726 0.184981684981685 0.13186813186813187
1 0.48717948717948717 0.5943223443223443 0.17399267399267399 0.18864468864468864
1 0.5412087912087912 0.5201465201465202 0.07875457875457875 0.184981684981685
1 0.2554945054945055 0.38278388278388276 0.15384615384615385 0.17582417582417584
1 0.260989010989011 0.1282051282051282 0.0989010989010989 0.08058608058608059
1 0.32142857142857145 0.18223443223443223 0.12087912087912088 0.14102564102564102
1 0.17124542124542125 0.23717948717948717 0.0695970695970696 0.1282051282051282
1 0.5146520146520146 0.33516483516483514 0.13003663003663005 0.20695970695970695
1 0.39194139194139194 0.32142857142857145 0.17032967032967034 0.21428571428571427
1 0.5512820512820513 0.1565934065934066 0.11172161172161173 0.08241758241758242
1 0.1620879120879121 0.047619047619047616 0.08608058608058608 0.08241758241758242
1 0.5833333333333334 0.6117216117216118 0.047619047619047616 0.14102564102564102
1 0.6053113553113553 0.34706959706959706 0.04395604395604396 0.11904761904761904
1 0.9752747252747253 0.423992673992674 0.04945054945054945 0.09706959706959707
1 0.5879120879120879 0.5439560439560439 0.04212454212454213 0.10989010989010989
1 0.6025641025641025 0.3141025641025641 0.031135531135531136 0.1043956043956044
1 0.6007326007326007 0.33791208791208793 0.029304029304029304 0.09340659340659341
1 0.7728937728937729 0.6639194139194139 0.08058608058608059 0.09340659340659341
1 0.6208791208791209 0.1565934065934066 0.038461538461538464 0.08424908424908426
1 0.6098901098901099 0.37362637362637363 0.06043956043956044 0.14285714285714285
1 0.6987179487179487 0.28113553113553114 0.06776556776556776 0.12087912087912088
1 0.6071428571428571 0.27380952380952384 0.031135531135531136 0.08608058608058608
1 0.7838827838827839 0.1804029304029304 0.07326007326007326 0.1446886446886447
1 0.6245421245421245 0.1401098901098901 0.04395604395604396 0.10622710622710622
1 0.5778388278388278 0.6410256410256411 0.038461538461538464 0.10073260073260074
1 0.5906593406593407 0.4807692307692308 0.0347985347985348 0.07875457875457875
1 0.6172161172161172 0.1620879120879121 0.03296703296703297 0.10989010989010989
1 0.9404761904761905 0.18406593406593408 0.07142857142857142 0.1282051282051282
1 0.6327838827838828 0.08516483516483517 0.04945054945054945 0.09523809523809523
1 0.586996336996337 0.5467032967032966 0.040293040293040296 0.10256410256410256
1 0.6034798534798534 0.29395604395604397 0.02564102564102564 0.07509157509157509
1 0.597985347985348 0.3525641025641026 0.027472527472527472 0.08608058608058608
1 0.5787545787545788 0.5705128205128205 0.02564102564102564 0.09157509157509157
1 0.9386446886446886 0.30128205128205127 0.07142857142857142 0.13186813186813187
1 0.858058608058608 0.61996336996337 0.07875457875457875 0.13553113553113552
1 0.6694139194139194 0.1794871794871795 0.06776556776556776 0.10622710622710622
1 0.6025641025641025 0.4990842490842491 0.0641025641025641 0.13736263736263737
1 0.6126373626373627 0.23809523809523808 0.03663003663003663 0.09340659340659341
1 0.586996336996337 0.6153846153846154 0.05311355311355311 0.11538461538461539
1 0.5943223443223443 0.4697802197802198 0.04395604395604396 0.11904761904761904
1 0.8956043956043956 0.7060439560439561 0.04945054945054945 0.029304029304029304
1 0.6043956043956044 0.3159340659340659 0.038461538461538464 0.14102564102564102
1 0.8644688644688645 0.17216117216117216 0.06776556776556776 0.10256410256410256
1 0.5924908424908425 0.44963369963369965 0.038461538461538464 0.14835164835164835
1 0.6968864468864469 0.10805860805860806 0.054945054945054944 0.07509157509157509
1 0.6062271062271062 0.28296703296703296 0.031135531135531136 0.09706959706959707
1 0.6098901098901099 0.2445054945054945 0.03296703296703297 0.11172161172161173
1 0.8040293040293041 0.4340659340659341 0.05311355311355311 0.09706959706959707
1 0.7902930402930403 0.04395604395604396 0.05860805860805861 0.045787545787545784
1 0.902014652014652 0.09065934065934066 0.07509157509157509 0.09340659340659341
1 0.6327838827838828 0.31868131868131866 0.07326007326007326 0.14285714285714285
1 0.9761904761904762 0.2893772893772894 0.047619047619047616 0.14652014652014653
1 0.7518315018315018 0.09615384615384616 0.054945054945054944 0.08058608058608059
1 0.6254578754578755 0.07509157509157509 0.03296703296703297 0.08974358974358974
1 0.5952380952380952 0.47893772893772896 0.04945054945054945 0.14835164835164835
1 0.6272893772893773 0.07783882783882784 0.038461538461538464 0.10256410256410256
1 0.7252747252747253 0.4633699633699634 0.11355311355311355 0.15018315018315018
1 0.6309523809523809 0.41483516483516486 0.04395604395604396 0.07326007326007326
1 0.6025641025641025 0.5723443223443223 0.054945054945054944 0.10622710622710622
1 0.825091575091575 0.0989010989010989 0.05860805860805861 0.10622710622710622
1 0.6263736263736264 0.03571428571428571 0.023809523809523808 0.054945054945054944
1 0.6208791208791209 0.06501831501831502 0.020146520146520148 0.0695970695970696
1 0.5924908424908425 0.47527472527472525 0.038461538461538464 0.11172161172161173
1 0.8342490842490843 0.2619047619047619 0.06043956043956044 0.1043956043956044
1 0.6071428571428571 0.24084249084249085 0.02564102564102564 0.08608058608058608
1 0.5989010989010989 0.35714285714285715 0.029304029304029304 0.08058608058608059
1 0.8076923076923077 0.31043956043956045 0.0641025641025641 0.1043956043956044
1 0.6584249084249084 0.521978021978022 0.07142857142857142 0.10989010989010989
1 0.6227106227106227 0.07509157509157509 0.02564102564102564 0.07509157509157509
1 0.6227106227106227 0.07051282051282051 0.023809523809523808 0.054945054945054944
1 0.5778388278388278 0.61996336996337 0.03663003663003663 0.12454212454212454
1 0.5851648351648352 0.4926739926739927 0.027472527472527472 0.10073260073260074
1 0.5842490842490843 0.6639194139194139 0.05128205128205128 0.05860805860805861
1 0.5915750915750916 0.4597069597069597 0.0347985347985348 0.0989010989010989
1 0.9194139194139194 0.6217948717948718 0.07326007326007326 0.10256410256410256
1 0.5879120879120879 0.5714285714285714 0.045787545787545784 0.11172161172161173
1 0.978021978021978 0.048534798534798536 0.04395604395604396 0.020146520146520148
1 0.7921245421245421 0.5897435897435898 0.08241758241758242 0.09157509157509157
1 0.663003663003663 0.037545787545787544 0.045787545787545784 0.05311355311355311
1 0.6144688644688645 0.15293040293040294 0.02564102564102564 0.07875457875457875
1 0.5952380952380952 0.40384615384615385 0.029304029304029304 0.08974358974358974
1 0.6932234432234432 0.5860805860805861 0.06227106227106227 0.09706959706959707
1 0.8214285714285714 0.5210622710622711 0.06227106227106227 0.08791208791208792
1 0.6172161172161172 0.24633699633699635 0.038461538461538464 0.07142857142857142
1 0.9697802197802198 0.10897435897435898 0.06043956043956044 0.08608058608058608
1 0.5961538461538461 0.43223443223443225 0.040293040293040296 0.12087912087912088
1 0.6510989010989011 0.2765567765567766 0.056776556776556776 0.10073260073260074
1 0.8772893772893773 0.4990842490842491 0.0641025641025641 0.11904761904761904
1 0.9194139194139194 0.4084249084249084 0.04945054945054945 0.07509157509157509
1 0.7664835164835165 0.3836996336996337 0.05860805860805861 0.09523809523809523
1 0.5778388278388278 0.6593406593406593 0.038461538461538464 0.0641025641025641
1 0.978021978021978 0.6272893772893773 0.0347985347985348 0.0989010989010989
1 0.6062271062271062 0.29120879120879123 0.03296703296703297 0.09523809523809523
1 0.6016483516483516 0.32051282051282054 0.027472527472527472 0.08058608058608059
1 0.9578754578754579 0.6895604395604396 0.06043956043956044 0.07142857142857142
1 0.6291208791208791 0.11996336996336997 0.05128205128205128 0.13186813186813187
1 0.6117216117216118 0.22252747252747251 0.029304029304029304 0.06776556776556776
1 0.5769230769230769 0.6309523809523809 0.0347985347985348 0.0989010989010989
1 0.6181318681318682 0.19505494505494506 0.040293040293040296 0.10622710622710622
1 0.6117216117216118 0.18772893772893773 0.02564102564102564 0.09340659340659341
1 0.6163003663003663 0.15018315018315018 0.03296703296703297 0.14835164835164835
1 0.5805860805860806 0.6272893772893773 0.040293040293040296 0.08791208791208792
1 0.8672161172161172 0.32875457875457875 0.054945054945054944 0.10989010989010989
1 0.6254578754578755 0.04945054945054945 0.029304029304029304 0.08241758241758242
1 0.6007326007326007 0.2875457875457875 0.018315018315018316 0.06043956043956044
1 0.6254578754578755 0.04120879120879121 0.02564102564102564 0.06593406593406594
1 0.9487179487179487 0.05952380952380952 0.05860805860805861 0.04945054945054945
1 0.5842490842490843 0.5595238095238095 0.0347985347985348 0.08791208791208792
1 0.5769230769230769 0.5879120879120879 0.02564102564102564 0.08241758241758242
1 0.5787545787545788 0.6043956043956044 0.0347985347985348 0.10073260073260074
1 0.6089743589743589 0.21794871794871795 0.023809523809523808 0.0695970695970696
1 0.6108058608058609 0.2042124542124542 0.023809523809523808 0.06776556776556776
1 0.6144688644688645 0.15293040293040294 0.023809523809523808 0.0641025641025641
1 0.6208791208791209 0.06135531135531135 0.018315018315018316 0.047619047619047616
1 0.6181318681318682 0.0989010989010989 0.020146520146520148 0.06776556776556776
1 0.6190476190476191 0.08608058608058608 0.016483516483516484 0.031135531135531136
1 0.6126373626373627 0.15476190476190477 0.018315018315018316 0.05311355311355311
1 0.6135531135531136 0.14743589743589744 0.018315018315018316 0.05311355311355311
1 0.6071428571428571 0.20054945054945056 0.014652014652014652 0.040293040293040296
1 0.6117216117216118 0.22344322344322345 0.027472527472527472 0.040293040293040296
1 0.6117216117216118 0.2042124542124542 0.023809523809523808 0.04945054945054945
1 0.6135531135531136 0.16025641025641027 0.02197802197802198 0.056776556776556776
1 0.6126373626373627 0.1510989010989011 0.016483516483516484 0.0347985347985348
1 0.6172161172161172 0.12179487179487179 0.020146520146520148 0.04395604395604396
1 0.61996336996337 0.1043956043956044 0.023809523809523808 0.0347985347985348
1 0.6144688644688645 0.11263736263736264 0.01282051282051282 0.029304029304029304
1 0.6236263736263736 0.04945054945054945 0.02197802197802198 0.045787545787545784
1 0.6245421245421245 0.03296703296703297 0.020146520146520148 0.038461538461538464
1 0.6227106227106227 0.0173992673992674 0.01282051282051282 0.016483516483516484
1 0.6272893772893773 0.015567765567765568 0.020146520146520148 0.014652014652014652
1 0.6236263736263736 0.03388278388278388 0.016483516483516484 0.02564102564102564
1 0.6236263736263736 0.0173992673992674 0.014652014652014652 0.018315018315018316
1 0.6272893772893773 0.019230769230769232 0.02197802197802198 0.02197802197802198
1 0.6236263736263736 0.0173992673992674 0.014652014652014652 0.018315018315018316
1 0.6236263736263736 0.01282051282051282 0.01098901098901099 0.009157509157509158
1 0.6575091575091575 0.6254578754578755 0.06593406593406594 0.0695970695970696
1 0.673992673992674 0.6730769230769231 0.05128205128205128 0.054945054945054944
1 0.9862637362637363 0.5192307692307693 0.027472527472527472 0.10805860805860806
1 0.9578754578754579 0.4624542124542125 0.038461538461538464 0.054945054945054944
1 0.6291208791208791 0.016483516483516484 0.023809523809523808 0.016483516483516484
1 0.6263736263736264 0.016483516483516484 0.018315018315018316 0.016483516483516484
1 0.6254578754578755 0.03205128205128205 0.02197802197802198 0.047619047619047616
1 0.6263736263736264 0.028388278388278388 0.023809523809523808 0.040293040293040296
1 0.6272893772893773 0.014652014652014652 0.018315018315018316 0.01282051282051282
1 0.5128205128205128 0.7756410256410257 0.09157509157509157 0.18681318681318682
1 0.8836996336996337 0.8553113553113553 0.19597069597069597 0.2893772893772894