1 0.9516728624535316 0.9014869888475836 0.055762081784386616 0.1970260223048327
1 0.8020446096654275 0.8940520446096655 0.2100371747211896 0.21189591078066913
1 0.36338289962825276 0.6877323420074349 0.10037174721189591 0.17286245353159851
1 0.5659851301115242 0.8856877323420075 0.1691449814126394 0.22862453531598512
1 0.5065055762081785 0.6328996282527881 0.10408921933085502 0.23048327137546468
1 0.032527881040892194 0.5 0.06505576208178439 0.48698884758364314
1 0.08085501858736059 0.48420074349442377 0.15985130111524162 0.42193308550185876
1 0.2788104089219331 0.570631970260223 0.11895910780669144 0.3847583643122677
1 0.17936802973977695 0.5845724907063197 0.17472118959107807 0.3252788104089219
1 0.16728624535315986 0.8308550185873605 0.10594795539033457 0.13197026022304834
1 0.0037174721189591076 0.8113382899628253 0.007434944237918215 0.0762081784386617
1 0.6691449814126395 0.5176579925650557 0.21933085501858737 0.758364312267658
1 0.8429368029739777 0.612453531598513 0.26022304832713755 0.5669144981412639
1 0.9767657992565055 0.6477695167286245 0.040892193308550186 0.1821561338289963
1 0.37732342007434944 0.8122676579925651 0.05204460966542751 0.0762081784386617