1 0.7280405405405406 0.056587837837837836 0.0945945945945946 0.11317567567567567
1 0.3564189189189189 0.037162162162162164 0.08108108108108109 0.07432432432432433
1 0.5548986486486487 0.05405405405405406 0.14020270270270271 0.10810810810810811
1 0.4831081081081081 0.04983108108108108 0.08108108108108109 0.09966216216216216
1 0.030405405405405407 0.12837837837837837 0.060810810810810814 0.25675675675675674
1 0.08868243243243243 0.12162162162162163 0.11993243243243243 0.24324324324324326
1 0.27364864864864863 0.08530405405405406 0.08445945945945946 0.17060810810810811
1 0.18412162162162163 0.07094594594594594 0.13851351351351351 0.14189189189189189
1 0.1891891891891892 0.02787162162162162 0.08783783783783784 0.05574324324324324
1 0.02027027027027027 0.016047297297297296 0.04054054054054054 0.03209459459459459
1 0.6233108108108109 0.20101351351351351 0.15202702702702703 0.40202702702702703
1 0.7305743243243243 0.1241554054054054 0.08952702702702703 0.2483108108108108
1 0.37753378378378377 0.015202702702702704 0.04222972972972973 0.030405405405405407
1 0.8817567567567568 0.2905405405405405 0.21283783783783783 0.3885135135135135
1 0.2998310810810811 0.7423986486486487 0.40371621621621623 0.5152027027027027
1 0.9619932432432432 0.8412162162162162 0.07601351351351351 0.31756756756756754
1 0.7905405405405406 0.737331081081081 0.030405405405405407 0.3293918918918919
1 0.8023648648648649 0.7744932432432432 0.05405405405405406 0.38344594594594594
1 0.847972972972973 0.7423986486486487 0.14527027027027026 0.5152027027027027