1 0.9485815602836879 0.8936170212765957 0.07446808510638298 0.2127659574468085
1 0.7925531914893617 0.8891843971631206 0.19858156028368795 0.22163120567375885
1 0.37056737588652483 0.6888297872340425 0.09397163120567376 0.16312056737588654
1 0.5673758865248227 0.8829787234042553 0.1595744680851064 0.23404255319148937
1 0.5062056737588653 0.6338652482269503 0.09574468085106383 0.21808510638297873
1 0.0398936170212766 0.5150709219858156 0.0797872340425532 0.46631205673758863
1 0.0975177304964539 0.49822695035460995 0.14716312056737588 0.40070921985815605
1 0.28812056737588654 0.5780141843971631 0.10815602836879433 0.36524822695035464
1 0.19326241134751773 0.5930851063829787 0.16134751773049646 0.30851063829787234
1 0.18617021276595744 0.8280141843971631 0.0975177304964539 0.12588652482269502
1 0.015957446808510637 0.8111702127659575 0.031914893617021274 0.0726950354609929
1 0.6595744680851063 0.5203900709219859 0.19680851063829788 0.7216312056737588
1 0.8271276595744681 0.6081560283687943 0.2393617021276596 0.5372340425531915
1 0.9671985815602837 0.6409574468085106 0.06028368794326241 0.17375886524822695
1 0.9813829787234043 0.7021276595744681 0.024822695035460994 0.15070921985815602
1 0.38652482269503546 0.8067375886524822 0.047872340425531915 0.07092198581560284