1 0.9113175675675675 0.10726351351351351 0.13682432432432431 0.21452702702702703
1 0.7331081081081081 0.11317567567567567 0.19256756756756757 0.22635135135135134
1 0.33614864864864863 0.31841216216216217 0.09121621621621621 0.1570945945945946
1 0.5211148648648649 0.12753378378378377 0.1554054054054054 0.22804054054054054
1 0.46621621621621623 0.36824324324324326 0.0945945945945946 0.20777027027027026
1 0.032939189189189186 0.4873310810810811 0.06587837837837837 0.44425675675675674
1 0.07939189189189189 0.504222972972973 0.14527027027027026 0.38344594594594594
1 0.2592905405405405 0.42567567567567566 0.10810810810810811 0.34966216216216217
1 0.16891891891891891 0.41216216216216217 0.15878378378378377 0.2956081081081081
1 0.1579391891891892 0.1883445945945946 0.09628378378378379 0.11993243243243243
1 0.0059121621621621625 0.20692567567567569 0.011824324324324325 0.06925675675675676
1 0.6140202702702703 0.47297297297297297 0.19932432432432431 0.6891891891891891
1 0.7719594594594594 0.38682432432432434 0.23648648648648649 0.5152027027027027
1 0.9070945945945946 0.35388513513513514 0.06418918918918919 0.16722972972972974
1 0.9476351351351351 0.29307432432432434 0.08614864864864864 0.14864864864864866
1 0.34881756756756754 0.20608108108108109 0.0472972972972973 0.06925675675675676