1 0.0959119496855346 0.15723270440251572 0.1918238993710692 0.27358490566037735
1 0.6650943396226415 0.3231132075471698 0.040880503144654086 0.16823899371069181
1 0.7429245283018868 0.3160377358490566 0.0880503144654088 0.17452830188679244
1 0.6438679245283019 0.12028301886792453 0.025157232704402517 0.14622641509433962
1 0.7004716981132075 0.19339622641509435 0.06289308176100629 0.2138364779874214
1 0.6564465408805031 0.19732704402515724 0.040880503144654086 0.1650943396226415
1 0.06289308176100629 0.77437106918239 0.11635220125786164 0.3836477987421384
1 0.1289308176100629 0.7515723270440252 0.25157232704402516 0.4968553459119497
1 0.30345911949685533 0.77437106918239 0.20125786163522014 0.45125786163522014
1 0.39858490566037735 0.7916666666666666 0.14622641509433962 0.4166666666666667
1 0.5581761006289309 0.785377358490566 0.25471698113207547 0.42924528301886794
1 0.6682389937106918 0.8985849056603774 0.05345911949685535 0.139937106918239
1 0.6674528301886793 0.4261006289308176 0.02358490566037736 0.040880503144654086
1 0.7995283018867925 0.42138364779874216 0.04245283018867924 0.05188679245283019
1 0.8946540880503144 0.4190251572327044 0.050314465408805034 0.059748427672955975
1 0.6698113207547169 0.4724842767295597 0.025157232704402517 0.09905660377358491
1 0.6816037735849056 0.6344339622641509 0.026729559748427674 0.11949685534591195
1 0.6745283018867925 0.42845911949685533 0.03773584905660377 0.04716981132075472
1 0.6768867924528302 0.6092767295597484 0.018867924528301886 0.0770440251572327
1 0.6690251572327044 0.43553459119496857 0.026729559748427674 0.059748427672955975
1 0.6863207547169812 0.6163522012578616 0.04559748427672956 0.2059748427672956
1 0.6682389937106918 0.45125786163522014 0.025157232704402517 0.09119496855345911
1 0.6698113207547169 0.4410377358490566 0.02830188679245283 0.07075471698113207
1 0.664308176100629 0.43160377358490565 0.01729559748427673 0.05188679245283019
1 0.6839622641509434 0.7012578616352201 0.020440251572327043 0.06446540880503145
1 0.8199685534591195 0.41509433962264153 0.031446540880503145 0.040880503144654086
1 0.9363207547169812 0.4033018867924528 0.036163522012578615 0.0330188679245283
1 0.664308176100629 0.42452830188679247 0.01729559748427673 0.03773584905660377
1 0.7185534591194969 0.4190251572327044 0.026729559748427674 0.03459119496855346
1 0.6650943396226415 0.4520440251572327 0.01729559748427673 0.07861635220125786
1 0.6674528301886793 0.4339622641509434 0.0220125786163522 0.05660377358490566
1 0.6698113207547169 0.4363207547169811 0.02830188679245283 0.06132075471698113
1 0.6886792452830188 0.6014150943396226 0.04245283018867924 0.08333333333333333
1 0.9889937106918238 0.39544025157232704 0.0110062893081761 0.02358490566037736
1 0.7130503144654088 0.4473270440251572 0.036163522012578615 0.07861635220125786
1 0.6823899371069182 0.6878930817610063 0.020440251572327043 0.08647798742138364
1 0.6650943396226415 0.425314465408805 0.018867924528301886 0.03930817610062893
1 0.9481132075471698 0.40723270440251574 0.036163522012578615 0.04245283018867924
1 0.8176100628930818 0.41509433962264153 0.026729559748427674 0.03930817610062893
1 0.7562893081761006 0.41745283018867924 0.025157232704402517 0.036163522012578615
1 0.8844339622641509 0.5935534591194969 0.029874213836477988 0.07075471698113207
1 0.6863207547169812 0.7531446540880503 0.015723270440251572 0.05660377358490566
1 0.8514150943396226 0.4143081761006289 0.03773584905660377 0.04245283018867924
1 0.6705974842767296 0.4261006289308176 0.029874213836477988 0.040880503144654086
1 0.6690251572327044 0.4410377358490566 0.026729559748427674 0.07075471698113207
1 0.664308176100629 0.4276729559748428 0.01729559748427673 0.0440251572327044
1 0.6666666666666666 0.4308176100628931 0.0220125786163522 0.050314465408805034
1 0.9001572327044025 0.41037735849056606 0.031446540880503145 0.04245283018867924
1 0.7374213836477987 0.41509433962264153 0.0220125786163522 0.02830188679245283
1 0.8553459119496856 0.41352201257861637 0.029874213836477988 0.04245283018867924
1 0.6698113207547169 0.4331761006289308 0.026729559748427674 0.055031446540880505
1 0.8301886792452831 0.514937106918239 0.025157232704402517 0.06446540880503145
1 0.6784591194968553 0.5888364779874213 0.026729559748427674 0.10062893081761007
1 0.7224842767295597 0.5455974842767296 0.0330188679245283 0.06918238993710692
1 0.6627358490566038 0.4221698113207547 0.012578616352201259 0.031446540880503145
1 0.8482704402515723 0.5786163522012578 0.0330188679245283 0.08490566037735849
1 0.7625786163522013 0.4158805031446541 0.0220125786163522 0.03459119496855346
1 0.6635220125786163 0.4221698113207547 0.014150943396226415 0.0330188679245283
1 0.6761006289308176 0.6061320754716981 0.01729559748427673 0.0660377358490566
1 0.6721698113207547 0.5385220125786163 0.018867924528301886 0.07389937106918239
1 0.9551886792452831 0.40723270440251574 0.040880503144654086 0.04559748427672956
1 0.6627358490566038 0.42452830188679247 0.014150943396226415 0.036163522012578615
1 0.6635220125786163 0.42924528301886794 0.015723270440251572 0.04559748427672956
1 0.6619496855345912 0.4190251572327044 0.012578616352201259 0.025157232704402517
1 0.6729559748427673 0.5605345911949685 0.018867924528301886 0.08490566037735849
1 0.8852201257861635 0.4056603773584906 0.025157232704402517 0.029874213836477988
1 0.6729559748427673 0.42374213836477986 0.03459119496855346 0.03773584905660377
1 0.664308176100629 0.4221698113207547 0.015723270440251572 0.0330188679245283
1 0.6698113207547169 0.4716981132075472 0.025157232704402517 0.08490566037735849
1 0.6619496855345912 0.42059748427672955 0.012578616352201259 0.02830188679245283
1 0.8144654088050315 0.6045597484276729 0.036163522012578615 0.07861635220125786
1 0.6666666666666666 0.42924528301886794 0.0220125786163522 0.04716981132075472
1 0.8561320754716981 0.6580188679245284 0.025157232704402517 0.06132075471698113
1 0.6658805031446541 0.4268867924528302 0.020440251572327043 0.04245283018867924
1 0.9363207547169812 0.5023584905660378 0.0330188679245283 0.06918238993710692
1 0.9481132075471698 0.40644654088050314 0.036163522012578615 0.040880503144654086
1 0.6839622641509434 0.5416666666666666 0.026729559748427674 0.05188679245283019
1 0.8828616352201258 0.9441823899371069 0.04874213836477988 0.06289308176100629
1 0.9300314465408805 0.4025157232704403 0.020440251572327043 0.029874213836477988
1 0.664308176100629 0.4229559748427673 0.015723270440251572 0.03459119496855346
1 0.6682389937106918 0.43160377358490565 0.025157232704402517 0.05188679245283019
1 0.6690251572327044 0.47641509433962265 0.02358490566037736 0.09748427672955975
1 0.6823899371069182 0.6745283018867925 0.02358490566037736 0.11163522012578617
1 0.690251572327044 0.7059748427672956 0.031446540880503145 0.0770440251572327
1 0.7327044025157232 0.625 0.03773584905660377 0.0880503144654088
1 0.6816037735849056 0.6084905660377359 0.0330188679245283 0.1430817610062893
1 0.8938679245283019 0.4080188679245283 0.0330188679245283 0.036163522012578615
1 0.6981132075471698 0.4190251572327044 0.025157232704402517 0.031446540880503145
1 0.7319182389937107 0.4119496855345912 0.020440251572327043 0.0220125786163522
1 0.7806603773584906 0.6533018867924528 0.029874213836477988 0.06289308176100629
1 0.8443396226415094 0.41273584905660377 0.04874213836477988 0.040880503144654086
1 0.8765723270440252 0.5133647798742138 0.03930817610062893 0.07861635220125786
1 0.684748427672956 0.7303459119496856 0.018867924528301886 0.08962264150943396
1 0.6619496855345912 0.4229559748427673 0.0110062893081761 0.0330188679245283
1 0.7059748427672956 0.9064465408805031 0.040880503144654086 0.1619496855345912
1 0.925314465408805 0.4009433962264151 0.02358490566037736 0.026729559748427674
1 0.7610062893081762 0.42059748427672955 0.03459119496855346 0.04245283018867924
1 0.6650943396226415 0.4559748427672956 0.015723270440251572 0.06446540880503145
1 0.6635220125786163 0.4308176100628931 0.015723270440251572 0.04874213836477988
1 0.7617924528301887 0.5864779874213837 0.03459119496855346 0.0959119496855346
1 0.6808176100628931 0.6745283018867925 0.01729559748427673 0.07861635220125786
1 0.7775157232704403 0.41509433962264153 0.026729559748427674 0.03459119496855346
1 0.6808176100628931 0.6438679245283019 0.02358490566037736 0.10062893081761007
1 0.9764150943396226 0.7672955974842768 0.02830188679245283 0.07547169811320754
1 0.8537735849056604 0.4661949685534591 0.026729559748427674 0.05817610062893082
1 0.6776729559748428 0.6273584905660378 0.01729559748427673 0.07075471698113207
1 0.6910377358490566 0.7452830188679245 0.0330188679245283 0.13679245283018868
1 0.8026729559748428 0.5188679245283019 0.02830188679245283 0.0770440251572327
1 0.7476415094339622 0.48663522012578614 0.02830188679245283 0.06289308176100629
1 0.6886792452830188 0.7460691823899371 0.026729559748427674 0.11006289308176101
1 0.9842767295597484 0.3938679245283019 0.020440251572327043 0.020440251572327043
1 0.8443396226415094 0.4111635220125786 0.03773584905660377 0.03773584905660377
1 0.6627358490566038 0.4261006289308176 0.014150943396226415 0.03930817610062893
1 0.6737421383647799 0.5290880503144654 0.02830188679245283 0.13364779874213836
1 0.699685534591195 0.4166666666666667 0.0220125786163522 0.026729559748427674
1 0.7240566037735849 0.4158805031446541 0.02358490566037736 0.02830188679245283
1 0.7374213836477987 0.4166666666666667 0.025157232704402517 0.031446540880503145
1 0.800314465408805 0.41352201257861637 0.025157232704402517 0.03459119496855346
1 0.6635220125786163 0.42374213836477986 0.015723270440251572 0.036163522012578615
1 0.9834905660377359 0.41037735849056606 0.026729559748427674 0.05345911949685535
1 0.9190251572327044 0.5731132075471698 0.031446540880503145 0.07547169811320754
1 0.8537735849056604 0.4056603773584906 0.025157232704402517 0.026729559748427674
1 0.9229559748427673 0.4488993710691824 0.026729559748427674 0.050314465408805034
1 0.6776729559748428 0.5542452830188679 0.0330188679245283 0.1289308176100629
1 0.9205974842767296 0.8616352201257862 0.06918238993710692 0.22327044025157233
1 0.6839622641509434 0.735062893081761 0.015723270440251572 0.0770440251572327
1 0.6690251572327044 0.44339622641509435 0.026729559748427674 0.07547169811320754
1 0.6658805031446541 0.449685534591195 0.020440251572327043 0.08333333333333333
1 0.7861635220125787 0.470125786163522 0.02830188679245283 0.05817610062893082
1 0.7287735849056604 0.4143081761006289 0.02358490566037736 0.026729559748427674
1 0.9339622641509434 0.41352201257861637 0.02830188679245283 0.05345911949685535
1 0.7311320754716981 0.42374213836477986 0.03459119496855346 0.04559748427672956
1 0.85062893081761 0.42845911949685533 0.040880503144654086 0.07075471698113207
1 0.6627358490566038 0.4229559748427673 0.012578616352201259 0.0330188679245283
1 0.8844339622641509 0.41509433962264153 0.029874213836477988 0.04874213836477988
1 0.6800314465408805 0.6556603773584906 0.018867924528301886 0.06761006289308176
1 0.7460691823899371 0.42059748427672955 0.029874213836477988 0.040880503144654086
1 0.6698113207547169 0.4300314465408805 0.02830188679245283 0.04874213836477988
1 0.9135220125786163 0.3970125786163522 0.020440251572327043 0.01729559748427673
1 0.6635220125786163 0.425314465408805 0.015723270440251572 0.03773584905660377
1 0.6784591194968553 0.6092767295597484 0.025157232704402517 0.11635220125786164
1 0.6619496855345912 0.4221698113207547 0.0110062893081761 0.031446540880503145
1 0.664308176100629 0.425314465408805 0.01729559748427673 0.03930817610062893
1 0.7374213836477987 0.4119496855345912 0.018867924528301886 0.0220125786163522
1 0.6698113207547169 0.4834905660377358 0.025157232704402517 0.10534591194968554
1 0.6658805031446541 0.42924528301886794 0.020440251572327043 0.04716981132075472
1 0.7075471698113207 0.8828616352201258 0.050314465408805034 0.20911949685534592
1 0.779874213836478 0.9276729559748428 0.04716981132075472 0.11163522012578617
1 0.8742138364779874 0.8349056603773585 0.03930817610062893 0.12421383647798742
1 0.7209119496855346 0.8734276729559748 0.08018867924528301 0.22955974842767296
1 0.7028301886792453 0.8915094339622641 0.03930817610062893 0.1918238993710692
1 0.699685534591195 0.8828616352201258 0.03459119496855346 0.2059748427672956