1 0.8953287197231834 0.9134948096885813 0.15051903114186851 0.17301038062283736
1 0.7050173010380623 0.9065743944636678 0.19550173010380623 0.18685121107266436
1 0.2967128027681661 0.7197231833910035 0.09342560553633218 0.16089965397923875
1 0.4870242214532872 0.8987889273356401 0.157439446366782 0.20242214532871972
1 0.42993079584775085 0.6686851211072664 0.09688581314878893 0.21453287197231835
1 0.05363321799307959 0.5294117647058824 0.10726643598615918 0.39100346020761245
1 0.2179930795847751 0.610726643598616 0.11072664359861592 0.35813148788927335
1 0.1254325259515571 0.6237024221453287 0.16262975778546712 0.3027681660899654
1 0.11418685121107267 0.8529411764705882 0.0986159169550173 0.12283737024221453
1 0.5813148788927336 0.5614186851211073 0.2041522491349481 0.7058823529411765
1 0.7439446366782007 0.6496539792387543 0.2422145328719723 0.527681660899654
1 0.8814878892733564 0.6833910034602076 0.0657439446366782 0.17128027681660898
1 0.9230103806228374 0.745674740484429 0.08823529411764706 0.1522491349480969
1 0.3096885813148789 0.8356401384083045 0.04844290657439446 0.07093425605536333