1 0.9735915492957746 0.1311619718309859 0.0528169014084507 0.2306338028169014
1 0.8274647887323944 0.125 0.19190140845070422 0.23415492957746478
1 0.39172535211267606 0.29577464788732394 0.0897887323943662 0.1619718309859155
1 0.6047535211267606 0.11795774647887323 0.15316901408450703 0.23415492957746478
1 0.5220070422535211 0.3617957746478873 0.09154929577464789 0.2147887323943662
1 0.04225352112676056 0.43661971830985913 0.08450704225352113 0.4612676056338028
1 0.1056338028169014 0.4595070422535211 0.13908450704225353 0.3961267605633803
1 0.301056338028169 0.397887323943662 0.10035211267605634 0.3626760563380282
1 0.20862676056338028 0.37411971830985913 0.15492957746478872 0.3045774647887324
1 0.22183098591549297 0.14172535211267606 0.09507042253521127 0.12323943661971831
1 0.03961267605633803 0.14172535211267606 0.056338028169014086 0.0721830985915493
1 0.6637323943661971 0.4859154929577465 0.18309859154929578 0.7147887323943662
1 0.8371478873239436 0.4137323943661972 0.22887323943661972 0.5299295774647887
1 0.9753521126760564 0.39436619718309857 0.04929577464788732 0.17253521126760563
1 0.9929577464788732 0.335387323943662 0.014084507042253521 0.14964788732394366
1 0.41813380281690143 0.18045774647887325 0.045774647887323945 0.07042253521126761