1 0.9626736111111112 0.08333333333333333 0.050347222222222224 0.16666666666666666
1 0.8185763888888888 0.0859375 0.1892361111111111 0.171875
1 0.4019097222222222 0.2552083333333333 0.08854166666666667 0.1597222222222222
1 0.5980902777777778 0.09027777777777778 0.15104166666666666 0.18055555555555555
1 0.5338541666666666 0.3107638888888889 0.09027777777777778 0.21180555555555555
1 0.0546875 0.4192708333333333 0.109375 0.4565972222222222
1 0.13194444444444445 0.4366319444444444 0.1371527777777778 0.390625
1 0.3194444444444444 0.3619791666666667 0.09895833333333333 0.3576388888888889
1 0.22743055555555555 0.3454861111111111 0.1527777777777778 0.3003472222222222
1 0.22395833333333334 0.1154513888888889 0.09375 0.12152777777777778
1 0.036458333333333336 0.1284722222222222 0.07291666666666667 0.07291666666666667
1 0.6822916666666666 0.4244791666666667 0.18055555555555555 0.7048611111111112
1 0.8480902777777778 0.3411458333333333 0.22569444444444445 0.5225694444444444
1 0.9774305555555556 0.3125 0.03819444444444445 0.1701388888888889
1 0.4192708333333333 0.13975694444444445 0.04513888888888889 0.06944444444444445