1 0.7580645161290323 0.06612903225806452 0.0967741935483871 0.10483870967741936
1 0.4056451612903226 0.027419354838709678 0.08225806451612903 0.054838709677419356
1 0.5935483870967742 0.05241935483870968 0.1403225806451613 0.1032258064516129
1 0.5258064516129032 0.04435483870967742 0.08387096774193549 0.08870967741935484
1 0.07258064516129033 0.10403225806451613 0.1064516129032258 0.20806451612903226
1 0.14516129032258066 0.1 0.12903225806451613 0.2
1 0.3233870967741935 0.07096774193548387 0.09193548387096774 0.14193548387096774
1 0.23951612903225805 0.055645161290322584 0.1403225806451613 0.11129032258064517
1 0.2467741935483871 0.013709677419354839 0.08709677419354839 0.027419354838709678
1 0.6491935483870968 0.1967741935483871 0.17096774193548386 0.38387096774193546
1 0.7564516129032258 0.13064516129032258 0.10161290322580645 0.23225806451612904
1 0.4274193548387097 0.007258064516129033 0.041935483870967745 0.014516129032258065
1 0.8870967741935484 0.29354838709677417 0.22580645161290322 0.38387096774193546
1 0.3040322580645161 0.7008064516129032 0.42096774193548386 0.5467741935483871
1 0.9338709677419355 0.8354838709677419 0.10967741935483871 0.32903225806451614
1 0.7725806451612903 0.7137096774193549 0.05161290322580645 0.3161290322580645
1 0.7814516129032258 0.75 0.07741935483870968 0.36935483870967745
1 0.8258064516129032 0.7362903225806452 0.17419354838709677 0.5274193548387097