1 0.2640449438202247 0.10205992509363296 0.09550561797752809 0.17228464419475656
1 0.47659176029962547 0.28277153558052437 0.16292134831460675 0.20224719101123595
1 0.4035580524344569 0.07771535580524344 0.09550561797752809 0.15543071161048688
1 0.17134831460674158 0.08895131086142322 0.09925093632958802 0.17790262172284643
1 0.08146067415730338 0.08239700374531835 0.1404494382022472 0.1647940074906367
1 0.07209737827715355 0.25280898876404495 0.10112359550561797 0.13108614232209737
1 0.5205992509363296 0.15917602996254682 0.10861423220973783 0.31835205992509363
1 0.28277153558052437 0.22659176029962547 0.04868913857677903 0.0749063670411985
1 0.8127340823970037 0.20131086142322097 0.37453183520599254 0.3951310861423221
1 0.42696629213483145 0.7649812734082397 0.25842696629213485 0.4700374531835206
1 0.6310861423220974 0.6404494382022472 0.15543071161048688 0.3146067415730337
1 0.7930711610486891 0.6685393258426966 0.21348314606741572 0.3202247191011236
1 0.7106741573033708 0.6310861423220974 0.33146067415730335 0.4943820224719101