1 0.28505535055350556 0.05627306273062731 0.09778597785977859 0.11254612546125461
1 0.49169741697416974 0.21217712177121772 0.16605166051660517 0.2047970479704797
1 0.4252767527675277 0.042435424354243544 0.0940959409594096 0.08487084870848709
1 0.19557195571955718 0.04981549815498155 0.0996309963099631 0.0996309963099631
1 0.10239852398523985 0.042435424354243544 0.14944649446494465 0.08487084870848709
1 0.0940959409594096 0.16789667896678967 0.10516605166051661 0.13099630996309963
1 0.5378228782287823 0.12453874538745388 0.11254612546125461 0.24907749077490776
1 0.3025830258302583 0.14944649446494465 0.05166051660516605 0.07564575645756458
1 0.8173431734317343 0.17712177121771217 0.36531365313653136 0.33579335793357934
1 0.42712177121771217 0.6872693726937269 0.2693726937269373 0.47232472324723246
1 0.6309963099630996 0.5691881918819188 0.16236162361623616 0.31365313653136534
1 0.7896678966789668 0.6023985239852399 0.21955719557195572 0.3210332103321033
1 0.7103321033210332 0.5627306273062731 0.34317343173431736 0.496309963099631