1 0.9442567567567568 0.17060810810810811 0.11148648648648649 0.24662162162162163
1 0.7787162162162162 0.16047297297297297 0.19256756756756757 0.24155405405405406
1 0.3547297297297297 0.31503378378378377 0.09121621621621621 0.1570945945945946
1 0.5650337837837838 0.15202702702702703 0.1554054054054054 0.22804054054054054
1 0.47719594594594594 0.38344594594594594 0.0945945945945946 0.20777027027027026
1 0.03209459459459459 0.4408783783783784 0.06418918918918919 0.44256756756756754
1 0.07516891891891891 0.46368243243243246 0.14527027027027026 0.38344594594594594
1 0.2643581081081081 0.41047297297297297 0.10810810810810811 0.34966216216216217
1 0.17652027027027026 0.38513513513513514 0.15878378378378377 0.2956081081081081
1 0.19679054054054054 0.16216216216216217 0.09628378378378379 0.11993243243243243
1 0.03547297297297297 0.1579391891891892 0.030405405405405407 0.06925675675675676
1 0.6089527027027027 0.5076013513513513 0.19932432432432431 0.6891891891891891
1 0.777027027027027 0.44425675675675674 0.23648648648648649 0.5152027027027027
1 0.9155405405405406 0.42989864864864863 0.06418918918918919 0.16722972972972974
1 0.9603040540540541 0.375 0.07939189189189189 0.14864864864864866
1 0.38344594594594594 0.20608108108108109 0.0472972972972973 0.06925675675675676