1 0.8174157303370787 0.9400749063670412 0.20037453183520598 0.1198501872659176
1 0.3651685393258427 0.7911985018726592 0.09550561797752809 0.17228464419475656
1 0.5795880149812734 0.9353932584269663 0.15917602996254682 0.12921348314606743
1 0.5074906367041199 0.7303370786516854 0.09737827715355805 0.2303370786516854
1 0.025280898876404494 0.6142322097378277 0.05056179775280899 0.49063670411985016
1 0.07397003745318352 0.5955056179775281 0.14794007490636704 0.42134831460674155
1 0.2762172284644195 0.6760299625468165 0.10674157303370786 0.3857677902621723
1 0.17696629213483145 0.6938202247191011 0.1647940074906367 0.32397003745318353
1 0.17415730337078653 0.9335205992509363 0.10112359550561797 0.11423220973782772
1 0.0046816479400749065 0.9288389513108615 0.009363295880149813 0.0749063670411985
1 0.6676029962546817 0.6086142322097379 0.1947565543071161 0.7602996254681648
1 0.846441947565543 0.6985018726591761 0.24344569288389514 0.5636704119850188
1 0.9803370786516854 0.7294007490636704 0.0299625468164794 0.18164794007490637
1 0.3838951310861423 0.9157303370786517 0.04868913857677903 0.0749063670411985