1 0.5606557377049181 0.036065573770491806 0.054098360655737705 0.06885245901639345
1 0.9081967213114754 0.054098360655737705 0.10655737704918032 0.060655737704918035
1 0.48032786885245904 0.03934426229508197 0.07540983606557378 0.07868852459016394
1 0.5081967213114754 0.03770491803278689 0.06557377049180328 0.07540983606557378
1 0.6254098360655738 0.022131147540983605 0.04426229508196721 0.03278688524590164
1 0.4901639344262295 0.022131147540983605 0.05245901639344262 0.04426229508196721
1 0.5737704918032787 0.03278688524590164 0.06885245901639345 0.06229508196721312
1 0.9631147540983607 0.07049180327868852 0.06885245901639345 0.08360655737704918
1 0.6688524590163935 0.02540983606557377 0.04262295081967213 0.03278688524590164
1 0.9188524590163935 0.04262295081967213 0.04590163934426229 0.03278688524590164
1 0.8852459016393442 0.038524590163934426 0.027868852459016394 0.027868852459016394
1 0.42704918032786887 0.013114754098360656 0.02459016393442623 0.02622950819672131
1 0.9704918032786886 0.06967213114754098 0.05901639344262295 0.08032786885245902
1 0.42950819672131146 0.01639344262295082 0.03278688524590164 0.03278688524590164
1 0.44508196721311477 0.027868852459016394 0.06393442622950819 0.05573770491803279
1 0.8918032786885246 0.04180327868852459 0.03770491803278689 0.03278688524590164
1 0.4360655737704918 0.03114754098360656 0.04918032786885246 0.06229508196721312
1 0.4319672131147541 0.012295081967213115 0.03442622950819672 0.02459016393442623
1 0.8745901639344262 0.08196721311475409 0.07213114754098361 0.04918032786885246
1 0.7663934426229508 0.031967213114754096 0.03114754098360656 0.03114754098360656
1 0.6163934426229508 0.04672131147540984 0.06229508196721312 0.08196721311475409
1 0.430327868852459 0.01721311475409836 0.03442622950819672 0.03442622950819672
1 0.44344262295081965 0.022131147540983605 0.05081967213114754 0.04426229508196721
1 0.7860655737704918 0.05245901639344262 0.03442622950819672 0.06885245901639345
1 0.9524590163934427 0.06967213114754098 0.07049180327868852 0.08360655737704918
1 0.7918032786885246 0.036065573770491806 0.027868852459016394 0.036065573770491806
1 0.6270491803278688 0.027868852459016394 0.036065573770491806 0.04262295081967213
1 0.8631147540983607 0.038524590163934426 0.02622950819672131 0.029508196721311476
1 0.4540983606557377 0.01557377049180328 0.03934426229508197 0.03114754098360656
1 0.5254098360655738 0.03934426229508197 0.07049180327868852 0.07868852459016394
1 0.42704918032786887 0.009016393442622951 0.02459016393442623 0.018032786885245903
1 0.42295081967213116 0.013114754098360656 0.01639344262295082 0.02622950819672131
1 0.42540983606557375 0.013114754098360656 0.021311475409836064 0.02622950819672131
1 0.8877049180327868 0.036065573770491806 0.02459016393442623 0.021311475409836064
1 0.7032786885245902 0.02540983606557377 0.02622950819672131 0.02622950819672131
1 0.6729508196721311 0.028688524590163935 0.03114754098360656 0.03770491803278689
1 0.42213114754098363 0.002459016393442623 0.011475409836065573 0.004918032786885246
1 0.4311475409836066 0.036065573770491806 0.03934426229508197 0.07213114754098361
1 0.4311475409836066 0.01639344262295082 0.036065573770491806 0.03278688524590164
1 0.5942622950819673 0.036065573770491806 0.04590163934426229 0.06393442622950819
1 0.7049180327868853 0.020491803278688523 0.04590163934426229 0.018032786885245903
1 0.4278688524590164 0.007377049180327869 0.02622950819672131 0.014754098360655738
1 0.7442622950819672 0.05491803278688524 0.05573770491803279 0.08196721311475409
1 0.730327868852459 0.027049180327868853 0.03114754098360656 0.02622950819672131
1 0.49098360655737705 0.022950819672131147 0.040983606557377046 0.04590163934426229
1 0.49098360655737705 0.012295081967213115 0.040983606557377046 0.02459016393442623
1 0.4262295081967213 0.009016393442622951 0.022950819672131147 0.018032786885245903
1 0.9852459016393442 0.04672131147540984 0.029508196721311476 0.03114754098360656
1 0.6737704918032786 0.02459016393442623 0.03278688524590164 0.029508196721311476
1 0.9565573770491803 0.04262295081967213 0.036065573770491806 0.02459016393442623
1 0.7442622950819672 0.029508196721311476 0.03278688524590164 0.029508196721311476
1 0.9885245901639345 0.04016393442622951 0.022950819672131147 0.018032786885245903
1 0.6352459016393442 0.029508196721311476 0.040983606557377046 0.04590163934426229
1 0.969672131147541 0.04836065573770492 0.03934426229508197 0.036065573770491806
1 0.6934426229508197 0.02622950819672131 0.036065573770491806 0.029508196721311476
1 0.6877049180327869 0.05327868852459016 0.07377049180327869 0.08032786885245902
1 0.7655737704918033 0.022950819672131147 0.021311475409836064 0.013114754098360656
1 0.8737704918032787 0.04262295081967213 0.03114754098360656 0.03770491803278689
1 0.4319672131147541 0.013934426229508197 0.03442622950819672 0.027868852459016394
1 0.6581967213114754 0.02459016393442623 0.027868852459016394 0.03114754098360656
1 0.9016393442622951 0.05983606557377049 0.06229508196721312 0.06885245901639345
1 0.23524590163934425 0.5442622950819672 0.1557377049180328 0.3950819672131147
1 0.3655737704918033 0.4852459016393443 0.08032786885245902 0.6639344262295082
1 0.6262295081967213 0.5008196721311475 0.4131147540983607 0.7114754098360656
1 0.889344262295082 0.5836065573770491 0.22131147540983606 0.8327868852459016