1 0.5904255319148937 0.010638297872340425 0.05319148936170213 0.02127659574468085
1 0.5044326241134752 0.01773049645390071 0.07624113475177305 0.03546099290780142
1 0.5345744680851063 0.015957446808510637 0.06560283687943262 0.031914893617021274
1 0.45656028368794327 0.01152482269503546 0.047872340425531915 0.02304964539007092
1 0.9326241134751773 0.01773049645390071 0.07446808510638298 0.03546099290780142
1 0.651595744680851 0.01773049645390071 0.06205673758865248 0.03546099290780142
1 0.8351063829787234 0.01152482269503546 0.031914893617021274 0.02304964539007092
1 0.5531914893617021 0.015957446808510637 0.07092198581560284 0.031914893617021274
1 0.4512411347517731 0.016843971631205674 0.03723404255319149 0.03368794326241135
1 0.7898936170212766 0.01773049645390071 0.0549645390070922 0.03546099290780142
1 0.7287234042553191 0.01773049645390071 0.07446808510638298 0.03546099290780142
1 0.9601063829787234 0.010638297872340425 0.06205673758865248 0.02127659574468085
1 0.2783687943262411 0.5585106382978723 0.1400709219858156 0.41843971631205673
1 0.41400709219858156 0.4849290780141844 0.03723404255319149 0.7180851063829787
1 0.6968085106382979 0.48226950354609927 0.3953900709219858 0.7429078014184397
1 0.950354609929078 0.5540780141843972 0.09929078014184398 0.8918439716312057