1 0.9043408360128617 0.8858520900321544 0.14308681672025725 0.2282958199356913
1 0.7290996784565916 0.8754019292604501 0.1832797427652733 0.22990353697749197
1 0.3504823151125402 0.6736334405144695 0.08681672025723473 0.1495176848874598
1 0.5265273311897106 0.8545016077170418 0.14790996784565916 0.2170418006430868
1 0.4742765273311897 0.6254019292604501 0.09003215434083602 0.19935691318327975
1 0.04662379421221865 0.5096463022508039 0.0932475884244373 0.42443729903536975
1 0.10610932475884244 0.4967845659163987 0.1382636655948553 0.364951768488746
1 0.27733118971061094 0.5715434083601286 0.10289389067524116 0.3327974276527331
1 0.19131832797427653 0.5836012861736335 0.15112540192926044 0.28135048231511256
1 0.18086816720257234 0.7966237942122186 0.09163987138263666 0.11414790996784566
1 0.02090032154340836 0.7773311897106109 0.04180064308681672 0.06913183279742766
1 0.614951768488746 0.5257234726688103 0.18971061093247588 0.6559485530546624
1 0.7652733118971061 0.6077170418006431 0.22508038585209003 0.4903536977491961
1 0.8938906752411575 0.639871382636656 0.06109324758842444 0.15916398713826366
1 0.932475884244373 0.6969453376205788 0.0819935691318328 0.1414790996784566
1 0.362540192926045 0.7805466237942122 0.04501607717041801 0.06591639871382636