1 0.9601694915254237 0.13220338983050847 0.07966101694915254 0.20677966101694914
1 0.8076271186440678 0.11949152542372882 0.19152542372881357 0.21016949152542372
1 0.38305084745762713 0.2593220338983051 0.09152542372881356 0.1576271186440678
1 0.5932203389830508 0.1059322033898305 0.15423728813559323 0.21016949152542372
1 0.5059322033898305 0.3271186440677966 0.09491525423728814 0.20847457627118643
1 0.04576271186440678 0.38389830508474576 0.09152542372881356 0.4457627118644068
1 0.10254237288135593 0.4076271186440678 0.14576271186440679 0.3847457627118644
1 0.2923728813559322 0.3550847457627119 0.10847457627118644 0.35084745762711866
1 0.20423728813559322 0.3288135593220339 0.15932203389830507 0.2966101694915254
1 0.22542372881355932 0.10508474576271186 0.09661016949152543 0.12033898305084746
1 0.051694915254237285 0.1 0.05423728813559322 0.0711864406779661
1 0.638135593220339 0.4516949152542373 0.2 0.6915254237288135
1 0.8076271186440678 0.38813559322033897 0.23728813559322035 0.5169491525423728
1 0.9466101694915254 0.373728813559322 0.06440677966101695 0.16779661016949152
1 0.9754237288135593 0.3177966101694915 0.04915254237288136 0.14745762711864407
1 0.41271186440677965 0.14915254237288136 0.04745762711864407 0.06949152542372881