1 0.9387583892617449 0.14261744966442952 0.12248322147651007 0.23825503355704697
1 0.7600671140939598 0.1417785234899329 0.17953020134228187 0.23154362416107382
1 0.34815436241610737 0.3179530201342282 0.08389261744966443 0.15268456375838926
1 0.5478187919463087 0.14513422818791946 0.14261744966442952 0.2197986577181208
1 0.47315436241610737 0.3783557046979866 0.08389261744966443 0.20302013422818793
1 0.027684563758389263 0.4588926174496644 0.05536912751677853 0.43791946308724833
1 0.07802013422818792 0.4790268456375839 0.12583892617449666 0.37583892617449666
1 0.2634228187919463 0.41694630872483224 0.09060402684563758 0.34395973154362414
1 0.174496644295302 0.3959731543624161 0.14261744966442952 0.28691275167785235
1 0.1837248322147651 0.17365771812080538 0.08892617449664429 0.11577181208053691
1 0.02097315436241611 0.17785234899328858 0.031879194630872486 0.06711409395973154
1 0.6098993288590604 0.4949664429530201 0.16275167785234898 0.6795302013422819
1 0.7743288590604027 0.4236577181208054 0.20973154362416108 0.5016778523489933
1 0.910234899328859 0.40268456375838924 0.05536912751677853 0.1644295302013423
1 0.9555369127516778 0.34563758389261745 0.07718120805369127 0.14429530201342283
1 0.37080536912751677 0.20721476510067113 0.0436241610738255 0.06543624161073826