1 0.3971631205673759 0.3776595744680851 0.7943262411347518 0.7553191489361702
1 0.8794326241134752 0.25354609929078015 0.11524822695035461 0.2641843971631206
1 0.9379432624113475 0.11879432624113476 0.0726950354609929 0.1524822695035461
1 0.7836879432624113 0.25886524822695034 0.0726950354609929 0.274822695035461
1 0.8182624113475178 0.2570921985815603 0.08687943262411348 0.26773049645390073
1 0.9397163120567376 0.16134751773049646 0.0797872340425532 0.17375886524822695
1 0.7632978723404256 0.06028368794326241 0.05851063829787234 0.12056737588652482
1 0.7836879432624113 0.2127659574468085 0.08865248226950355 0.34929078014184395
1 0.42021276595744683 0.8519503546099291 0.41134751773049644 0.29609929078014185
1 0.8271276595744681 0.7358156028368794 0.06205673758865248 0.10460992907801418
1 0.8306737588652482 0.7579787234042553 0.06914893617021277 0.14893617021276595
1 0.8324468085106383 0.875886524822695 0.05673758865248227 0.19680851063829788
1 0.8280141843971631 0.7668439716312057 0.06382978723404255 0.16666666666666666
1 0.8306737588652482 0.8218085106382979 0.06028368794326241 0.1595744680851064
1 0.9875886524822695 0.7473404255319149 0.024822695035460994 0.15780141843971632
1 0.8209219858156028 0.7225177304964538 0.051418439716312055 0.07801418439716312
1 0.8156028368794326 0.7393617021276596 0.03900709219858156 0.10815602836879433
1 0.8120567375886525 0.7145390070921985 0.03368794326241135 0.05851063829787234
1 0.8120567375886525 0.7207446808510638 0.031914893617021274 0.07092198581560284
1 0.9157801418439716 0.7340425531914894 0.11524822695035461 0.12234042553191489
1 0.8173758865248227 0.724290780141844 0.044326241134751775 0.0797872340425532
1 0.8900709219858156 0.8235815602836879 0.18617021276595744 0.299645390070922
1 0.8475177304964538 0.8404255319148937 0.09929078014184398 0.26595744680851063
1 0.9663120567375887 0.7615248226950354 0.0673758865248227 0.18617021276595744
1 0.8590425531914894 0.7331560283687943 0.0851063829787234 0.10815602836879433