1 0.21517857142857144 0.23482142857142857 0.42678571428571427 0.46964285714285714
1 0.4419642857142857 0.06428571428571428 0.04107142857142857 0.12857142857142856
1 0.4357142857142857 0.033928571428571426 0.025 0.06785714285714285
1 0.4375 0.06875 0.03571428571428571 0.1375
1 0.43839285714285714 0.03125 0.026785714285714284 0.0625
1 0.6214285714285714 0.23125 0.12678571428571428 0.2785714285714286
1 0.7223214285714286 0.03482142857142857 0.09285714285714286 0.05357142857142857
1 0.5508928571428572 0.0625 0.08571428571428572 0.125
1 0.8982142857142857 0.08571428571428572 0.0875 0.13392857142857142
1 0.8125 0.04642857142857143 0.08035714285714286 0.06428571428571428
1 0.44285714285714284 0.03214285714285714 0.039285714285714285 0.06428571428571428
1 0.9714285714285714 0.17410714285714285 0.05714285714285714 0.1875
1 0.99375 0.04642857142857143 0.0125 0.04285714285714286
1 0.4544642857142857 0.32410714285714287 0.10357142857142858 0.3
1 0.8 0.2544642857142857 0.08392857142857142 0.22857142857142856
1 0.7133928571428572 0.22589285714285715 0.09464285714285714 0.20892857142857144
1 0.1982142857142857 0.7803571428571429 0.3964285714285714 0.425
1 0.5794642857142858 0.7348214285714286 0.4089285714285714 0.5303571428571429