1 0.14047619047619048 0.27380952380952384 0.28095238095238095 0.5476190476190477
1 0.5190476190476191 0.14523809523809525 0.19365079365079366 0.2904761904761905
1 0.5031746031746032 0.5865079365079365 0.044444444444444446 0.05396825396825397
1 0.2611111111111111 0.5928571428571429 0.026984126984126985 0.09206349206349207
1 0.5785714285714286 0.5785714285714286 0.01746031746031746 0.02857142857142857
1 0.3277777777777778 0.5642857142857143 0.020634920634920634 0.026984126984126985
1 0.32936507936507936 0.5587301587301587 0.011111111111111112 0.014285714285714285
1 0.403968253968254 0.5674603174603174 0.01746031746031746 0.025396825396825397
1 0.9230158730158731 0.5976190476190476 0.015873015873015872 0.03015873015873016
1 0.8928571428571429 0.5968253968253968 0.01904761904761905 0.03333333333333333
1 0.6063492063492063 0.5817460317460318 0.015873015873015872 0.031746031746031744
1 0.6761904761904762 0.5793650793650794 0.015873015873015872 0.01904761904761905
1 0.6785714285714286 0.5793650793650794 0.014285714285714285 0.01904761904761905
1 0.6246031746031746 0.5833333333333334 0.014285714285714285 0.03333333333333333
1 0.6801587301587302 0.5857142857142857 0.020634920634920634 0.03333333333333333
1 0.6888888888888889 0.5801587301587302 0.012698412698412698 0.01904761904761905
1 0.6285714285714286 0.5777777777777777 0.012698412698412698 0.020634920634920634
1 0.6039682539682539 0.5738095238095238 0.011111111111111112 0.015873015873015872
1 0.6079365079365079 0.5738095238095238 0.009523809523809525 0.015873015873015872
1 0.6238095238095238 0.5873015873015873 0.020634920634920634 0.04285714285714286
1 0.6412698412698413 0.5761904761904761 0.015873015873015872 0.01746031746031746
1 0.8896825396825396 0.6039682539682539 0.014285714285714285 0.046031746031746035
1 0.8095238095238095 0.6007936507936508 0.01904761904761905 0.047619047619047616
1 0.834920634920635 0.5936507936507937 0.01746031746031746 0.031746031746031744