1 0.21774193548387097 0.26129032258064516 0.43548387096774194 0.5161290322580645
1 0.42983870967741933 0.09516129032258064 0.04032258064516129 0.18548387096774194
1 0.617741935483871 0.021774193548387097 0.06451612903225806 0.043548387096774194
1 0.507258064516129 0.01935483870967742 0.04032258064516129 0.03870967741935484
1 0.42338709677419356 0.07983870967741935 0.024193548387096774 0.1064516129032258
1 0.42258064516129035 0.036290322580645164 0.025806451612903226 0.06774193548387097
1 0.5508064516129032 0.02258064516129032 0.04032258064516129 0.04516129032258064
1 0.45483870967741935 0.03064516129032258 0.04032258064516129 0.05967741935483871
1 0.4282258064516129 0.11612903225806452 0.03387096774193549 0.1596774193548387
1 0.42338709677419356 0.06532258064516129 0.027419354838709678 0.12580645161290321
1 0.9459677419354838 0.018548387096774192 0.05967741935483871 0.037096774193548385
1 0.6088709677419355 0.2620967741935484 0.11451612903225807 0.25161290322580643
1 0.41693548387096774 0.01532258064516129 0.016129032258064516 0.02258064516129032
1 0.6693548387096774 0.008870967741935484 0.03870967741935484 0.017741935483870968
1 0.6790322580645162 0.05 0.08709677419354839 0.1
1 0.5266129032258065 0.08709677419354839 0.08225806451612903 0.17419354838709677
1 0.41854838709677417 0.012096774193548387 0.01935483870967742 0.01935483870967742
1 0.8411290322580646 0.08225806451612903 0.08225806451612903 0.16451612903225807
1 0.760483870967742 0.0532258064516129 0.07580645161290323 0.1064516129032258
1 0.4290322580645161 0.06612903225806452 0.03870967741935484 0.12741935483870967
1 0.967741935483871 0.05967741935483871 0.025806451612903226 0.11935483870967742
1 0.9395161290322581 0.17661290322580644 0.0935483870967742 0.17096774193548386
1 0.9435483870967742 0.03951612903225806 0.054838709677419356 0.07903225806451612
1 0.4217741935483871 0.021774193548387097 0.024193548387096774 0.03870967741935484
1 0.46774193548387094 0.36129032258064514 0.0935483870967742 0.2709677419354839
1 0.7709677419354839 0.2661290322580645 0.07580645161290323 0.2064516129032258
1 0.6911290322580645 0.24838709677419354 0.08548387096774193 0.18870967741935485
1 0.510483870967742 0.02903225806451613 0.043548387096774194 0.05806451612903226
1 0.45564516129032256 0.029838709677419355 0.035483870967741936 0.05806451612903226
1 0.6209677419354839 0.016935483870967744 0.041935483870967745 0.03387096774193549
1 0.23306451612903226 0.8024193548387096 0.45645161290322583 0.3951612903225806
1 0.6201612903225806 0.7258064516129032 0.36935483870967745 0.4935483870967742