1 0.4392605633802817 0.1505281690140845 0.25528169014084506 0.301056338028169
1 0.37059859154929575 0.027288732394366196 0.09683098591549295 0.05457746478873239
1 0.2632042253521127 0.017605633802816902 0.125 0.035211267605633804
1 0.11003521126760564 0.14348591549295775 0.198943661971831 0.2869718309859155
1 0.7737676056338029 0.1875 0.4524647887323944 0.36795774647887325
1 0.08362676056338028 0.5616197183098591 0.16725352112676056 0.13380281690140844
1 0.04401408450704225 0.5616197183098591 0.0880281690140845 0.13380281690140844
1 0.03609154929577465 0.8433098591549296 0.0721830985915493 0.2676056338028169
1 0.22975352112676056 0.6100352112676056 0.14788732394366197 0.2130281690140845
1 0.39524647887323944 0.6267605633802817 0.16725352112676056 0.22887323943661972
1 0.09507042253521127 0.920774647887324 0.19014084507042253 0.1267605633802817
1 0.2984154929577465 0.8441901408450704 0.3732394366197183 0.30985915492957744
1 0.4595070422535211 0.5774647887323944 0.1443661971830986 0.12323943661971831
1 0.24735915492957747 0.579225352112676 0.16549295774647887 0.15140845070422534
1 0.37764084507042256 0.5686619718309859 0.13028169014084506 0.11443661971830986
1 0.4894366197183099 0.5730633802816901 0.10035211267605634 0.11091549295774648
1 0.018485915492957746 0.6610915492957746 0.03697183098591549 0.198943661971831
1 0.10475352112676056 0.6786971830985915 0.20950704225352113 0.2482394366197183
1 0.6047535211267606 0.6470070422535211 0.15669014084507044 0.2482394366197183