1 0.40924092409240925 0.1707920792079208 0.22442244224422442 0.3415841584158416
1 0.33910891089108913 0.05858085808580858 0.08745874587458746 0.11716171617161716
1 0.2376237623762376 0.05198019801980198 0.11551155115511551 0.10396039603960396
1 0.09570957095709572 0.17326732673267325 0.18151815181518152 0.3465346534653465
1 0.009900990099009901 0.2037953795379538 0.019801980198019802 0.4075907590759076
1 0.7607260726072608 0.19224422442244224 0.47854785478547857 0.3844884488448845
1 0.09405940594059406 0.608085808580858 0.1551155115511551 0.11716171617161716
1 0.04867986798679868 0.6097359735973598 0.09735973597359736 0.12046204620462046
1 0.04702970297029703 0.8754125412541254 0.09405940594059406 0.24917491749174916
1 0.23597359735973597 0.6460396039603961 0.12871287128712872 0.19306930693069307
1 0.3919141914191419 0.6534653465346535 0.14686468646864687 0.2079207920792079
1 0.11716171617161716 0.9447194719471947 0.19141914191419143 0.11056105610561057
1 0.3118811881188119 0.8622112211221122 0.33663366336633666 0.2755775577557756
1 0.44966996699669964 0.6039603960396039 0.13036303630363036 0.10891089108910891
1 0.2508250825082508 0.6163366336633663 0.1485148514851485 0.13366336633663367
1 0.3721122112211221 0.5998349834983498 0.11716171617161716 0.10066006600660066
1 0.4768976897689769 0.599009900990099 0.0891089108910891 0.09900990099009901
1 0.026402640264026403 0.7046204620462047 0.052805280528052806 0.1848184818481848
1 0.11221122112211221 0.716996699669967 0.20627062706270627 0.22277227722772278
1 0.5891089108910891 0.6625412541254125 0.1353135313531353 0.22607260726072606