1 0.589344262295082 0.05 0.10491803278688525 0.09836065573770492
1 0.3040983606557377 0.19508196721311474 0.15901639344262294 0.3901639344262295
1 0.10081967213114754 0.23278688524590163 0.14918032786885246 0.46557377049180326
1 0.031967213114754096 0.19836065573770492 0.060655737704918035 0.39672131147540984
1 0.05245901639344262 0.24180327868852458 0.10491803278688525 0.48360655737704916
1 0.95 0.46557377049180326 0.09016393442622951 0.07049180327868852
1 0.9098360655737705 0.42213114754098363 0.04590163934426229 0.06393442622950819
1 0.014754098360655738 0.8713114754098361 0.029508196721311476 0.24098360655737705
1 0.38114754098360654 0.8901639344262295 0.09016393442622951 0.2180327868852459
1 0.12377049180327869 0.7950819672131147 0.17540983606557378 0.4
1 0.23114754098360657 0.8672131147540983 0.04918032786885246 0.18360655737704917
1 0.4557377049180328 0.860655737704918 0.047540983606557376 0.17540983606557378
1 0.5016393442622951 0.8327868852459016 0.036065573770491806 0.12459016393442623
1 0.32295081967213113 0.8868852459016393 0.04590163934426229 0.2081967213114754
1 0.006557377049180328 0.8770491803278688 0.013114754098360656 0.21311475409836064
1 0.6770491803278689 0.7467213114754099 0.10491803278688525 0.5065573770491804
1 0.7204918032786886 0.7467213114754099 0.1918032786885246 0.5065573770491804
1 0.9336065573770492 0.7926229508196722 0.12950819672131147 0.41475409836065574
1 0.8868852459016393 0.940983606557377 0.1540983606557377 0.1180327868852459
1 0.6877049180327869 0.8172131147540984 0.12950819672131147 0.3655737704918033
1 0.7909836065573771 0.9262295081967213 0.11311475409836065 0.14754098360655737