1 0.33303571428571427 0.24642857142857144 0.38392857142857145 0.4928571428571429
1 0.31607142857142856 0.054464285714285715 0.33214285714285713 0.10892857142857143
1 0.5973214285714286 0.15446428571428572 0.24821428571428572 0.30892857142857144
1 0.6285714285714286 0.075 0.21607142857142858 0.14821428571428572
1 0.59375 0.4857142857142857 0.18392857142857144 0.11785714285714285
1 0.9767857142857143 0.49910714285714286 0.04642857142857143 0.12321428571428572
1 0.7508928571428571 0.45535714285714285 0.08392857142857142 0.19107142857142856
1 0.8758928571428571 0.525 0.1392857142857143 0.06785714285714285
1 0.9035714285714286 0.32767857142857143 0.09464285714285714 0.07678571428571429
1 0.8383928571428572 0.3723214285714286 0.11428571428571428 0.13392857142857142
1 0.9714285714285714 0.4455357142857143 0.05714285714285714 0.12321428571428572
1 0.7392857142857143 0.475 0.060714285714285714 0.14821428571428572
1 0.7696428571428572 0.475 0.12142857142857143 0.15535714285714286
1 0.75625 0.3482142857142857 0.08035714285714286 0.1125
1 0.7464285714285714 0.32321428571428573 0.055357142857142855 0.07321428571428572
1 0.9839285714285714 0.26071428571428573 0.03214285714285714 0.075
1 0.19285714285714287 0.8857142857142857 0.38571428571428573 0.21785714285714286
1 0.6535714285714286 0.9205357142857142 0.07857142857142857 0.15892857142857142
1 0.4616071428571429 0.9241071428571429 0.08928571428571429 0.15178571428571427
1 0.5553571428571429 0.91875 0.12142857142857143 0.1625
1 0.8330357142857143 0.9160714285714285 0.2982142857142857 0.16785714285714284