1 0.8116197183098591 0.17869718309859156 0.051056338028169015 0.14788732394366197
1 0.2869718309859155 0.9392605633802817 0.04753521126760563 0.10211267605633803
1 0.727112676056338 0.48327464788732394 0.040492957746478875 0.11795774647887323
1 0.06426056338028169 0.261443661971831 0.056338028169014086 0.17253521126760563
1 0.6056338028169014 0.21390845070422534 0.040492957746478875 0.11091549295774648
1 0.16637323943661972 0.9357394366197183 0.08098591549295775 0.09859154929577464
1 0.8556338028169014 0.44630281690140844 0.045774647887323945 0.1443661971830986
1 0.9137323943661971 0.43133802816901406 0.07042253521126761 0.22007042253521128
1 0.7491197183098591 0.2746478873239437 0.051056338028169015 0.1742957746478873
1 0.41813380281690143 0.06778169014084508 0.04753521126760563 0.13204225352112675
1 0.10123239436619719 0.4454225352112676 0.0528169014084507 0.13556338028169015
1 0.6144366197183099 0.33274647887323944 0.04929577464788732 0.15845070422535212
1 0.9911971830985915 0.18397887323943662 0.017605633802816902 0.1426056338028169
1 0.11179577464788733 0.2790492957746479 0.04225352112676056 0.15316901408450703
1 0.36795774647887325 0.49471830985915494 0.03873239436619718 0.10915492957746478
1 0.4005281690140845 0.9577464788732394 0.0528169014084507 0.07746478873239436
1 0.08538732394366197 0.5950704225352113 0.06338028169014084 0.1742957746478873
1 0.04137323943661972 0.18485915492957747 0.03169014084507042 0.09683098591549295
1 0.6822183098591549 0.1892605633802817 0.035211267605633804 0.11443661971830986
1 0.0528169014084507 0.4005281690140845 0.03873239436619718 0.12852112676056338
1 0.4163732394366197 0.5 0.02640845070422535 0.06690140845070422
1 0.5290492957746479 0.06690140845070422 0.04401408450704225 0.13380281690140844
1 0.9665492957746479 0.06602112676056338 0.02640845070422535 0.07570422535211267
1 0.34066901408450706 0.06866197183098592 0.03169014084507042 0.11971830985915492
1 0.9797535211267606 0.3996478873239437 0.040492957746478875 0.176056338028169
1 0.47007042253521125 0.09507042253521127 0.05457746478873239 0.18661971830985916
1 0.5545774647887324 0.25528169014084506 0.051056338028169015 0.14788732394366197
1 0.013204225352112676 0.48151408450704225 0.02640845070422535 0.20598591549295775
1 0.17077464788732394 0.25088028169014087 0.045774647887323945 0.16901408450704225
1 0.7007042253521126 0.3160211267605634 0.058098591549295774 0.1637323943661972
1 0.37411971830985913 0.4014084507042254 0.04753521126760563 0.1637323943661972
1 0.013204225352112676 0.3248239436619718 0.01584507042253521 0.12323943661971831
1 0.3714788732394366 0.23943661971830985 0.04225352112676056 0.13556338028169015
1 0.9850352112676056 0.5484154929577465 0.02992957746478873 0.1426056338028169
1 0.29313380281690143 0.02992957746478873 0.061619718309859156 0.05985915492957746
1 0.5669014084507042 0.07570422535211267 0.04753521126760563 0.14788732394366197
1 0.198943661971831 0.002640845070422535 0.035211267605633804 0.00528169014084507
1 0.9524647887323944 0.6786971830985915 0.04929577464788732 0.1602112676056338
1 0.40580985915492956 0.20862676056338028 0.04753521126760563 0.14964788732394366
1 0.19806338028169015 0.07834507042253522 0.04753521126760563 0.15669014084507044
1 0.38028169014084506 0.08274647887323944 0.035211267605633804 0.11971830985915492
1 0.6205985915492958 0.03609154929577465 0.051056338028169015 0.06338028169014084
1 0.6566901408450704 0.26672535211267606 0.045774647887323945 0.17781690140845072
1 0.9128521126760564 0.2130281690140845 0.035211267605633804 0.13380281690140844
1 0.761443661971831 0.7552816901408451 0.26936619718309857 0.4894366197183099
1 0.5633802816901409 0.852112676056338 0.08098591549295775 0.29577464788732394
1 0.33098591549295775 0.8767605633802817 0.07042253521126761 0.23415492957746478
1 0.261443661971831 0.4410211267605634 0.04753521126760563 0.13204225352112675
1 0.18045774647887325 0.6161971830985915 0.08098591549295775 0.22535211267605634
1 0.2482394366197183 0.891725352112676 0.045774647887323945 0.1936619718309859
1 0.17077464788732394 0.801056338028169 0.056338028169014086 0.18838028169014084
1 0.43309859154929575 0.6452464788732394 0.09154929577464789 0.30633802816901406
1 0.4867957746478873 0.6672535211267606 0.08098591549295775 0.40669014084507044
1 0.534330985915493 0.7165492957746479 0.0528169014084507 0.21654929577464788
1 0.6179577464788732 0.5404929577464789 0.07394366197183098 0.2676056338028169
1 0.5563380281690141 0.4630281690140845 0.07746478873239436 0.2834507042253521
1 0.4612676056338028 0.4128521126760563 0.045774647887323945 0.15669014084507044
1 0.5035211267605634 0.3529929577464789 0.06514084507042253 0.23591549295774647
1 0.42869718309859156 0.3626760563380282 0.0528169014084507 0.24119718309859156
1 0.49911971830985913 0.17781690140845072 0.03345070422535211 0.10387323943661972
1 0.528169014084507 0.1505281690140845 0.03873239436619718 0.15140845070422534
1 0.9568661971830986 0.17165492957746478 0.061619718309859156 0.15140845070422534
1 0.20158450704225353 0.31778169014084506 0.05985915492957746 0.2130281690140845
1 0.24911971830985916 0.30985915492957744 0.04929577464788732 0.2147887323943662
1 0.28169014084507044 0.3221830985915493 0.040492957746478875 0.1602112676056338
1 0.15140845070422534 0.14524647887323944 0.04929577464788732 0.15492957746478872
1 0.11179577464788733 0.11795774647887323 0.03873239436619718 0.1742957746478873
1 0.12411971830985916 0.03609154929577465 0.02992957746478873 0.0721830985915493
1 0.07746478873239436 0.08450704225352113 0.03345070422535211 0.1267605633802817