1 0.7712765957446809 0.22429078014184398 0.051418439716312055 0.14893617021276595
1 0.7198581560283688 0.5381205673758865 0.040780141843971635 0.11879432624113476
1 0.03102836879432624 0.38475177304964536 0.05673758865248227 0.17375886524822695
1 0.5691489361702128 0.28102836879432624 0.040780141843971635 0.11170212765957446
1 0.8439716312056738 0.4875886524822695 0.04609929078014184 0.1453900709219858
1 0.900709219858156 0.46631205673758863 0.07092198581560284 0.22163120567375885
1 0.7189716312056738 0.3271276595744681 0.051418439716312055 0.17553191489361702
1 0.36524822695035464 0.15425531914893617 0.047872340425531915 0.13297872340425532
1 0.08776595744680851 0.5656028368794326 0.05319148936170213 0.13652482269503546
1 0.5904255319148937 0.3980496453900709 0.04964539007092199 0.1595744680851064
1 0.9654255319148937 0.20921985815602837 0.0425531914893617 0.14361702127659576
1 0.08067375886524823 0.3980496453900709 0.0425531914893617 0.15425531914893617
1 0.3608156028368794 0.5868794326241135 0.03900709219858156 0.1099290780141844
1 0.36524822695035464 0.04964539007092199 0.03546099290780142 0.08865248226950355
1 0.08776595744680851 0.7180851063829787 0.06382978723404255 0.17553191489361702
1 0.007978723404255319 0.31117021276595747 0.015957446808510637 0.0975177304964539
1 0.6427304964539007 0.24822695035460993 0.03546099290780142 0.11524822695035461
1 0.03546099290780142 0.525709219858156 0.03900709219858156 0.12943262411347517
1 0.4095744680851064 0.5868794326241135 0.026595744680851064 0.0673758865248227
1 0.47606382978723405 0.1276595744680851 0.04609929078014184 0.16489361702127658
1 0.9148936170212766 0.09485815602836879 0.026595744680851064 0.07624113475177305
1 0.9858156028368794 0.3147163120567376 0.012411347517730497 0.04964539007092199
1 0.3191489361702128 0.03634751773049645 0.03900709219858156 0.05673758865248227
1 0.28900709219858156 0.16312056737588654 0.031914893617021274 0.12056737588652482
1 0.9689716312056738 0.015957446808510637 0.012411347517730497 0.031914893617021274
1 0.9654255319148937 0.0425531914893617 0.026595744680851064 0.0726950354609929
1 0.9707446808510638 0.425531914893617 0.05851063829787234 0.1773049645390071
1 0.42109929078014185 0.17553191489361702 0.0549645390070922 0.1879432624113475
1 0.5221631205673759 0.3271276595744681 0.051418439716312055 0.14893617021276595
1 0.1374113475177305 0.36347517730496454 0.04609929078014184 0.1702127659574468
1 0.675531914893617 0.3723404255319149 0.05851063829787234 0.16489361702127658
1 0.35638297872340424 0.4929078014184397 0.047872340425531915 0.16489361702127658
1 0.3377659574468085 0.33067375886524825 0.0425531914893617 0.13652482269503546
1 0.9840425531914894 0.575354609929078 0.031914893617021274 0.14361702127659576
1 0.23404255319148937 0.08599290780141844 0.06560283687943262 0.14893617021276595
1 0.5159574468085106 0.13829787234042554 0.04964539007092199 0.16843971631205673
1 0.1374113475177305 0.06648936170212766 0.03900709219858156 0.0975177304964539
1 0.9654255319148937 0.7101063829787234 0.04964539007092199 0.16134751773049646
1 0.36879432624113473 0.29609929078014185 0.047872340425531915 0.15070921985815602
1 0.14716312056737588 0.18528368794326242 0.047872340425531915 0.16489361702127658
1 0.32890070921985815 0.17375886524822695 0.03546099290780142 0.12056737588652482
1 0.5629432624113475 0.06648936170212766 0.0549645390070922 0.13297872340425532
1 0.625886524822695 0.3280141843971631 0.04609929078014184 0.17907801418439717
1 0.87677304964539 0.2473404255319149 0.03546099290780142 0.1347517730496454
1 0.7810283687943262 0.776595744680851 0.26595744680851063 0.4308510638297872
1 0.5921985815602837 0.8865248226950354 0.07624113475177305 0.22163120567375885
1 0.3608156028368794 0.9273049645390071 0.06560283687943262 0.1453900709219858
1 0.24822695035460993 0.5443262411347518 0.047872340425531915 0.13297872340425532
1 0.18528368794326242 0.7287234042553191 0.08156028368794327 0.22695035460992907
1 0.28102836879432624 0.949468085106383 0.040780141843971635 0.10106382978723404
1 0.1950354609929078 0.9095744680851063 0.05673758865248227 0.18085106382978725
1 0.4423758865248227 0.7313829787234043 0.09219858156028368 0.30851063829787234
1 0.49822695035460995 0.74822695035461 0.08156028368794327 0.4095744680851064
1 0.550531914893617 0.7916666666666666 0.05319148936170213 0.21808510638297873
1 0.6152482269503546 0.6063829787234043 0.07446808510638298 0.2695035460992908
1 0.5460992907801419 0.5354609929078015 0.07801418439716312 0.2854609929078014
1 0.44592198581560283 0.4946808510638298 0.04609929078014184 0.15780141843971632
1 0.48138297872340424 0.4308510638297872 0.06560283687943262 0.2375886524822695
1 0.4078014184397163 0.44769503546099293 0.05319148936170213 0.2429078014184397
1 0.4592198581560284 0.25620567375886527 0.03368794326241135 0.10460992907801418
1 0.4849290780141844 0.225177304964539 0.03900709219858156 0.1524822695035461
1 0.9166666666666666 0.20124113475177305 0.06205673758865248 0.1524822695035461
1 0.17553191489361702 0.42730496453900707 0.06028368794326241 0.21453900709219859
1 0.2225177304964539 0.41400709219858156 0.04964539007092199 0.21631205673758866
1 0.25620567375886527 0.4228723404255319 0.040780141843971635 0.16134751773049646
1 0.10638297872340426 0.25975177304964536 0.04964539007092199 0.15602836879432624
1 0.06471631205673758 0.23670212765957446 0.03900709219858156 0.17553191489361702
1 0.0673758865248227 0.1356382978723404 0.030141843971631204 0.10815602836879433
1 0.026595744680851064 0.20656028368794327 0.03368794326241135 0.1276595744680851