1 0.2135593220338983 0.8211864406779661 0.0423728813559322 0.14067796610169492
1 0.6796610169491526 0.05593220338983051 0.04067796610169491 0.11186440677966102
1 0.2788135593220339 0.523728813559322 0.03389830508474576 0.11186440677966102
1 0.9279661016949152 0.7042372881355933 0.04576271186440678 0.16440677966101694
1 0.40932203389830507 0.7771186440677966 0.03389830508474576 0.10508474576271186
1 0.7957627118644067 0.053389830508474574 0.07288135593220339 0.10677966101694915
1 0.1576271186440678 0.5661016949152542 0.03728813559322034 0.13728813559322034
1 0.10254237288135593 0.5830508474576271 0.0576271186440678 0.20847457627118643
1 0.26864406779661015 0.7254237288135593 0.04067796610169491 0.16610169491525423
1 0.597457627118644 0.9076271186440678 0.03898305084745763 0.1271186440677966
1 0.8830508474576271 0.5288135593220339 0.04406779661016949 0.1288135593220339
1 0.3949152542372881 0.6635593220338983 0.03898305084745763 0.14915254237288136
1 0.027966101694915254 0.8254237288135593 0.03389830508474576 0.13559322033898305
1 0.8813559322033898 0.6898305084745763 0.03389830508474576 0.14576271186440679
1 0.6237288135593221 0.49491525423728816 0.030508474576271188 0.10338983050847457
1 0.5923728813559322 0.9830508474576272 0.0288135593220339 0.03389830508474576
1 0.5677966101694916 0.04406779661016949 0.04745762711864407 0.08813559322033898
1 0.8906779661016949 0.38389830508474576 0.05254237288135593 0.16610169491525423
1 0.9533898305084746 0.7762711864406779 0.025423728813559324 0.08983050847457627
1 0.33728813559322035 0.8042372881355933 0.0288135593220339 0.10847457627118644
1 0.9313559322033899 0.5694915254237288 0.030508474576271188 0.12203389830508475
1 0.5771186440677966 0.4923728813559322 0.022033898305084745 0.06271186440677966
1 0.4906779661016949 0.9245762711864407 0.03559322033898305 0.15084745762711865
1 0.07033898305084746 0.9372881355932203 0.022033898305084745 0.0711864406779661
1 0.00847457627118644 0.7220338983050848 0.01694915254237288 0.04745762711864407
1 0.6711864406779661 0.9033898305084745 0.025423728813559324 0.1135593220338983
1 0.01694915254237288 0.9745762711864406 0.023728813559322035 0.05084745762711865
1 0.02711864406779661 0.6161016949152542 0.05423728813559322 0.16779661016949152
1 0.5457627118644067 0.8847457627118644 0.04406779661016949 0.17796610169491525
1 0.45677966101694917 0.7347457627118644 0.0423728813559322 0.14067796610169492
1 0.9788135593220338 0.4872881355932203 0.0423728813559322 0.19830508474576272
1 0.8254237288135593 0.7194915254237289 0.03728813559322034 0.16101694915254236
1 0.31271186440677967 0.6838983050847458 0.04745762711864407 0.15593220338983052
1 0.6228813559322034 0.5847457627118644 0.03728813559322034 0.15593220338983052
1 0.9822033898305085 0.6406779661016949 0.025423728813559324 0.11864406779661017
1 0.6330508474576271 0.7406779661016949 0.03389830508474576 0.1288135593220339
1 0.019491525423728815 0.4745762711864407 0.03898305084745763 0.13559322033898305
1 0.7177966101694915 0.9550847457627119 0.05593220338983051 0.08983050847457627
1 0.4533898305084746 0.9161016949152543 0.03898305084745763 0.1576271186440678
1 0.8110169491525424 0.9779661016949153 0.03220338983050847 0.04406779661016949
1 0.05254237288135593 0.3474576271186441 0.03898305084745763 0.15254237288135594
1 0.6016949152542372 0.7720338983050847 0.03898305084745763 0.1423728813559322
1 0.8076271186440678 0.8889830508474577 0.03728813559322034 0.15593220338983052
1 0.6330508474576271 0.8915254237288136 0.0288135593220339 0.1135593220338983
1 0.40423728813559323 0.9584745762711865 0.04576271186440678 0.08305084745762711
1 0.08644067796610169 0.019491525423728815 0.061016949152542375 0.03898305084745763
1 0.3576271186440678 0.7288135593220338 0.03559322033898305 0.1694915254237288
1 0.11440677966101695 0.7932203389830509 0.02711864406779661 0.1271186440677966
1 0.23220338983050848 0.24661016949152542 0.23389830508474577 0.49322033898305084
1 0.41779661016949154 0.15084745762711865 0.06271186440677966 0.3016949152542373
1 0.6398305084745762 0.11864406779661017 0.05593220338983051 0.23728813559322035
1 0.7288135593220338 0.5415254237288135 0.03898305084745763 0.12542372881355932
1 0.7983050847457627 0.3686440677966102 0.06610169491525424 0.2135593220338983
1 0.7186440677966102 0.1 0.03389830508474576 0.2
1 0.7983050847457627 0.1906779661016949 0.04406779661016949 0.17966101694915254
1 0.5533898305084746 0.35338983050847456 0.07288135593220339 0.29152542372881357
1 0.5008474576271187 0.3347457627118644 0.0576271186440678 0.3898305084745763
1 0.45254237288135596 0.28983050847457625 0.04067796610169491 0.20677966101694914
1 0.3813559322033898 0.4635593220338983 0.0576271186440678 0.2542372881355932
1 0.4440677966101695 0.5347457627118644 0.061016949152542375 0.26949152542372884
1 0.538135593220339 0.5788135593220339 0.03559322033898305 0.14915254237288136
1 0.5008474576271187 0.638135593220339 0.05084745762711865 0.22542372881355932
1 0.5720338983050848 0.6254237288135593 0.03898305084745763 0.2288135593220339
1 0.5135593220338983 0.8059322033898305 0.025423728813559324 0.09830508474576272
1 0.4872881355932203 0.8338983050847457 0.030508474576271188 0.1440677966101695
1 0.07372881355932204 0.8355932203389831 0.05254237288135593 0.1423728813559322
1 0.7923728813559322 0.6567796610169492 0.04745762711864407 0.2033898305084746
1 0.747457627118644 0.6669491525423729 0.03728813559322034 0.20508474576271185
1 0.7152542372881356 0.6567796610169492 0.030508474576271188 0.15254237288135594
1 0.85 0.8203389830508474 0.03898305084745763 0.14745762711864407
1 0.8889830508474577 0.8440677966101695 0.0288135593220339 0.16610169491525423
1 0.8813559322033898 0.940677966101695 0.023728813559322035 0.1016949152542373
1 0.923728813559322 0.8745762711864407 0.025423728813559324 0.12033898305084746