1 0.16877256317689532 0.44855595667870035 0.04693140794223827 0.03790613718411552
1 0.23014440433212996 0.18592057761732853 0.039711191335740074 0.12093862815884476
1 0.10288808664259928 0.2355595667870036 0.04512635379061372 0.148014440433213
1 0.04422382671480144 0.25541516245487367 0.06859205776173286 0.22382671480144403
1 0.22563176895306858 0.38898916967509023 0.048736462093862815 0.15342960288808663
1 0.34657039711191334 0.3303249097472924 0.02527075812274368 0.1588447653429603
1 0.30054151624548736 0.44314079422382674 0.032490974729241874 0.039711191335740074
1 0.27166064981949456 0.3555956678700361 0.05595667870036101 0.16787003610108303
1 0.3194945848375451 0.3862815884476534 0.04332129963898917 0.15162454873646208
1 0.06227436823104693 0.4404332129963899 0.030685920577617327 0.061371841155234655
1 0.17689530685920576 0.09296028880866426 0.2545126353790614 0.17328519855595667
1 0.3285198555956679 0.12906137184115524 0.052346570397111915 0.2490974729241877
1 0.8907942238267148 0.26624548736462095 0.2148014440433213 0.3574007220216607
1 0.34115523465703973 0.944043321299639 0.07581227436823104 0.11191335740072202
1 0.6137184115523465 0.48375451263537905 0.08303249097472924 0.06859205776173286
1 0.5649819494584838 0.5424187725631769 0.0703971119133574 0.18050541516245489
1 0.6299638989169675 0.7851985559566786 0.11010830324909747 0.4043321299638989
1 0.7842960288808665 0.76985559566787 0.2996389891696751 0.44945848375451264
1 0.38267148014440433 0.7148014440433214 0.02888086642599278 0.12815884476534295
1 0.44675090252707583 0.6868231046931408 0.03429602888086643 0.16606498194945848
1 0.47743682310469315 0.7346570397111913 0.05956678700361011 0.20577617328519857
1 0.9891696750902527 0.5622743682310469 0.021660649819494584 0.2509025270758123