1 0.152014652014652 0.5741758241758241 0.05128205128205128 0.07692307692307693
1 0.2032967032967033 0.2875457875457875 0.045787545787545784 0.1227106227106227
1 0.3617216117216117 0.5448717948717948 0.04395604395604396 0.1043956043956044
1 0.076007326007326 0.3424908424908425 0.05128205128205128 0.15018315018315018
1 0.027472527472527472 0.36355311355311354 0.054945054945054944 0.22893772893772893
1 0.2078754578754579 0.5054945054945055 0.056776556776556776 0.1813186813186813
1 0.33882783882783885 0.42948717948717946 0.05311355311355311 0.163003663003663
1 0.2847985347985348 0.5641025641025641 0.03663003663003663 0.07692307692307693
1 0.41117216117216115 0.5018315018315018 0.056776556776556776 0.15567765567765568
1 0.2518315018315018 0.45787545787545786 0.06227106227106227 0.17216117216117216
1 0.304029304029304 0.5027472527472527 0.05128205128205128 0.184981684981685
1 0.04395604395604396 0.5695970695970696 0.03663003663003663 0.0989010989010989
1 0.14285714285714285 0.14102564102564102 0.2692307692307692 0.2509157509157509
1 0.46794871794871795 0.12087912087912088 0.05311355311355311 0.24175824175824176
1 0.43223443223443225 0.1401098901098901 0.08058608058608059 0.2765567765567766
1 0.37637362637362637 0.07051282051282051 0.05311355311355311 0.13003663003663005
1 0.30952380952380953 0.21520146520146521 0.08058608058608059 0.2783882783882784
1 0.38186813186813184 0.2866300366300366 0.08608058608058608 0.2948717948717949
1 0.48443223443223443 0.3269230769230769 0.04395604395604396 0.163003663003663
1 0.45146520146520147 0.39377289377289376 0.07142857142857142 0.24725274725274726
1 0.47527472527472525 0.5540293040293041 0.03296703296703297 0.0695970695970696
1 0.4468864468864469 0.5586080586080586 0.03663003663003663 0.0641025641025641
1 0.018315018315018316 0.5906593406593407 0.029304029304029304 0.06043956043956044
1 0.2774725274725275 0.7921245421245421 0.5402930402930403 0.4157509157509158
1 0.7335164835164835 0.7939560439560439 0.2454212454212454 0.2509157509157509