1 0.33754512635379064 0.12003610108303249 0.039711191335740074 0.12093862815884476
1 0.4675090252707581 0.07942238267148015 0.04512635379061372 0.148014440433213
1 0.5252707581227437 0.08754512635379061 0.06678700361010831 0.17509025270758122
1 0.2148014440433213 0.024368231046931407 0.04332129963898917 0.048736462093862815
1 0.6633574007220217 0.24819494584837545 0.016245487364620937 0.2075812274368231
1 0.02075812274368231 0.14259927797833935 0.019855595667870037 0.06678700361010831
1 0.6110108303249098 0.061371841155234655 0.07220216606498195 0.11732851985559567
1 0.30415162454873645 0.015342960288808664 0.052346570397111915 0.030685920577617327
1 0.6110108303249098 0.18231046931407943 0.04693140794223827 0.14620938628158844
1 0.5712996389891697 0.3167870036101083 0.04693140794223827 0.16425992779783394
1 0.38086642599277976 0.2879061371841155 0.2581227436823105 0.27617328519855594
1 0.042418772563176894 0.27256317689530685 0.07942238267148015 0.27617328519855594
1 0.09476534296028881 0.2581227436823105 0.07220216606498195 0.30866425992779783
1 0.1444043321299639 0.33303249097472926 0.048736462093862815 0.1624548736462094
1 0.22563176895306858 0.18050541516245489 0.0703971119133574 0.27256317689530685
1 0.1615523465703971 0.12364620938628158 0.0740072202166065 0.24729241877256317
1 0.0631768953068592 0.06588447653429604 0.04332129963898917 0.13176895306859207
1 0.10108303249097472 0.055054151624548735 0.05776173285198556 0.11010830324909747
1 0.0315884476534296 0.06227436823104693 0.03790613718411552 0.12454873646209386
1 0.6651624548736462 0.0388086642599278 0.021660649819494584 0.06678700361010831
1 0.75 0.17328519855595667 0.16967509025270758 0.33574007220216606
1 0.6272563176895307 0.9720216606498195 0.030685920577617327 0.05595667870036101
1 0.9350180505415162 0.9359205776173285 0.10469314079422383 0.12815884476534295