1 0.755 0.1625 0.051666666666666666 0.14166666666666666
1 0.35083333333333333 0.9441666666666667 0.04833333333333333 0.11166666666666666
1 0.7116666666666667 0.4583333333333333 0.041666666666666664 0.11166666666666666
1 0.0625 0.3258333333333333 0.056666666666666664 0.165
1 0.5666666666666667 0.21916666666666668 0.04 0.105
1 0.23666666666666666 0.95 0.08 0.1
1 0.8275 0.4083333333333333 0.04666666666666667 0.13666666666666666
1 0.8808333333333334 0.3883333333333333 0.07 0.20833333333333334
1 0.7083333333333334 0.26 0.051666666666666666 0.165
1 0.3725 0.10333333333333333 0.04666666666666667 0.125
1 0.11833333333333333 0.495 0.051666666666666666 0.13
1 0.5883333333333334 0.32916666666666666 0.04833333333333333 0.15
1 0.9375 0.145 0.043333333333333335 0.135
1 0.10916666666666666 0.33666666666666667 0.043333333333333335 0.145
1 0.37583333333333335 0.51 0.03833333333333333 0.10333333333333333
1 0.3725 0.02666666666666667 0.03166666666666667 0.04
1 0.46 0.9516666666666667 0.05333333333333334 0.09666666666666666
1 0.12083333333333333 0.6375 0.06333333333333334 0.16666666666666666
1 0.0325 0.25666666666666665 0.03166666666666667 0.09166666666666666
1 0.635 0.1875 0.035 0.10833333333333334
1 0.06833333333333333 0.4583333333333333 0.03833333333333333 0.12166666666666667
1 0.4216666666666667 0.51 0.02666666666666667 0.06333333333333334
1 0.47583333333333333 0.07666666666666666 0.045 0.15333333333333332
1 0.8883333333333333 0.03833333333333333 0.02666666666666667 0.07166666666666667
1 0.9641666666666666 0.24416666666666667 0.023333333333333334 0.04833333333333333
1 0.30083333333333334 0.11333333333333333 0.03333333333333333 0.11333333333333333
1 0.935 0.010833333333333334 0.02666666666666667 0.021666666666666667
1 0.9566666666666667 0.3491666666666667 0.075 0.16833333333333333
1 0.425 0.1225 0.055 0.17833333333333334
1 0.5225 0.2633333333333333 0.051666666666666666 0.14166666666666666
1 0.0275 0.5408333333333334 0.055 0.19833333333333333
1 0.1625 0.30416666666666664 0.04666666666666667 0.16
1 0.6675 0.30333333333333334 0.056666666666666664 0.15666666666666668
1 0.37 0.4225 0.04666666666666667 0.155
1 0.015 0.3908333333333333 0.03 0.11833333333333333
1 0.3491666666666667 0.27 0.041666666666666664 0.12833333333333333
1 0.9691666666666666 0.4891666666666667 0.04833333333333333 0.135
1 0.25 0.06333333333333334 0.06166666666666667 0.09666666666666666
1 0.5133333333333333 0.08583333333333333 0.05 0.15833333333333333
1 0.15833333333333333 0.04583333333333333 0.035 0.04833333333333333
1 0.9458333333333333 0.6158333333333333 0.04833333333333333 0.15166666666666667
1 0.37833333333333335 0.23666666666666666 0.04833333333333333 0.14166666666666666
1 0.16833333333333333 0.13666666666666666 0.04666666666666667 0.155
1 0.33916666666666667 0.12166666666666667 0.03666666666666667 0.11333333333333333
1 0.5583333333333333 0.04083333333333333 0.05 0.08166666666666667
1 0.9341666666666667 0.9458333333333333 0.06333333333333334 0.05333333333333334
1 0.62 0.2625 0.04666666666666667 0.16833333333333333
1 0.8541666666666666 0.1825 0.035 0.12666666666666668
1 0.7766666666666666 0.7333333333333333 0.2633333333333333 0.5116666666666667
1 0.6016666666666667 0.84 0.08333333333333333 0.31166666666666665
1 0.3858333333333333 0.8808333333333334 0.07166666666666667 0.23833333333333334
1 0.26916666666666667 0.4716666666666667 0.04666666666666667 0.125
1 0.2125 0.6458333333333334 0.08 0.21333333333333335
1 0.30916666666666665 0.9025 0.04833333333333333 0.195
1 0.225 0.8208333333333333 0.055 0.18
1 0.45416666666666666 0.6441666666666667 0.09166666666666666 0.2916666666666667
1 0.5066666666666667 0.6591666666666667 0.08333333333333333 0.38666666666666666
1 0.5575 0.7 0.05333333333333334 0.205
1 0.615 0.5241666666666667 0.07333333333333333 0.25333333333333335
1 0.5491666666666667 0.45916666666666667 0.07833333333333334 0.2683333333333333
1 0.4533333333333333 0.4225 0.045 0.14833333333333334
1 0.48583333333333334 0.3616666666666667 0.065 0.225
1 0.4175 0.37916666666666665 0.05333333333333334 0.22833333333333333
1 0.4625 0.1975 0.03333333333333333 0.09833333333333333
1 0.48583333333333334 0.16833333333333333 0.04 0.14333333333333334
1 0.8916666666666667 0.13833333333333334 0.06166666666666667 0.14333333333333334
1 0.19916666666666666 0.36333333333333334 0.06 0.20333333333333334
1 0.2425 0.35 0.05 0.20333333333333334
1 0.27416666666666667 0.3575 0.04 0.15166666666666667
1 0.13083333333333333 0.20666666666666667 0.04833333333333333 0.14666666666666667
1 0.09166666666666666 0.18583333333333332 0.04 0.165
1 0.0925 0.09083333333333334 0.03 0.10166666666666667
1 0.055 0.15833333333333333 0.03333333333333333 0.12