1 0.25666666666666665 0.7675 0.041666666666666664 0.13833333333333334
1 0.715 0.035 0.04 0.07
1 0.32083333333333336 0.475 0.03333333333333333 0.11
1 0.9591666666666666 0.6525 0.045 0.16166666666666665
1 0.44916666666666666 0.7241666666666666 0.03333333333333333 0.10333333333333333
1 0.8291666666666667 0.0325 0.07166666666666667 0.065
1 0.20166666666666666 0.5166666666666667 0.03666666666666667 0.135
1 0.1475 0.5333333333333333 0.056666666666666664 0.205
1 0.31083333333333335 0.6733333333333333 0.04 0.16333333333333333
1 0.6341666666666667 0.8525 0.03833333333333333 0.125
1 0.915 0.48 0.043333333333333335 0.12666666666666668
1 0.435 0.6125 0.03833333333333333 0.14666666666666667
1 0.07416666666666667 0.7716666666666666 0.03333333333333333 0.13333333333333333
1 0.9133333333333333 0.6383333333333333 0.03333333333333333 0.14333333333333334
1 0.66 0.44666666666666666 0.03 0.10166666666666667
1 0.6291666666666667 0.955 0.028333333333333332 0.09
1 0.605 0.023333333333333334 0.04666666666666667 0.04666666666666667
1 0.9225 0.3375 0.051666666666666666 0.16333333333333333
1 0.01 0.3675 0.02 0.19166666666666668
1 0.9841666666666666 0.7233333333333334 0.025 0.08833333333333333
1 0.37833333333333335 0.7508333333333334 0.028333333333333332 0.10666666666666667
1 0.9625 0.52 0.03 0.12
1 0.6141666666666666 0.44416666666666665 0.021666666666666667 0.06166666666666667
1 0.5291666666666667 0.8725 0.035 0.15333333333333332
1 0.11583333333333333 0.8816666666666667 0.021666666666666667 0.07
1 0.05416666666666667 0.6708333333333333 0.02 0.04666666666666667
1 0.67 0.97 0.03333333333333333 0.06
1 0.7066666666666667 0.8483333333333334 0.025 0.11166666666666666
1 0.0475 0.9683333333333334 0.028333333333333332 0.06333333333333334
1 0.06416666666666666 0.9275 0.023333333333333334 0.06666666666666667
1 0.06916666666666667 0.5666666666666667 0.06333333333333334 0.165
1 0.5833333333333334 0.83 0.043333333333333335 0.175
1 0.49583333333333335 0.6825 0.041666666666666664 0.13833333333333334
1 0.9941666666666666 0.43916666666666665 0.011666666666666667 0.195
1 0.8583333333333333 0.6675 0.03666666666666667 0.15833333333333333
1 0.3541666666666667 0.6325 0.04666666666666667 0.15333333333333332
1 0.6591666666666667 0.535 0.03666666666666667 0.15333333333333332
1 0.6691666666666667 0.6883333333333334 0.03333333333333333 0.12666666666666668
1 0.06583333333333333 0.4266666666666667 0.03833333333333333 0.13333333333333333
1 0.7525 0.9275 0.055 0.145
1 0.4925 0.8608333333333333 0.03833333333333333 0.155
1 0.8441666666666666 0.95 0.03166666666666667 0.09833333333333333
1 0.09833333333333333 0.3016666666666667 0.03833333333333333 0.15
1 0.6383333333333333 0.7191666666666666 0.03833333333333333 0.14
1 0.8408333333333333 0.8341666666666666 0.03666666666666667 0.15333333333333332
1 0.6691666666666667 0.8366666666666667 0.028333333333333332 0.11166666666666666
1 0.44416666666666665 0.9308333333333333 0.045 0.13833333333333334
1 0.3983333333333333 0.6766666666666666 0.035 0.16666666666666666
1 0.15916666666666668 0.74 0.02666666666666667 0.125
1 0.275 0.2225 0.23 0.445
1 0.4575 0.12833333333333333 0.06166666666666667 0.25666666666666665
1 0.6758333333333333 0.09666666666666666 0.055 0.19333333333333333
1 0.7633333333333333 0.4925 0.03833333333333333 0.12333333333333334
1 0.8316666666666667 0.3225 0.065 0.21
1 0.7533333333333333 0.07833333333333334 0.03333333333333333 0.15666666666666668
1 0.8316666666666667 0.1475 0.043333333333333335 0.17666666666666667
1 0.5908333333333333 0.3075 0.07166666666666667 0.2866666666666667
1 0.5391666666666667 0.2891666666666667 0.056666666666666664 0.38333333333333336
1 0.49166666666666664 0.245 0.04 0.20333333333333334
1 0.4216666666666667 0.41583333333333333 0.056666666666666664 0.25
1 0.48333333333333334 0.48583333333333334 0.06 0.265
1 0.5758333333333333 0.5291666666666667 0.035 0.14666666666666667
1 0.5391666666666667 0.5875 0.05 0.22166666666666668
1 0.6091666666666666 0.575 0.03833333333333333 0.225
1 0.5516666666666666 0.7525 0.025 0.09666666666666666
1 0.5258333333333334 0.78 0.03 0.14166666666666666
1 0.015 0.63 0.03 0.2
1 0.015 0.7275 0.03 0.10833333333333334
1 0.009166666666666667 0.8633333333333333 0.018333333333333333 0.11
1 0.11916666666666667 0.7816666666666666 0.051666666666666666 0.14
1 0.8258333333333333 0.6058333333333333 0.04666666666666667 0.2
1 0.7816666666666666 0.6158333333333333 0.03666666666666667 0.20166666666666666
1 0.75 0.6058333333333333 0.03 0.15
1 0.8825 0.7666666666666667 0.03833333333333333 0.145
1 0.9208333333333333 0.79 0.028333333333333332 0.16333333333333333
1 0.9133333333333333 0.885 0.023333333333333334 0.1
1 0.955 0.82 0.025 0.11833333333333333