1 0.033393501805054154 0.5821299638989169 0.048736462093862815 0.0740072202166065
1 0.08935018050541517 0.30144404332129965 0.04151624548736462 0.12093862815884476
1 0.24097472924187727 0.5568592057761733 0.04151624548736462 0.10288808664259928
1 0.08935018050541517 0.516245487364621 0.052346570397111915 0.17870036101083034
1 0.22021660649819494 0.44314079422382674 0.05054151624548736 0.16064981949458484
1 0.1651624548736462 0.5749097472924187 0.03429602888086643 0.07581227436823104
1 0.29061371841155237 0.5153429602888087 0.052346570397111915 0.15162454873646208
1 0.13447653429602888 0.4693140794223827 0.05956678700361011 0.16787003610108303
1 0.18411552346570398 0.5144404332129964 0.04693140794223827 0.18231046931407943
1 0.0812274368231047 0.1444043321299639 0.1624548736462094 0.2563176895306859
1 0.22382671480144403 0.0351985559566787 0.06859205776173286 0.04693140794223827
1 0.3528880866425993 0.13357400722021662 0.048736462093862815 0.2545126353790614
1 0.3176895306859206 0.15162454873646208 0.07581227436823104 0.2888086642599278
1 0.26263537906137185 0.08212996389891697 0.05054151624548736 0.14259927797833935
1 0.19494584837545126 0.23104693140794225 0.07581227436823104 0.2743682310469314
1 0.26534296028880866 0.30324909747292417 0.07942238267148015 0.29061371841155237
1 0.3655234657039711 0.3447653429602888 0.04151624548736462 0.16064981949458484
1 0.33212996389891697 0.41064981949458484 0.06678700361010831 0.24187725631768953
1 0.3528880866425993 0.5685920577617328 0.030685920577617327 0.06859205776173286
1 0.3249097472924188 0.572202166064982 0.036101083032490974 0.0631768953068592
1 0.9178700361010831 0.09476534296028881 0.13176895306859207 0.18953068592057762
1 0.21028880866425992 0.7996389891696751 0.40974729241877256 0.4007220216606498
1 0.6028880866425993 0.8086642599277978 0.23826714801444043 0.24368231046931407