1 0.35714285714285715 0.03333333333333333 0.04285714285714286 0.05396825396825397
1 0.3047619047619048 0.17936507936507937 0.03650793650793651 0.10634920634920635
1 0.1738095238095238 0.03492063492063492 0.03333333333333333 0.0380952380952381
1 0.4158730158730159 0.13412698412698412 0.04126984126984127 0.13015873015873017
1 0.4666666666666667 0.11587301587301588 0.06349206349206349 0.1984126984126984
1 0.3055555555555556 0.04206349206349207 0.04126984126984127 0.06666666666666667
1 0.00873015873015873 0.047619047619047616 0.01746031746031746 0.047619047619047616
1 0.18888888888888888 0.07063492063492063 0.04285714285714286 0.1111111111111111
1 0.5301587301587302 0.024603174603174603 0.03492063492063492 0.049206349206349205
1 0.00873015873015873 0.04047619047619048 0.01746031746031746 0.03333333333333333
1 0.007142857142857143 0.3261904761904762 0.014285714285714285 0.15714285714285714
1 0.6 0.26666666666666666 0.01746031746031746 0.18253968253968253
1 0.24126984126984127 0.031746031746031744 0.02857142857142857 0.03968253968253968
1 0.026984126984126985 0.22380952380952382 0.023809523809523808 0.06031746031746032
1 0.0992063492063492 0.050793650793650794 0.03650793650793651 0.06190476190476191
1 0.49047619047619045 0.010317460317460317 0.022222222222222223 0.020634920634920634
1 0.5476190476190477 0.0031746031746031746 0.01904761904761905 0.006349206349206349
1 0.553968253968254 0.007142857142857143 0.02857142857142857 0.014285714285714285
1 0.5388888888888889 0.00873015873015873 0.023809523809523808 0.01746031746031746
1 0.5388888888888889 0.08015873015873017 0.06825396825396825 0.16031746031746033
1 0.047619047619047616 0.05793650793650794 0.044444444444444446 0.07142857142857142
1 0.13015873015873017 0.04523809523809524 0.04285714285714286 0.05396825396825397
1 0.004761904761904762 0.22857142857142856 0.009523809523809525 0.1873015873015873
1 0.2650793650793651 0.05793650793650794 0.049206349206349205 0.09365079365079365
1 0.5492063492063493 0.2126984126984127 0.04285714285714286 0.12857142857142856
1 0.13412698412698412 0.049206349206349205 0.03968253968253968 0.06349206349206349
1 0.5246031746031746 0.3333333333333333 0.044444444444444446 0.14444444444444443
1 0.007142857142857143 0.05317460317460317 0.014285714285714285 0.05555555555555555
1 0.17936507936507937 0.04285714285714286 0.046031746031746035 0.05555555555555555
1 0.22301587301587303 0.047619047619047616 0.03650793650793651 0.06825396825396825
1 0.45 0.024603174603174603 0.026984126984126985 0.047619047619047616
1 0.35555555555555557 0.32301587301587303 0.23174603174603176 0.24603174603174602
1 0.011904761904761904 0.3388888888888889 0.023809523809523808 0.2015873015873016
1 0.05476190476190476 0.3357142857142857 0.08095238095238096 0.24444444444444444
1 0.10238095238095238 0.319047619047619 0.06825396825396825 0.273015873015873
1 0.1523809523809524 0.38095238095238093 0.046031746031746035 0.14285714285714285
1 0.2111111111111111 0.24126984126984127 0.06666666666666667 0.24126984126984127
1 0.1492063492063492 0.17777777777777778 0.06984126984126984 0.25555555555555554
1 0.05952380952380952 0.14047619047619048 0.04126984126984127 0.14126984126984127
1 0.09126984126984126 0.10476190476190476 0.05714285714285714 0.16984126984126985
1 0.02619047619047619 0.11587301587301588 0.046031746031746035 0.18412698412698414
1 0.07698412698412699 0.0380952380952381 0.026984126984126985 0.03492063492063492
1 0.1007936507936508 0.047619047619047616 0.031746031746031744 0.05555555555555555
1 0.5833333333333334 0.05634920634920635 0.023809523809523808 0.1126984126984127
1 0.5801587301587302 0.016666666666666666 0.020634920634920634 0.03333333333333333
1 0.4880952380952381 0.027777777777777776 0.05238095238095238 0.05555555555555555
1 0.669047619047619 0.18095238095238095 0.15555555555555556 0.3238095238095238
1 0.6253968253968254 0.9261904761904762 0.03015873015873016 0.09523809523809523
1 0.9222222222222223 0.8841269841269841 0.15555555555555556 0.19365079365079366