1 0.2751677852348993 0.8431208053691275 0.04697986577181208 0.14093959731543623
1 0.7088926174496645 0.06291946308724833 0.04530201342281879 0.12583892617449666
1 0.3296979865771812 0.5461409395973155 0.03691275167785235 0.11241610738255034
1 0.9765100671140939 0.7013422818791947 0.04697986577181208 0.1644295302013423
1 0.4672818791946309 0.7927852348993288 0.03691275167785235 0.10570469798657718
1 0.8238255033557047 0.057885906040268456 0.07718120805369127 0.11577181208053691
1 0.21140939597315436 0.5922818791946308 0.04194630872483222 0.13758389261744966
1 0.1568791946308725 0.610738255033557 0.06375838926174497 0.2080536912751678
1 0.3263422818791946 0.7458053691275168 0.04530201342281879 0.16610738255033558
1 0.6577181208053692 0.915268456375839 0.0436241610738255 0.12751677852348994
1 0.9278523489932886 0.5302013422818792 0.04865771812080537 0.12919463087248323
1 0.4488255033557047 0.6803691275167785 0.0436241610738255 0.1493288590604027
1 0.09144295302013423 0.8531879194630873 0.03859060402684564 0.13590604026845637
1 0.9312080536912751 0.6895973154362416 0.03859060402684564 0.14597315436241612
1 0.6694630872483222 0.5058724832214765 0.03355704697986577 0.1040268456375839
1 0.6552013422818792 0.9840604026845637 0.028523489932885907 0.02348993288590604
1 0.5973154362416108 0.05285234899328859 0.050335570469798654 0.10570469798657718
1 0.9303691275167785 0.38674496644295303 0.05704697986577181 0.16610738255033558
1 0.013422818791946308 0.4488255033557047 0.026845637583892617 0.1929530201342282
1 0.9958053691275168 0.7709731543624161 0.008389261744966443 0.08892617449664429
1 0.39681208053691275 0.8221476510067114 0.031879194630872486 0.10906040268456375
1 0.9765100671140939 0.5687919463087249 0.03523489932885906 0.12248322147651007
1 0.6233221476510067 0.5050335570469798 0.02348993288590604 0.06208053691275168
1 0.5528523489932886 0.9295302013422819 0.040268456375838924 0.13926174496644295
1 0.13758389261744966 0.962248322147651 0.02348993288590604 0.07046979865771812
1 0.06795302013422819 0.75251677852349 0.02181208053691275 0.04697986577181208
1 0.7307046979865772 0.9085570469798657 0.028523489932885907 0.11241610738255034
1 0.08473154362416108 0.988255033557047 0.025167785234899327 0.02348993288590604
1 0.0796979865771812 0.6476510067114094 0.06879194630872483 0.16778523489932887
1 0.6057046979865772 0.8942953020134228 0.050335570469798654 0.17785234899328858
1 0.5125838926174496 0.7491610738255033 0.04697986577181208 0.14093959731543623
1 0.8766778523489933 0.7206375838926175 0.04194630872483222 0.1610738255033557
1 0.36828859060402686 0.7038590604026845 0.05201342281879195 0.15604026845637584
1 0.6719798657718121 0.5947986577181208 0.04194630872483222 0.15604026845637584
1 0.6870805369127517 0.7483221476510067 0.03859060402684564 0.12919463087248323
1 0.07130872483221476 0.5067114093959731 0.0436241610738255 0.13590604026845637
1 0.7785234899328859 0.9521812080536913 0.0587248322147651 0.07885906040268456
1 0.5151006711409396 0.924496644295302 0.0436241610738255 0.15100671140939598
1 0.8716442953020134 0.9714765100671141 0.03355704697986577 0.03355704697986577
1 0.09983221476510067 0.3800335570469799 0.0436241610738255 0.15268456375838926
1 0.6577181208053692 0.7810402684563759 0.0436241610738255 0.14261744966442952
1 0.8649328859060402 0.889261744966443 0.04194630872483222 0.15604026845637584
1 0.6929530201342282 0.8976510067114094 0.031879194630872486 0.11409395973154363
1 0.46812080536912754 0.964765100671141 0.04697986577181208 0.07046979865771812
1 0.12164429530201343 0.04278523489932886 0.06208053691275168 0.06208053691275168
1 0.41442953020134227 0.7466442953020134 0.040268456375838924 0.16946308724832215
1 0.1761744966442953 0.8187919463087249 0.031879194630872486 0.12751677852348994
1 0.27348993288590606 0.2625838926174497 0.25 0.5184563758389261
1 0.4538590604026846 0.16191275167785235 0.0738255033557047 0.3221476510067114
1 0.6711409395973155 0.12583892617449666 0.06375838926174497 0.2516778523489933
1 0.7751677852348994 0.5486577181208053 0.0436241610738255 0.12583892617449666
1 0.8380872483221476 0.375 0.07214765100671142 0.21308724832214765
1 0.7491610738255033 0.10570469798657718 0.04194630872483222 0.21140939597315436
1 0.8322147651006712 0.1988255033557047 0.050335570469798654 0.17953020134228187
1 0.5956375838926175 0.36828859060402686 0.08221476510067115 0.2902684563758389
1 0.5427852348993288 0.35151006711409394 0.07046979865771812 0.3875838926174497
1 0.49328859060402686 0.3087248322147651 0.04697986577181208 0.2063758389261745
1 0.4286912751677852 0.48322147651006714 0.06543624161073826 0.2533557046979866
1 0.49328859060402686 0.5511744966442953 0.07046979865771812 0.2684563758389262
1 0.5880872483221476 0.5914429530201343 0.040268456375838924 0.1493288590604027
1 0.5528523489932886 0.6518456375838926 0.0587248322147651 0.22483221476510068
1 0.6233221476510067 0.636744966442953 0.04697986577181208 0.22818791946308725
1 0.5713087248322147 0.8171140939597316 0.028523489932885907 0.09731543624161074
1 0.5461409395973155 0.8456375838926175 0.03523489932885906 0.14429530201342283
1 0.025167785234899327 0.7130872483221476 0.04194630872483222 0.20302013422818793
1 0.02936241610738255 0.8120805369127517 0.03859060402684564 0.11073825503355705
1 0.026845637583892617 0.9463087248322147 0.026845637583892617 0.10738255033557047
1 0.13758389261744966 0.8615771812080537 0.05704697986577181 0.14261744966442952
1 0.8422818791946308 0.660234899328859 0.053691275167785234 0.20302013422818793
1 0.7978187919463087 0.6719798657718121 0.0436241610738255 0.20469798657718122
1 0.7659395973154363 0.662751677852349 0.03523489932885906 0.15268456375838926
1 0.9052013422818792 0.8196308724832215 0.0436241610738255 0.1476510067114094
1 0.9446308724832215 0.8422818791946308 0.03355704697986577 0.16610738255033558
1 0.9395973154362416 0.9362416107382551 0.026845637583892617 0.09731543624161074
1 0.9798657718120806 0.8708053691275168 0.028523489932885907 0.11912751677852348