1 0.1535234899328859 0.14681208053691275 0.07718120805369127 0.087248322147651
1 0.3523489932885906 0.05536912751677853 0.06040268456375839 0.11073825503355705
1 0.13590604026845637 0.04530201342281879 0.0738255033557047 0.09060402684563758
1 0.6501677852348994 0.10738255033557047 0.06543624161073826 0.1644295302013423
1 0.6686241610738255 0.03523489932885906 0.07046979865771812 0.053691275167785234
1 0.43708053691275167 0.009228187919463088 0.06208053691275168 0.018456375838926176
1 0.0964765100671141 0.040268456375838924 0.08221476510067115 0.08053691275167785
1 0.6937919463087249 0.10486577181208054 0.03859060402684564 0.09563758389261745
1 0.6073825503355704 0.028523489932885907 0.06711409395973154 0.04865771812080537
1 0.5704697986577181 0.016778523489932886 0.06208053691275168 0.030201342281879196
1 0.5662751677852349 0.01929530201342282 0.06375838926174497 0.03691275167785235
1 0.04949664429530201 0.037751677852348994 0.04194630872483222 0.07550335570469799
1 0.2936241610738255 0.0041946308724832215 0.06711409395973154 0.008389261744966443
1 0.7516778523489933 0.15268456375838926 0.07046979865771812 0.15771812080536912
1 0.7843959731543624 0.06711409395973154 0.07718120805369127 0.10234899328859061
1 0.7986577181208053 0.13842281879194632 0.04194630872483222 0.1912751677852349
1 0.7760067114093959 0.0436241610738255 0.040268456375838924 0.05201342281879195
1 0.7307046979865772 0.05704697986577181 0.05704697986577181 0.087248322147651
1 0.6988255033557047 0.19630872483221476 0.04865771812080537 0.06375838926174497
1 0.5864093959731543 0.15771812080536912 0.07214765100671142 0.12416107382550336
1 0.5226510067114094 0.12751677852348994 0.05201342281879195 0.174496644295302
1 0.42449664429530204 0.17114093959731544 0.07046979865771812 0.07718120805369127
1 0.4823825503355705 0.17197986577181207 0.05201342281879195 0.08221476510067115
1 0.2684563758389262 0.14848993288590603 0.06208053691275168 0.09899328859060402
1 0.19966442953020133 0.04865771812080537 0.06375838926174497 0.09731543624161074
1 0.2516778523489933 0.05536912751677853 0.050335570469798654 0.11073825503355705
1 0.09731543624161074 0.13926174496644295 0.04530201342281879 0.09060402684563758
1 0.32802013422818793 0.013422818791946308 0.06208053691275168 0.026845637583892617
1 0.2684563758389262 0.02097315436241611 0.050335570469798654 0.04194630872483222
1 0.38674496644295303 0.006711409395973154 0.04865771812080537 0.013422818791946308
1 0.42533557046979864 0.06879194630872483 0.06375838926174497 0.12583892617449666
1 0.36325503355704697 0.18708053691275167 0.0436241610738255 0.03523489932885906
1 0.4471476510067114 0.00587248322147651 0.03859060402684564 0.01174496644295302
1 0.7181208053691275 0.02936241610738255 0.06543624161073826 0.03523489932885906
1 0.24916107382550334 0.007550335570469799 0.08221476510067115 0.015100671140939598
1 0.9052013422818792 0.14345637583892618 0.18959731543624161 0.20973154362416108
1 0.2533557046979866 0.6610738255033557 0.4395973154362416 0.6711409395973155
1 0.7843959731543624 0.46057046979865773 0.03355704697986577 0.16778523489932887
1 0.8791946308724832 0.6778523489932886 0.24161073825503357 0.6409395973154363
1 0.8498322147651006 0.9018456375838926 0.18959731543624161 0.19630872483221476
1 0.8078859060402684 0.9161073825503355 0.10570469798657718 0.16778523489932887