1 0.1050185873605948 0.6533457249070632 0.09479553903345725 0.17843866171003717
1 0.07899628252788105 0.9024163568773235 0.10594795539033457 0.19516728624535315
1 0.2992565055762082 0.44423791821561337 0.07434944237918216 0.19330855018587362
1 0.31133828996282525 0.9609665427509294 0.05018587360594796 0.07806691449814127
1 0.8717472118959108 0.6022304832713755 0.09293680297397769 0.20074349442379183
1 0.09758364312267657 0.2825278810408922 0.04275092936802974 0.10223048327137546
1 0.8531598513011153 0.12453531598513011 0.10408921933085502 0.24907063197026022
1 0.370817843866171 0.9656133828996283 0.0724907063197026 0.0687732342007435
1 0.05483271375464684 0.39684014869888473 0.10037174721189591 0.31970260223048325
1 0.8113382899628253 0.7304832713754646 0.05762081784386617 0.1524163568773234
1 0.6366171003717472 0.483271375464684 0.07434944237918216 0.1821561338289963
1 0.40613382899628253 0.8513011152416357 0.05762081784386617 0.12639405204460966
1 0.09665427509293681 0.9925650557620818 0.06691449814126393 0.01486988847583643
1 0.5678438661710037 0.1087360594795539 0.06133828996282528 0.15055762081784388
1 0.2053903345724907 0.7648698884758365 0.07992565055762081 0.1654275092936803
1 0.6356877323420075 0.30018587360594795 0.09479553903345725 0.23605947955390336
1 0.019516728624535316 0.1570631970260223 0.03903345724907063 0.23234200743494424
1 0.6059479553903345 0.046468401486988845 0.05204460966542751 0.09293680297397769
1 0.24721189591078066 0.9553903345724907 0.055762081784386616 0.08921933085501858
1 0.6840148698884758 0.47304832713754646 0.04460966542750929 0.10594795539033457
1 0.18680297397769516 0.9098513011152416 0.05762081784386617 0.1449814126394052
1 0.5678438661710037 0.30297397769516726 0.08921933085501858 0.22676579925650558
1 0.5 0.01858736059479554 0.07063197026022305 0.03717472118959108
1 0.5065055762081785 0.13475836431226765 0.08550185873605948 0.19888475836431227
1 0.1421933085501859 0.8447955390334573 0.09479553903345725 0.23234200743494424
1 0.8838289962825279 0.4758364312267658 0.05204460966542751 0.1171003717472119
1 0.3986988847583643 0.17100371747211895 0.04275092936802974 0.10223048327137546
1 0.34851301115241634 0.7741635687732342 0.08550185873605948 0.15055762081784388
1 0.4191449814126394 0.06412639405204461 0.05762081784386617 0.120817843866171
1 0.7555762081784386 0.5213754646840149 0.08178438661710037 0.18773234200743494
1 0.7462825278810409 0.08364312267657993 0.09479553903345725 0.16728624535315986
1 0.733271375464684 0.9070631970260223 0.0762081784386617 0.15427509293680297
1 0.7732342007434945 0.8169144981412639 0.06691449814126393 0.19888475836431227
1 0.9005576208178439 0.7964684014869888 0.10966542750929369 0.2211895910780669
1 0.9460966542750929 0.5613382899628253 0.07434944237918216 0.2955390334572491
1 0.8048327137546468 0.4972118959107807 0.05018587360594796 0.22304832713754646
1 0.7611524163568774 0.36152416356877326 0.05018587360594796 0.120817843866171
1 0.7053903345724907 0.28345724907063197 0.08364312267657993 0.3141263940520446
1 0.7100371747211895 0.6319702602230484 0.06691449814126393 0.1895910780669145
1 0.6431226765799256 0.8382899628252788 0.07434944237918216 0.17472118959107807
1 0.5715613382899628 0.8977695167286245 0.040892193308550186 0.09479553903345725
1 0.6022304832713755 0.9470260223048327 0.07434944237918216 0.09665427509293681
1 0.5120817843866171 0.9711895910780669 0.05390334572490706 0.05762081784386617
1 0.5473977695167286 0.9572490706319703 0.04460966542750929 0.08364312267657993
1 0.5557620817843866 0.7723048327137546 0.08921933085501858 0.18773234200743494
1 0.5808550185873605 0.6161710037174721 0.09293680297397769 0.27137546468401486
1 0.6589219330855018 0.6830855018587361 0.0762081784386617 0.20446096654275092
1 0.5027881040892194 0.5399628252788105 0.06319702602230483 0.21933085501858737
1 0.4684014869888476 0.9014869888475836 0.08921933085501858 0.1970260223048327
1 0.40613382899628253 0.6514869888475836 0.08921933085501858 0.20631970260223048
1 0.47026022304832715 0.6477695167286245 0.07063197026022305 0.2211895910780669
1 0.23048327137546468 0.6421933085501859 0.07806691449814127 0.20446096654275092
1 0.13197026022304834 0.47026022304832715 0.07434944237918216 0.16171003717472118
1 0.19052044609665428 0.47862453531598514 0.05947955390334572 0.1579925650557621
1 0.03810408921933085 0.6319702602230484 0.05390334572490706 0.13568773234200743
1 0.2425650557620818 0.14591078066914498 0.08364312267657993 0.2137546468401487
1 0.1895910780669145 0.30018587360594795 0.07434944237918216 0.258364312267658
1 0.31226765799256506 0.06319702602230483 0.05204460966542751 0.10037174721189591
1 0.30947955390334575 0.1775092936802974 0.06691449814126393 0.17657992565055763
1 0.49535315985130113 0.28345724907063197 0.06319702602230483 0.15613382899628253
1 0.38382899628252787 0.4795539033457249 0.0724907063197026 0.1412639405204461
1 0.3392193308550186 0.6570631970260223 0.055762081784386616 0.11338289962825279
1 0.3912639405204461 0.33736059479553904 0.05390334572490706 0.15613382899628253
1 0.6663568773234201 0.046468401486988845 0.07992565055762081 0.09293680297397769
1 0.9423791821561338 0.06598513011152417 0.05204460966542751 0.13197026022304834
1 0.9312267657992565 0.2342007434944238 0.09293680297397769 0.2211895910780669
1 0.15055762081784388 0.10780669144981413 0.10223048327137546 0.1654275092936803