1 0.09293680297397769 0.6960966542750929 0.07992565055762081 0.17286245353159851
1 0.04368029739776952 0.9247211895910781 0.08736059479553904 0.15055762081784388
1 0.3048327137546468 0.5046468401486989 0.05762081784386617 0.1895910780669145
1 0.8615241635687733 0.7118959107806692 0.0762081784386617 0.19516728624535315
1 0.11802973977695168 0.32620817843866173 0.03345724907063197 0.10037174721189591
1 0.8866171003717472 0.20910780669144982 0.07992565055762081 0.29739776951672864
1 0.06505576208178439 0.4368029739776952 0.0724907063197026 0.3141263940520446
1 0.7899628252788105 0.8345724907063197 0.04460966542750929 0.14869888475836432
1 0.637546468401487 0.5734200743494424 0.05947955390334572 0.17843866171003717
1 0.3754646840148699 0.9200743494423792 0.046468401486988845 0.12267657992565056
1 0.6013011152416357 0.19423791821561337 0.048327137546468404 0.14684014869888476
1 0.18308550185873607 0.8159851301115242 0.06691449814126393 0.15985130111524162
1 0.6524163568773235 0.3912639405204461 0.07434944237918216 0.23048327137546468
1 0.637546468401487 0.03531598513011153 0.048327137546468404 0.07063197026022305
1 0.3940520446096654 0.05111524163568773 0.06691449814126393 0.10223048327137546
1 0.03066914498141264 0.1533457249070632 0.06133828996282528 0.3066914498141264
1 0.6468401486988847 0.120817843866171 0.04275092936802974 0.120817843866171
1 0.20724907063197026 0.983271375464684 0.046468401486988845 0.03345724907063197
1 0.6858736059479554 0.5669144981412639 0.03531598513011153 0.10408921933085502
1 0.1524163568773234 0.9442379182156134 0.04460966542750929 0.11152416356877323
1 0.5845724907063197 0.387546468401487 0.07063197026022305 0.2211895910780669
1 0.5427509293680297 0.05762081784386617 0.06691449814126393 0.11524163568773234
1 0.5381040892193308 0.21468401486988847 0.0687732342007435 0.19330855018587362
1 0.11245353159851301 0.8884758364312267 0.0762081784386617 0.22304832713754646
1 0.474907063197026 0.026022304832713755 0.05018587360594796 0.05204460966542751
1 0.8847583643122676 0.587360594795539 0.04275092936802974 0.11338289962825279
1 0.4275092936802974 0.241635687732342 0.03345724907063197 0.10037174721189591
1 0.23513011152416358 0.04925650557620818 0.0724907063197026 0.09851301115241635
1 0.3252788104089219 0.8382899628252788 0.0724907063197026 0.1449814126394052
1 0.45817843866171004 0.129182156133829 0.048327137546468404 0.13382899628252787
1 0.7527881040892194 0.6217472118959108 0.06691449814126393 0.1821561338289963
1 0.7825278810408922 0.13289962825278812 0.07806691449814127 0.26579925650557623
1 0.6970260223048327 0.9646840148698885 0.06319702602230483 0.07063197026022305
1 0.7444237918215614 0.9098513011152416 0.05018587360594796 0.18029739776951673
1 0.8726765799256505 0.9005576208178439 0.09107806691449814 0.19888475836431227
1 0.9386617100371747 0.6784386617100372 0.048327137546468404 0.29182156133828996
1 0.8039033457249071 0.6022304832713755 0.031598513011152414 0.2211895910780669
1 0.7723048327137546 0.4628252788104089 0.040892193308550186 0.1171003717472119
1 0.7230483271375465 0.38011152416356875 0.05762081784386617 0.3104089219330855
1 0.6979553903345725 0.7276951672862454 0.05018587360594796 0.18587360594795538
1 0.6133828996282528 0.921003717472119 0.05947955390334572 0.1579925650557621
1 0.5353159851301115 0.966542750929368 0.03345724907063197 0.06691449814126393
1 0.5315985130111525 0.854089219330855 0.07434944237918216 0.1821561338289963
1 0.570631970260223 0.7007434944237918 0.07063197026022305 0.26579925650557623
1 0.6421933085501859 0.7741635687732342 0.05947955390334572 0.20074349442379183
1 0.49907063197026025 0.6180297397769516 0.04460966542750929 0.21561338289962825
1 0.4340148698884758 0.9395910780669146 0.0724907063197026 0.120817843866171
1 0.39312267657992567 0.7211895910780669 0.0724907063197026 0.20074349442379183
1 0.45724907063197023 0.7230483271375465 0.05204460966542751 0.2174721189591078
1 0.21933085501858737 0.6960966542750929 0.06133828996282528 0.20074349442379183
1 0.13568773234200743 0.516728624535316 0.06133828996282528 0.15613382899628253
1 0.19330855018587362 0.5297397769516728 0.046468401486988845 0.15427509293680297
1 0.028810408921933085 0.6691449814126395 0.04275092936802974 0.13197026022304834
1 0.2741635687732342 0.20260223048327136 0.06505576208178439 0.20817843866171004
1 0.20817843866171004 0.35223048327137546 0.05204460966542751 0.25464684014869887
1 0.35223048327137546 0.10408921933085502 0.04460966542750929 0.14312267657992564
1 0.3382899628252788 0.23977695167286245 0.05204460966542751 0.17286245353159851
1 0.5139405204460966 0.36152416356877326 0.05018587360594796 0.1524163568773234
1 0.3856877323420074 0.5473977695167286 0.06133828996282528 0.13568773234200743
1 0.32620817843866173 0.7202602230483272 0.046468401486988845 0.10966542750929369
1 0.40613382899628253 0.40613382899628253 0.040892193308550186 0.1524163568773234
1 0.7063197026022305 0.09293680297397769 0.07063197026022305 0.18587360594795538
1 0.9804832713754646 0.17193308550185873 0.03903345724907063 0.15427509293680297
1 0.9526022304832714 0.3513011152416357 0.07434944237918216 0.21561338289962825
1 0.18587360594795538 0.13847583643122677 0.08921933085501858 0.19516728624535315