1 0.09288194444444445 0.6449652777777778 0.08333333333333333 0.16493055555555555
1 0.03993055555555555 0.8802083333333334 0.0798611111111111 0.19444444444444445
1 0.2994791666666667 0.4765625 0.0625 0.17881944444444445
1 0.2439236111111111 0.9548611111111112 0.043402777777777776 0.06597222222222222
1 0.8090277777777778 0.6970486111111112 0.0798611111111111 0.1857638888888889
1 0.13368055555555555 0.3012152777777778 0.036458333333333336 0.0954861111111111
1 0.8567708333333334 0.22916666666666666 0.08854166666666667 0.28125
1 0.2977430555555556 0.9652777777777778 0.0625 0.05381944444444445
1 0.07899305555555555 0.4010416666666667 0.08333333333333333 0.296875
1 0.7361111111111112 0.8081597222222222 0.04861111111111111 0.140625
1 0.6067708333333334 0.5572916666666666 0.0642361111111111 0.1701388888888889
1 0.3454861111111111 0.8671875 0.04861111111111111 0.11631944444444445
1 0.0390625 0.9652777777777778 0.06076388888888889 0.026041666666666668
1 0.5911458333333334 0.2013888888888889 0.052083333333333336 0.1388888888888889
1 0.17100694444444445 0.7612847222222222 0.06944444444444445 0.1527777777777778
1 0.6293402777777778 0.3880208333333333 0.0798611111111111 0.21875
1 0.6336805555555556 0.046875 0.04861111111111111 0.08333333333333333
1 0.4053819444444444 0.05381944444444445 0.06770833333333333 0.1076388888888889
1 0.05381944444444445 0.13975694444444445 0.08680555555555555 0.2795138888888889
1 0.6371527777777778 0.13541666666666666 0.04513888888888889 0.11458333333333333
1 0.1840277777777778 0.9435763888888888 0.046875 0.08333333333333333
1 0.6519097222222222 0.5529513888888888 0.03819444444444445 0.09895833333333333
1 0.13541666666666666 0.8932291666666666 0.04861111111111111 0.13368055555555555
1 0.5659722222222222 0.3810763888888889 0.0763888888888889 0.21006944444444445
1 0.5434027777777778 0.06336805555555555 0.06944444444444445 0.1267361111111111
1 0.53125 0.2170138888888889 0.07291666666666667 0.1840277777777778
1 0.10243055555555555 0.8272569444444444 0.08159722222222222 0.2152777777777778
1 0.9565972222222222 0.8958333333333334 0.05555555555555555 0.20833333333333334
1 0.4817708333333333 0.03125 0.050347222222222224 0.0625
1 0.8368055555555556 0.5815972222222222 0.04513888888888889 0.1076388888888889
1 0.4270833333333333 0.23697916666666666 0.036458333333333336 0.0954861111111111
1 0.2569444444444444 0.04774305555555555 0.07291666666666667 0.0954861111111111
1 0.3020833333333333 0.7890625 0.07465277777777778 0.1388888888888889
1 0.4609375 0.13368055555555555 0.052083333333333336 0.1267361111111111
1 0.7118055555555556 0.6076388888888888 0.07118055555555555 0.1736111111111111
1 0.7638888888888888 0.1449652777777778 0.08680555555555555 0.2673611111111111
1 0.6414930555555556 0.9444444444444444 0.0642361111111111 0.1111111111111111
1 0.6892361111111112 0.8828125 0.05555555555555555 0.1840277777777778
1 0.8107638888888888 0.8802083333333334 0.0954861111111111 0.203125
1 0.8819444444444444 0.6692708333333334 0.059027777777777776 0.2743055555555556
1 0.7604166666666666 0.5920138888888888 0.03993055555555555 0.20833333333333334
1 0.7378472222222222 0.4600694444444444 0.043402777777777776 0.1111111111111111
1 0.6953125 0.3810763888888889 0.06944444444444445 0.2916666666666667
1 0.6553819444444444 0.7039930555555556 0.05555555555555555 0.1753472222222222
1 0.5668402777777778 0.8862847222222222 0.0642361111111111 0.16319444444444445
1 0.4921875 0.9314236111111112 0.036458333333333336 0.08854166666666667
1 0.515625 0.96875 0.06597222222222222 0.0625
1 0.4296875 0.9826388888888888 0.046875 0.03125
1 0.4626736111111111 0.9730902777777778 0.03819444444444445 0.05381944444444445
1 0.4939236111111111 0.8133680555555556 0.078125 0.1736111111111111
1 0.5381944444444444 0.6727430555555556 0.078125 0.2517361111111111
1 0.6006944444444444 0.7439236111111112 0.06597222222222222 0.1909722222222222
1 0.4748263888888889 0.5920138888888888 0.052083333333333336 0.203125
1 0.3975694444444444 0.9131944444444444 0.0763888888888889 0.16666666666666666
1 0.3715277777777778 0.6831597222222222 0.078125 0.1909722222222222
1 0.4314236111111111 0.6875 0.059027777777777776 0.2048611111111111
1 0.21006944444444445 0.6510416666666666 0.06770833333333333 0.1909722222222222
1 0.14149305555555555 0.4791666666666667 0.0642361111111111 0.14930555555555555
1 0.19444444444444445 0.4947916666666667 0.050347222222222224 0.14583333333333334
1 0.033854166666666664 0.6163194444444444 0.046875 0.125
1 0.2855902777777778 0.1935763888888889 0.07118055555555555 0.19791666666666666
1 0.2170138888888889 0.3298611111111111 0.06076388888888889 0.23958333333333334
1 0.3637152777777778 0.10503472222222222 0.04861111111111111 0.13541666666666666
1 0.34375 0.2309027777777778 0.057291666666666664 0.16319444444444445
1 0.5017361111111112 0.3532986111111111 0.05381944444444445 0.1440972222222222
1 0.3732638888888889 0.5199652777777778 0.0642361111111111 0.13020833333333334
1 0.3090277777777778 0.6788194444444444 0.04861111111111111 0.10416666666666667
1 0.3993055555555556 0.3897569444444444 0.04513888888888889 0.1440972222222222
1 0.6944444444444444 0.11024305555555555 0.07465277777777778 0.18229166666666666
1 0.9522569444444444 0.20052083333333334 0.05381944444444445 0.14583333333333334
1 0.9114583333333334 0.3654513888888889 0.0798611111111111 0.2048611111111111
1 0.2065972222222222 0.1293402777777778 0.0920138888888889 0.1857638888888889