1 0.0044014084507042256 0.34066901408450706 0.008802816901408451 0.1426056338028169
1 0.4471830985915493 0.10651408450704225 0.08450704225352113 0.19014084507042253
1 0.3873239436619718 0.22711267605633803 0.0528169014084507 0.1426056338028169
1 0.22975352112676056 0.045774647887323945 0.05985915492957746 0.05985915492957746
1 0.013204225352112676 0.335387323943662 0.02640845070422535 0.11795774647887323
1 0.4621478873239437 0.02112676056338028 0.04225352112676056 0.04225352112676056
1 0.34066901408450706 0.061619718309859156 0.07042253521126761 0.1073943661971831
1 0.36619718309859156 0.029049295774647887 0.07746478873239436 0.04753521126760563
1 0.30809859154929575 0.35651408450704225 0.06514084507042253 0.07042253521126761
1 0.3494718309859155 0.301056338028169 0.05985915492957746 0.1742957746478873
1 0.47007042253521125 0.28433098591549294 0.09859154929577464 0.1936619718309859
1 0.5193661971830986 0.10387323943661972 0.05985915492957746 0.20774647887323944
1 0.3890845070422535 0.05897887323943662 0.03697183098591549 0.1056338028169014
1 0.29313380281690143 0.13204225352112675 0.05985915492957746 0.1795774647887324
1 0.2262323943661972 0.3204225352112676 0.06690140845070422 0.15316901408450703
1 0.15580985915492956 0.36883802816901406 0.035211267605633804 0.06514084507042253
1 0.1443661971830986 0.2632042253521127 0.08274647887323944 0.17781690140845072
1 0.17253521126760563 0.1311619718309859 0.08274647887323944 0.22183098591549297
1 0.2438380281690141 0.1795774647887324 0.06866197183098592 0.1936619718309859
1 0.10035211267605634 0.08538732394366197 0.051056338028169015 0.11971830985915492
1 0.058098591549295774 0.3503521126760563 0.07570422535211267 0.11971830985915492
1 0.022887323943661973 0.14612676056338028 0.045774647887323945 0.1936619718309859
1 0.06602112676056338 0.14348591549295775 0.06338028169014084 0.20950704225352113
1 0.7746478873239436 0.18485915492957747 0.4295774647887324 0.36971830985915494
1 0.653169014084507 0.020246478873239437 0.18661971830985916 0.040492957746478875
1 0.43221830985915494 0.6901408450704225 0.3626760563380282 0.44366197183098594
1 0.49295774647887325 0.5360915492957746 0.10387323943661972 0.10211267605633803
1 0.6179577464788732 0.6153169014084507 0.045774647887323945 0.24119718309859156
1 0.6170774647887324 0.6443661971830986 0.03697183098591549 0.20422535211267606
1 0.6320422535211268 0.8327464788732394 0.03873239436619718 0.1813380281690141
1 0.6241197183098591 0.7623239436619719 0.04401408450704225 0.3397887323943662
1 0.6232394366197183 0.766725352112676 0.03169014084507042 0.1742957746478873
1 0.6848591549295775 0.7279929577464789 0.07570422535211267 0.2007042253521127
1 0.6883802816901409 0.8415492957746479 0.035211267605633804 0.09859154929577464
1 0.6382042253521126 0.8441901408450704 0.05457746478873239 0.25
1 0.6355633802816901 0.9022887323943662 0.03697183098591549 0.1795774647887324
1 0.636443661971831 0.9586267605633803 0.022887323943661973 0.06690140845070422
1 0.5950704225352113 0.39172535211267606 0.017605633802816902 0.04401408450704225
1 0.6003521126760564 0.41725352112676056 0.028169014084507043 0.09683098591549295
1 0.5950704225352113 0.4242957746478873 0.01584507042253521 0.07746478873239436
1 0.5941901408450704 0.4102112676056338 0.01584507042253521 0.08098591549295775
1 0.5994718309859155 0.3996478873239437 0.02640845070422535 0.061619718309859156
1 0.608274647887324 0.38204225352112675 0.022887323943661973 0.028169014084507043
1 0.6029929577464789 0.4154929577464789 0.03345070422535211 0.09330985915492958
1 0.602112676056338 0.4198943661971831 0.03169014084507042 0.10211267605633803
1 0.5977112676056338 0.46919014084507044 0.014084507042253521 0.06514084507042253
1 0.6980633802816901 0.43485915492957744 0.08098591549295775 0.14964788732394366
1 0.6654929577464789 0.4982394366197183 0.051056338028169015 0.15140845070422534
1 0.6566901408450704 0.5440140845070423 0.045774647887323945 0.14788732394366197
1 0.7139084507042254 0.5730633802816901 0.04753521126760563 0.15669014084507044
1 0.9533450704225352 0.42869718309859156 0.09330985915492958 0.1742957746478873
1 0.9683098591549296 0.6963028169014085 0.06338028169014084 0.31514084507042256
1 0.9339788732394366 0.7068661971830986 0.056338028169014086 0.1954225352112676
1 0.7940140845070423 0.511443661971831 0.061619718309859156 0.1795774647887324
1 0.772887323943662 0.7570422535211268 0.04753521126760563 0.15316901408450703
1 0.778169014084507 0.8873239436619719 0.05457746478873239 0.1637323943661972
1 0.8133802816901409 0.7860915492957746 0.04929577464788732 0.15316901408450703
1 0.9154929577464789 0.9524647887323944 0.035211267605633804 0.040492957746478875
1 0.909330985915493 0.8882042253521126 0.040492957746478875 0.13028169014084506
1 0.8688380281690141 0.903169014084507 0.04929577464788732 0.14612676056338028
1 0.7447183098591549 0.9251760563380281 0.04401408450704225 0.11971830985915492
1 0.8485915492957746 0.5572183098591549 0.06690140845070422 0.21654929577464788
1 0.608274647887324 0.5598591549295775 0.028169014084507043 0.15492957746478872