1 0.0625 0.14794303797468356 0.125 0.28322784810126583
1 0.14556962025316456 0.04272151898734177 0.030063291139240507 0.07278481012658228
1 0.23259493670886075 0.12104430379746836 0.023734177215189875 0.14873417721518986
1 0.21518987341772153 0.10205696202531646 0.0189873417721519 0.13924050632911392
1 0.2697784810126582 0.09889240506329114 0.05063291139240506 0.19145569620253164
1 0.3552215189873418 0.19382911392405064 0.028481012658227847 0.18037974683544303
1 0.4549050632911392 0.23338607594936708 0.02531645569620253 0.0981012658227848
1 0.4311708860759494 0.2120253164556962 0.023734177215189875 0.14082278481012658
1 0.3947784810126582 0.19936708860759494 0.05379746835443038 0.16930379746835442
1 0.30854430379746833 0.12262658227848101 0.028481012658227847 0.17088607594936708
1 0.7840189873417721 0.14003164556962025 0.4224683544303797 0.2800632911392405
1 0.07911392405063292 0.46914556962025317 0.15822784810126583 0.36550632911392406
1 0.7333860759493671 0.6360759493670886 0.5332278481012658 0.7278481012658228