1 0.22799295774647887 0.1954225352112676 0.2640845070422535 0.29577464788732394
1 0.8829225352112676 0.061619718309859156 0.198943661971831 0.12323943661971831
1 0.6998239436619719 0.09154929577464789 0.2130281690140845 0.18309859154929578
1 0.4788732394366197 0.13908450704225353 0.25 0.27816901408450706
1 0.9621478873239436 0.03873239436619718 0.061619718309859156 0.07746478873239436
1 0.920774647887324 0.030809859154929578 0.1443661971830986 0.061619718309859156
1 0.38204225352112675 0.1698943661971831 0.056338028169014086 0.3362676056338028
1 0.34242957746478875 0.6109154929577465 0.04753521126760563 0.2517605633802817
1 0.18221830985915494 0.39524647887323944 0.12323943661971831 0.10915492957746478
1 0.15580985915492956 0.8908450704225352 0.04753521126760563 0.14084507042253522
1 0.17341549295774647 0.6628521126760564 0.09507042253521127 0.22359154929577466
1 0.016725352112676055 0.6029929577464789 0.03345070422535211 0.5158450704225352
1 0.06602112676056338 0.39524647887323944 0.13204225352112675 0.10387323943661972
1 0.1892605633802817 0.41813380281690143 0.13204225352112675 0.15492957746478872
1 0.32130281690140844 0.8309859154929577 0.0721830985915493 0.1073943661971831
1 0.6795774647887324 0.6637323943661971 0.6408450704225352 0.6725352112676056