1 0.08247422680412371 0.13659793814432988 0.15120274914089346 0.27319587628865977
1 0.18298969072164947 0.024054982817869417 0.03264604810996564 0.048109965635738834
1 0.27319587628865977 0.0979381443298969 0.027491408934707903 0.16151202749140894
1 0.25601374570446733 0.07646048109965636 0.022336769759450172 0.15120274914089346
1 0.31443298969072164 0.08934707903780069 0.058419243986254296 0.17869415807560138
1 0.4029209621993127 0.18384879725085912 0.03436426116838488 0.1958762886597938
1 0.5085910652920962 0.23195876288659795 0.029209621993127148 0.10652920962199312
1 0.4836769759450172 0.20790378006872853 0.027491408934707903 0.15292096219931273
1 0.44501718213058417 0.19243986254295534 0.061855670103092786 0.18384879725085912
1 0.3556701030927835 0.10395189003436427 0.03436426116838488 0.18556701030927836
1 0.8195876288659794 0.15378006872852235 0.36082474226804123 0.2972508591065292
1 0.08848797250859107 0.46735395189003437 0.17697594501718214 0.39862542955326463
1 0.7474226804123711 0.6426116838487973 0.5051546391752577 0.7147766323024055