0 0.07899628252788105 0.5473977695167286 0.1579925650557621 0.4479553903345725
0 0.25929368029739774 0.7369888475836431 0.18773234200743494 0.5260223048327137
0 0.5 0.7397769516728625 0.20817843866171004 0.42193308550185876
0 0.3299256505576208 0.5092936802973977 0.07992565055762081 0.23977695167286245
0 0.5102230483271375 0.5018587360594795 0.1171003717472119 0.27695167286245354
0 0.7397769516728625 0.6245353159851301 0.25650557620817843 0.49256505576208176
0 0.9052044609665427 0.6914498141263941 0.1895910780669145 0.6059479553903345
0 0.8633828996282528 0.5845724907063197 0.12639405204460966 0.3475836431226766
0 0.2992565055762082 0.5325278810408922 0.09479553903345725 0.18587360594795538
0 0.6059479553903345 0.525092936802974 0.06691449814126393 0.3141263940520446
0 0.04553903345724907 0.9089219330855018 0.07992565055762081 0.1821561338289963