0 0.09098360655737706 0.5459016393442623 0.17868852459016393 0.4016393442622951
0 0.2713114754098361 0.7360655737704918 0.18524590163934426 0.5278688524590164
0 0.48032786885245904 0.7016393442622951 0.19672131147540983 0.3770491803278688
0 0.3237704918032787 0.5032786885245901 0.07868852459016394 0.21311475409836064
0 0.4819672131147541 0.49098360655737705 0.11147540983606558 0.24754098360655738
0 0.6885245901639344 0.5918032786885246 0.24098360655737705 0.4426229508196721
0 0.8713114754098361 0.6795081967213115 0.2573770491803279 0.6147540983606558
0 0.7959016393442623 0.5532786885245902 0.12295081967213115 0.30983606557377047
0 0.2967213114754098 0.5245901639344263 0.08852459016393442 0.16557377049180327
0 0.5680327868852459 0.509016393442623 0.06885245901639345 0.27704918032786885
0 0.06967213114754098 0.8909836065573771 0.11311475409836065 0.2180327868852459