1 0.5508474576271186 0.20423728813559322 0.18135593220338983 0.2745762711864407
1 0.2754237288135593 0.20677966101694914 0.17966101694915254 0.25084745762711863
1 0.08559322033898305 0.16440677966101694 0.1576271186440678 0.3220338983050847
1 0.2245762711864407 0.1669491525423729 0.43898305084745765 0.3338983050847458
1 0.690677966101695 0.17966101694915254 0.11694915254237288 0.33220338983050846
1 0.7898305084745763 0.1923728813559322 0.13728813559322034 0.3152542372881356
1 0.9313559322033899 0.18305084745762712 0.13728813559322034 0.3423728813559322
1 0.45508474576271185 0.39661016949152544 0.06610169491525424 0.12372881355932204
1 0.4711864406779661 0.4652542372881356 0.05423728813559322 0.17966101694915254
1 0.514406779661017 0.5288135593220339 0.0711864406779661 0.2423728813559322
1 0.2745762711864407 0.3525423728813559 0.0423728813559322 0.04745762711864407
1 0.3644067796610169 0.4016949152542373 0.09661016949152543 0.1423728813559322
1 0.2923728813559322 0.4194915254237288 0.05423728813559322 0.18135593220338983
1 0.3254237288135593 0.5110169491525424 0.02711864406779661 0.08305084745762711
1 0.3686440677966102 0.6347457627118644 0.0423728813559322 0.15423728813559323
1 0.4228813559322034 0.49745762711864405 0.03559322033898305 0.12372881355932204
1 0.3559322033898305 0.5152542372881356 0.0423728813559322 0.10847457627118644
1 0.4152542372881356 0.6194915254237288 0.05254237288135593 0.17457627118644067
1 0.44661016949152543 0.6711864406779661 0.05254237288135593 0.17457627118644067
1 0.5220338983050847 0.7152542372881356 0.06440677966101695 0.14576271186440679
1 0.6220338983050847 0.5101694915254237 0.013559322033898305 0.09322033898305085
1 0.6076271186440678 0.6584745762711864 0.03728813559322034 0.23220338983050848
1 0.17966101694915254 0.3635593220338983 0.06610169491525424 0.07627118644067797
1 0.23728813559322035 0.3559322033898305 0.0423728813559322 0.0576271186440678
1 0.2423728813559322 0.3906779661016949 0.05254237288135593 0.1271186440677966
1 0.11949152542372882 0.3398305084745763 0.03728813559322034 0.03389830508474576
1 0.07203389830508475 0.3338983050847458 0.03728813559322034 0.025423728813559324
1 0.08389830508474576 0.39576271186440676 0.0576271186440678 0.14745762711864407
1 0.1228813559322034 0.38813559322033897 0.03728813559322034 0.13050847457627118
1 0.15508474576271186 0.39661016949152544 0.04067796610169491 0.1271186440677966
1 0.19322033898305085 0.4559322033898305 0.03728813559322034 0.11864406779661017
1 0.25169491525423726 0.5567796610169492 0.04067796610169491 0.13220338983050847
1 0.29322033898305083 0.5805084745762712 0.04067796610169491 0.1152542372881356
1 0.04067796610169491 0.3525423728813559 0.03559322033898305 0.06440677966101695
1 0.013559322033898305 0.3423728813559322 0.01864406779661017 0.04406779661016949
1 0.017796610169491526 0.3855932203389831 0.03389830508474576 0.13220338983050847
1 0.03305084745762712 0.40847457627118644 0.03220338983050847 0.12542372881355932
1 0.00847457627118644 0.4610169491525424 0.01694915254237288 0.12542372881355932
1 0.05 0.5559322033898305 0.0576271186440678 0.16101694915254236
1 0.15169491525423728 0.5220338983050847 0.04067796610169491 0.1423728813559322
1 0.11271186440677966 0.5067796610169492 0.04576271186440678 0.11694915254237288
1 0.18898305084745762 0.5703389830508474 0.04406779661016949 0.13898305084745763
1 0.22627118644067798 0.6279661016949153 0.03728813559322034 0.12033898305084746
1 0.3093220338983051 0.6601694915254237 0.059322033898305086 0.13389830508474576
1 0.3516949152542373 0.7347457627118644 0.04576271186440678 0.09830508474576272
1 0.5279661016949152 0.7983050847457627 0.06440677966101695 0.12203389830508475
1 0.5805084745762712 0.9194915254237288 0.023728813559322035 0.14067796610169492
1 0.5991525423728814 0.9601694915254237 0.025423728813559324 0.07966101694915254
1 0.011864406779661017 0.3822033898305085 0.020338983050847456 0.12372881355932204
1 0.006779661016949152 0.5245762711864407 0.013559322033898305 0.13389830508474576
1 0.009322033898305085 0.5855932203389831 0.01864406779661017 0.07627118644067797
1 0.10932203389830508 0.6194915254237288 0.04067796610169491 0.16101694915254236
1 0.14661016949152542 0.6432203389830509 0.04576271186440678 0.13050847457627118
1 0.019491525423728815 0.42966101694915254 0.03898305084745763 0.20508474576271185
1 0.005932203389830509 0.4915254237288136 0.011864406779661017 0.09491525423728814
1 0.00847457627118644 0.5567796610169492 0.01694915254237288 0.16779661016949152
1 0.000847457627118644 0.5813559322033899 0.001694915254237288 0.11864406779661017
1 0.005932203389830509 0.6211864406779661 0.011864406779661017 0.15084745762711865
1 0.04152542372881356 0.8322033898305085 0.04915254237288136 0.16271186440677965
1 0.18135593220338983 0.7728813559322034 0.0288135593220339 0.10847457627118644
1 0.1288135593220339 0.738135593220339 0.03559322033898305 0.07288135593220339
1 0.10762711864406779 0.8211864406779661 0.04067796610169491 0.11016949152542373
1 0.3101694915254237 0.7923728813559322 0.03389830508474576 0.1
1 0.3474576271186441 0.8127118644067797 0.03389830508474576 0.07796610169491526
1 0.41694915254237286 0.847457627118644 0.0288135593220339 0.08644067796610169
1 0.46864406779661016 0.7779661016949152 0.04576271186440678 0.11186440677966102
1 0.3983050847457627 0.7576271186440678 0.03728813559322034 0.09322033898305085
1 0.20508474576271185 0.9364406779661016 0.0288135593220339 0.08644067796610169
1 0.2228813559322034 0.9694915254237289 0.023728813559322035 0.0423728813559322
1 0.002542372881355932 0.6711864406779661 0.005084745762711864 0.11186440677966102
1 0.044915254237288135 0.7050847457627119 0.030508474576271188 0.10338983050847457
1 0.07203389830508475 0.7313559322033898 0.03389830508474576 0.1
1 0.005084745762711864 0.6516949152542373 0.010169491525423728 0.17457627118644067
1 0.17372881355932204 0.9627118644067797 0.01864406779661017 0.05254237288135593
1 0.21101694915254238 0.8440677966101695 0.02711864406779661 0.0847457627118644
1 0.17627118644067796 0.8762711864406779 0.022033898305084745 0.07288135593220339
1 0.21525423728813559 0.7508474576271187 0.020338983050847456 0.06440677966101695
1 0.00423728813559322 0.6449152542372881 0.00847457627118644 0.07288135593220339
1 0.022033898305084745 0.6788135593220339 0.03559322033898305 0.1423728813559322
1 0.002542372881355932 0.8194915254237288 0.005084745762711864 0.08644067796610169
1 0.011016949152542373 0.8271186440677966 0.022033898305084745 0.06779661016949153
1 0.06694915254237288 0.9347457627118644 0.0288135593220339 0.07966101694915254
1 0.10254237288135593 0.9271186440677966 0.030508474576271188 0.09152542372881356
1 0.34915254237288135 0.9847457627118644 0.01694915254237288 0.020338983050847456
1 0.29745762711864404 0.9720338983050848 0.023728813559322035 0.0423728813559322
1 0.13813559322033897 0.9016949152542373 0.04067796610169491 0.11016949152542373
1 0.4754237288135593 0.8830508474576271 0.025423728813559324 0.08135593220338982
1 0.45508474576271185 0.9144067796610169 0.022033898305084745 0.06610169491525424
1 0.39322033898305087 0.8389830508474576 0.02711864406779661 0.07288135593220339
1 0.3677966101694915 0.8576271186440678 0.0288135593220339 0.07796610169491526
1 0.3466101694915254 0.885593220338983 0.02711864406779661 0.06949152542372881
1 0.2983050847457627 0.8677966101694915 0.01864406779661017 0.0576271186440678
1 0.26016949152542374 0.8177966101694916 0.03389830508474576 0.07796610169491526
1 0.26610169491525426 0.7457627118644068 0.01694915254237288 0.0576271186440678
1 0.5432203389830509 0.885593220338983 0.020338983050847456 0.059322033898305086
1 0.5305084745762711 0.9161016949152543 0.02711864406779661 0.07796610169491526
1 0.4822033898305085 0.9271186440677966 0.022033898305084745 0.05423728813559322
1 0.5016949152542373 0.9288135593220339 0.015254237288135594 0.04576271186440678
1 0.4322033898305085 0.8822033898305085 0.025423728813559324 0.08135593220338982
1 0.3983050847457627 0.938135593220339 0.01864406779661017 0.07457627118644068
1 0.46864406779661016 0.9720338983050848 0.015254237288135594 0.05423728813559322
1 0.5322033898305085 0.9745762711864406 0.02711864406779661 0.05084745762711865
1 0.2669491525423729 0.9110169491525424 0.020338983050847456 0.0576271186440678
1 0.25254237288135595 0.888135593220339 0.020338983050847456 0.04406779661016949
1 0.23559322033898306 0.8559322033898306 0.025423728813559324 0.06271186440677966
1 0.24491525423728813 0.9355932203389831 0.025423728813559324 0.07457627118644068
1 0.2033898305084746 0.9864406779661017 0.020338983050847456 0.006779661016949152
1 0.561864406779661 0.9627118644067797 0.022033898305084745 0.07457627118644068
1 0.4194915254237288 0.9737288135593221 0.030508474576271188 0.04915254237288136
1 0.4847457627118644 0.976271186440678 0.022033898305084745 0.04745762711864407
1 0.8720338983050847 0.6728813559322034 0.2559322033898305 0.6542372881355932