1 0.5308441558441559 0.22321428571428573 0.17857142857142858 0.2662337662337662
1 0.26704545454545453 0.21996753246753248 0.17532467532467533 0.2435064935064935
1 0.08603896103896104 0.17694805194805194 0.15584415584415584 0.31006493506493504
1 0.22077922077922077 0.1728896103896104 0.4253246753246753 0.3457792207792208
1 0.6655844155844156 0.2012987012987013 0.11688311688311688 0.3198051948051948
1 0.7597402597402597 0.2150974025974026 0.13636363636363635 0.30357142857142855
1 0.9131493506493507 0.20535714285714285 0.1737012987012987 0.3425324675324675
1 0.43587662337662336 0.40584415584415584 0.06655844155844155 0.12012987012987013
1 0.450487012987013 0.4715909090909091 0.05357142857142857 0.17207792207792208
1 0.4902597402597403 0.5324675324675324 0.07142857142857142 0.23376623376623376
1 0.2637987012987013 0.36038961038961037 0.040584415584415584 0.045454545454545456
1 0.349025974025974 0.4090909090909091 0.09415584415584416 0.137987012987013
1 0.2792207792207792 0.4253246753246753 0.05519480519480519 0.1737012987012987
1 0.31006493506493504 0.512987012987013 0.027597402597402596 0.08116883116883117
1 0.349025974025974 0.6323051948051948 0.04383116883116883 0.14772727272727273
1 0.4034090909090909 0.5016233766233766 0.03571428571428571 0.1185064935064935
1 0.3392857142857143 0.5178571428571429 0.04220779220779221 0.1038961038961039
1 0.39366883116883117 0.6176948051948052 0.05194805194805195 0.1672077922077922
1 0.42288961038961037 0.6680194805194806 0.05194805194805195 0.1672077922077922
1 0.4943181818181818 0.7118506493506493 0.0633116883116883 0.14123376623376624
1 0.5933441558441559 0.5170454545454546 0.01461038961038961 0.08928571428571429
1 0.5771103896103896 0.6582792207792207 0.03896103896103896 0.2224025974025974
1 0.1728896103896104 0.3693181818181818 0.0633116883116883 0.07467532467532467
1 0.22727272727272727 0.3628246753246753 0.04220779220779221 0.05519480519480519
1 0.23214285714285715 0.3969155844155844 0.05194805194805195 0.12175324675324675
1 0.11525974025974026 0.3457792207792208 0.03571428571428571 0.032467532467532464
1 0.0698051948051948 0.3392857142857143 0.037337662337662336 0.024350649350649352
1 0.08035714285714286 0.398538961038961 0.056818181818181816 0.14285714285714285
1 0.1176948051948052 0.39204545454545453 0.037337662337662336 0.125
1 0.14853896103896103 0.40016233766233766 0.040584415584415584 0.12175324675324675
1 0.18344155844155843 0.4586038961038961 0.03896103896103896 0.11363636363636363
1 0.23863636363636365 0.5551948051948052 0.040584415584415584 0.1266233766233766
1 0.2775974025974026 0.5787337662337663 0.040584415584415584 0.11038961038961038
1 0.03896103896103896 0.35633116883116883 0.03571428571428571 0.06168831168831169
1 0.01461038961038961 0.3457792207792208 0.016233766233766232 0.04220779220779221
1 0.017857142857142856 0.387987012987013 0.032467532467532464 0.1266233766233766
1 0.03165584415584415 0.4099025974025974 0.032467532467532464 0.12012987012987013
1 0.008116883116883116 0.4594155844155844 0.016233766233766232 0.12012987012987013
1 0.045454545454545456 0.5511363636363636 0.05844155844155844 0.15422077922077923
1 0.14285714285714285 0.5202922077922078 0.040584415584415584 0.13636363636363635
1 0.10633116883116883 0.5056818181818182 0.04707792207792208 0.11201298701298701
1 0.17775974025974026 0.5673701298701299 0.04383116883116883 0.1331168831168831
1 0.21266233766233766 0.6233766233766234 0.03896103896103896 0.11525974025974026
1 0.2922077922077922 0.6558441558441559 0.05844155844155844 0.12987012987012986
1 0.33116883116883117 0.7280844155844156 0.045454545454545456 0.09415584415584416
1 0.49837662337662336 0.7913961038961039 0.06493506493506493 0.1185064935064935
1 0.547077922077922 0.9082792207792207 0.024350649350649352 0.13474025974025974
1 0.564935064935065 0.9545454545454546 0.025974025974025976 0.09090909090909091
1 0.012175324675324676 0.38392857142857145 0.01948051948051948 0.1185064935064935
1 0.005681818181818182 0.5202922077922078 0.011363636363636364 0.12824675324675325
1 0.007305194805194805 0.577922077922078 0.01461038961038961 0.07467532467532467
1 0.10064935064935066 0.6128246753246753 0.04220779220779221 0.15422077922077923
1 0.13636363636363635 0.6363636363636364 0.045454545454545456 0.125
1 0.01948051948051948 0.4310064935064935 0.03896103896103896 0.19642857142857142
1 0.00487012987012987 0.48863636363636365 0.00974025974025974 0.09090909090909091
1 0.007305194805194805 0.5511363636363636 0.01461038961038961 0.16071428571428573
1 0.004058441558441558 0.6128246753246753 0.008116883116883116 0.1444805194805195
1 0.032467532467532464 0.8157467532467533 0.05032467532467533 0.15584415584415584
1 0.1672077922077922 0.7613636363636364 0.02922077922077922 0.10551948051948051
1 0.1176948051948052 0.7272727272727273 0.03571428571428571 0.0698051948051948
1 0.09659090909090909 0.8060064935064936 0.040584415584415584 0.10551948051948051
1 0.2897727272727273 0.7824675324675324 0.03409090909090909 0.09577922077922078
1 0.325487012987013 0.801948051948052 0.032467532467532464 0.07467532467532467
1 0.3912337662337662 0.8368506493506493 0.02922077922077922 0.08441558441558442
1 0.44155844155844154 0.7711038961038961 0.045454545454545456 0.10714285714285714
1 0.3758116883116883 0.75 0.037337662337662336 0.08928571428571429
1 0.18668831168831168 0.9188311688311688 0.02922077922077922 0.08441558441558442
1 0.20373376623376624 0.9577922077922078 0.024350649350649352 0.056818181818181816
1 0.03814935064935065 0.6948051948051948 0.030844155844155844 0.09902597402597403
1 0.0633116883116883 0.7191558441558441 0.03409090909090909 0.09577922077922078
1 0.003246753246753247 0.6420454545454546 0.006493506493506494 0.1672077922077922
1 0.15584415584415584 0.950487012987013 0.01948051948051948 0.06493506493506493
1 0.1939935064935065 0.8303571428571429 0.027597402597402596 0.08279220779220779
1 0.16071428571428573 0.8603896103896104 0.022727272727272728 0.07142857142857142
1 0.200487012987013 0.7410714285714286 0.021103896103896104 0.0633116883116883
1 0.002435064935064935 0.635551948051948 0.00487012987012987 0.0698051948051948
1 0.017045454545454544 0.6688311688311688 0.03409090909090909 0.13636363636363635
1 0.007305194805194805 0.8108766233766234 0.01461038961038961 0.06655844155844155
1 0.05519480519480519 0.9147727272727273 0.027597402597402596 0.07792207792207792
1 0.08928571428571429 0.9074675324675324 0.030844155844155844 0.08766233766233766
1 0.32386363636363635 0.974025974025974 0.017857142857142856 0.03409090909090909
1 0.27516233766233766 0.961038961038961 0.024350649350649352 0.056818181818181816
1 0.1241883116883117 0.8839285714285714 0.040584415584415584 0.10551948051948051
1 0.4472402597402597 0.8717532467532467 0.024350649350649352 0.07954545454545454
1 0.42694805194805197 0.9017857142857143 0.022727272727272728 0.06493506493506493
1 0.3693181818181818 0.827922077922078 0.027597402597402596 0.07142857142857142
1 0.34415584415584416 0.8457792207792207 0.027597402597402596 0.0762987012987013
1 0.32386363636363635 0.8717532467532467 0.027597402597402596 0.06818181818181818
1 0.2775974025974026 0.8538961038961039 0.01948051948051948 0.05519480519480519
1 0.2418831168831169 0.8060064935064936 0.032467532467532464 0.07467532467532467
1 0.2483766233766234 0.7362012987012987 0.017857142857142856 0.05519480519480519
1 0.5121753246753247 0.875 0.021103896103896104 0.05844155844155844
1 0.4991883116883117 0.9042207792207793 0.025974025974025976 0.0762987012987013
1 0.45292207792207795 0.913961038961039 0.022727272727272728 0.05357142857142857
1 0.4715909090909091 0.9163961038961039 0.01461038961038961 0.04383116883116883
1 0.40584415584415584 0.8709415584415584 0.024350649350649352 0.07954545454545454
1 0.3717532467532468 0.9228896103896104 0.017857142857142856 0.07142857142857142
1 0.4383116883116883 0.9586038961038961 0.016233766233766232 0.05519480519480519
1 0.5016233766233766 0.9642857142857143 0.027597402597402596 0.05357142857142857
1 0.24675324675324675 0.8944805194805194 0.021103896103896104 0.056818181818181816
1 0.23376623376623376 0.872564935064935 0.01948051948051948 0.04383116883116883
1 0.21753246753246752 0.8417207792207793 0.025974025974025976 0.06168831168831169
1 0.22564935064935066 0.9180194805194806 0.024350649350649352 0.07305194805194805
1 0.18425324675324675 0.9732142857142857 0.021103896103896104 0.022727272727272728
1 0.5292207792207793 0.9569805194805194 0.022727272727272728 0.08603896103896104
1 0.12256493506493507 0.9748376623376623 0.01948051948051948 0.012987012987012988
1 0.39204545454545453 0.9650974025974026 0.030844155844155844 0.06168831168831169
1 0.45454545454545453 0.9675324675324676 0.022727272727272728 0.05844155844155844
1 0.8506493506493507 0.6810064935064936 0.2987012987012987 0.637987012987013