1 0.11625874125874126 0.11975524475524475 0.21503496503496503 0.2395104895104895
1 0.2159090909090909 0.3006993006993007 0.38636363636363635 0.6013986013986014
1 0.32517482517482516 0.011363636363636364 0.04895104895104895 0.022727272727272728
1 0.03671328671328671 0.14160839160839161 0.05944055944055944 0.28321678321678323
1 0.06381118881118882 0.29545454545454547 0.12762237762237763 0.5909090909090909
1 0.4291958041958042 0.23076923076923078 0.07167832167832168 0.46153846153846156
1 0.4152097902097902 0.22202797202797203 0.043706293706293704 0.44405594405594406
1 0.458041958041958 0.26048951048951047 0.09265734265734266 0.40734265734265734
1 0.5052447552447552 0.3094405594405594 0.04020979020979021 0.27972027972027974
1 0.5332167832167832 0.33916083916083917 0.033216783216783216 0.229020979020979
1 0.5716783216783217 0.3374125874125874 0.07167832167832168 0.2395104895104895
1 0.6302447552447552 0.33653846153846156 0.07167832167832168 0.22377622377622378
1 0.08479020979020979 0.8041958041958042 0.08391608391608392 0.20279720279720279
1 0.9012237762237763 0.8732517482517482 0.1660839160839161 0.23426573426573427