1 0.1829073482428115 0.10782747603833866 0.2124600638977636 0.21565495207667731
1 0.28674121405750796 0.2715654952076677 0.34345047923322686 0.5431309904153354
1 0.38258785942492013 0.00718849840255591 0.04313099041533546 0.01437699680511182
1 0.04153354632587859 0.0950479233226837 0.07348242811501597 0.1900958466453674
1 0.0742811501597444 0.12939297124600638 0.14217252396166133 0.25878594249201275
1 0.10063897763578275 0.26916932907348246 0.2012779552715655 0.5383386581469649
1 0.48003194888178913 0.20766773162939298 0.05910543130990415 0.41533546325878595
1 0.4680511182108626 0.19968051118210864 0.03194888178913738 0.3993610223642173
1 0.5079872204472844 0.23162939297124602 0.07827476038338659 0.3722044728434505
1 0.5519169329073482 0.2755591054313099 0.03194888178913738 0.25559105431309903
1 0.5782747603833865 0.3027156549520767 0.025559105431309903 0.20926517571884984
1 0.6126198083067093 0.2995207667731629 0.06070287539936102 0.21884984025559107
1 0.6661341853035144 0.2987220447284345 0.06230031948881789 0.20447284345047922
1 0.011182108626198083 0.6845047923322684 0.022364217252396165 0.2987220447284345
1 0.06230031948881789 0.7300319488817891 0.07667731629392971 0.25559105431309903
1 0.1757188498402556 0.7340255591054313 0.07348242811501597 0.1853035143769968
1 0.9233226837060703 0.7843450479233227 0.14696485623003194 0.2124600638977636