1 0.10738831615120274 0.15292096219931273 0.19072164948453607 0.30584192439862545
1 0.422680412371134 0.006872852233676976 0.07903780068728522 0.013745704467353952
1 0.37285223367697595 0.02663230240549828 0.06529209621993128 0.05326460481099656
1 0.4209621993127148 0.109106529209622 0.10652920962199312 0.218213058419244
1 0.5644329896907216 0.17096219931271478 0.29381443298969073 0.34192439862542956
1 0.2757731958762887 0.00859106529209622 0.015463917525773196 0.01718213058419244
1 0.2869415807560137 0.03006872852233677 0.044673539518900345 0.06013745704467354
1 0.8178694158075601 0.12714776632302405 0.058419243986254296 0.21305841924398625
1 0.7903780068728522 0.061855670103092786 0.04982817869415808 0.08934707903780069
1 0.12371134020618557 0.5463917525773195 0.24742268041237114 0.5017182130584192
1 0.7946735395189003 0.7353951890034365 0.4106529209621993 0.5292096219931272