1 0.0988562091503268 0.1568627450980392 0.19117647058823528 0.3137254901960784
1 0.40441176470588236 0.011437908496732025 0.07352941176470588 0.02287581699346405
1 0.3570261437908497 0.031862745098039214 0.06045751633986928 0.06372549019607843
1 0.4076797385620915 0.10784313725490197 0.08986928104575163 0.21568627450980393
1 0.5465686274509803 0.16176470588235295 0.2630718954248366 0.3235294117647059
1 0.2696078431372549 0.008986928104575163 0.02287581699346405 0.017973856209150325
1 0.2647058823529412 0.01715686274509804 0.013071895424836602 0.03431372549019608
1 0.2761437908496732 0.03676470588235294 0.0392156862745098 0.07352941176470588
1 0.7851307189542484 0.10866013071895425 0.04411764705882353 0.20751633986928106
1 0.7565359477124183 0.04820261437908497 0.04411764705882353 0.08823529411764706
1 0.13562091503267973 0.5449346405228758 0.23529411764705882 0.46568627450980393
1 0.8063725490196079 0.7091503267973857 0.3872549019607843 0.5228758169934641