1 0.48104693140794225 0.02075812274368231 0.10288808664259928 0.04151624548736462
1 0.4575812274368231 0.10469314079422383 0.05595667870036101 0.2075812274368231
1 0.4666064981949459 0.09115523465703972 0.0740072202166065 0.18231046931407943
1 0.6398916967509025 0.1552346570397112 0.2111913357400722 0.3104693140794224
1 0.8601083032490975 0.10018050541516245 0.2075812274368231 0.2003610108303249
1 0.4657039711191336 0.2815884476534296 0.06498194945848375 0.20577617328519857
1 0.7924187725631769 0.2608303249097473 0.0776173285198556 0.20577617328519857
1 0.9187725631768953 0.27256317689530685 0.11552346570397112 0.2075812274368231
1 0.7635379061371841 0.33303249097472926 0.12274368231046931 0.09205776173285199
1 0.9891696750902527 0.2806859205776173 0.018050541516245487 0.18772563176895307
1 0.008122743682310469 0.575812274368231 0.016245487364620937 0.36823104693140796
1 0.008122743682310469 0.5631768953068592 0.016245487364620937 0.34296028880866425
1 0.01444043321299639 0.5631768953068592 0.02888086642599278 0.34657039711191334
1 0.16425992779783394 0.5685920577617328 0.09025270758122744 0.3628158844765343
1 0.2824909747292419 0.5694945848375451 0.12274368231046931 0.36823104693140796
1 0.009927797833935019 0.5794223826714802 0.019855595667870037 0.37906137184115524
1 0.008122743682310469 0.5604693140794224 0.016245487364620937 0.33754512635379064
1 0.04963898916967509 0.5595667870036101 0.09927797833935018 0.33935018050541516
1 0.39981949458483756 0.5685920577617328 0.08664259927797834 0.3700361010830325
1 0.023465703971119134 0.5469314079422383 0.04693140794223827 0.3140794223826715
1 0.575812274368231 0.6895306859205776 0.2779783393501805 0.6209386281588448
1 0.48465703971119134 0.9205776173285198 0.0812274368231047 0.1588447653429603
1 0.4584837545126354 0.8321299638989169 0.030685920577617327 0.09205776173285199
1 0.4575812274368231 0.842057761732852 0.02707581227436823 0.06859205776173286
1 0.45306859205776173 0.8014440433212996 0.019855595667870037 0.10288808664259928
1 0.4503610108303249 0.7472924187725631 0.018050541516245487 0.18592057761732853
1 0.45577617328519854 0.6841155234657039 0.02888086642599278 0.06678700361010831
1 0.4584837545126354 0.7518050541516246 0.032490974729241874 0.08664259927797834