1 0.551660516605166 0.042435424354243544 0.11070110701107011 0.08487084870848709
1 0.5313653136531366 0.024907749077490774 0.06642066420664207 0.04981549815498155
1 0.518450184501845 0.13376383763837638 0.07380073800738007 0.23062730627306274
1 0.5285977859778598 0.11162361623616236 0.09040590405904059 0.22324723247232472
1 0.6992619926199262 0.1937269372693727 0.23985239852398524 0.37084870848708484
1 0.9271217712177122 0.06365313653136531 0.14575645756457564 0.06826568265682657
1 0.9068265682656826 0.15867158671586715 0.1863468634686347 0.26199261992619927
1 0.5064575645756457 0.3219557195571956 0.08118081180811808 0.2140221402214022
1 0.8413284132841329 0.3367158671586716 0.0940959409594096 0.2140221402214022
1 0.9501845018450185 0.35977859778597787 0.0996309963099631 0.2177121771217712
1 0.8035055350553506 0.4059040590405904 0.13099630996309963 0.1033210332103321
1 0.015682656826568265 0.5701107011070111 0.03136531365313653 0.3763837638376384
1 0.015682656826568265 0.5571955719557196 0.03136531365313653 0.3505535055350554
1 0.012915129151291513 0.5691881918819188 0.025830258302583026 0.37453874538745385
1 0.02214022140221402 0.5599630996309963 0.04428044280442804 0.35608856088560886
1 0.16974169741697417 0.5821033210332104 0.11808118081180811 0.37453874538745385
1 0.2896678966789668 0.5959409594095941 0.14944649446494465 0.3837638376383764
1 0.017527675276752766 0.5765682656826568 0.03505535055350553 0.3892988929889299
1 0.015682656826568265 0.5544280442804428 0.03136531365313653 0.34501845018450183
1 0.058118081180811805 0.5581180811808119 0.11623616236162361 0.35239852398523985
1 0.4095940959409594 0.6070110701107011 0.11439114391143912 0.38191881918819187
1 0.03136531365313653 0.544280442804428 0.06273062730627306 0.3247232472324723
1 0.5765682656826568 0.7112546125461254 0.32287822878228783 0.577490774907749
1 0.45940959409594095 0.9455719557195572 0.08856088560885608 0.1088560885608856
1 0.44095940959409596 0.8809963099630996 0.03690036900369004 0.0959409594095941
1 0.4381918819188192 0.8911439114391144 0.03136531365313653 0.07195571955719557
1 0.4381918819188192 0.8496309963099631 0.027675276752767528 0.1070110701107011
1 0.44095940959409596 0.794280442804428 0.03136531365313653 0.1900369003690037
1 0.45295202952029523 0.7306273062730627 0.033210332103321034 0.07011070110701106
1 0.4492619926199262 0.7988929889298892 0.03874538745387454 0.09040590405904059