1 0.024725274725274724 0.28296703296703296 0.04945054945054945 0.29120879120879123
1 0.04395604395604396 0.20238095238095238 0.08791208791208792 0.14835164835164835
1 0.12545787545787546 0.29120879120879123 0.13553113553113552 0.3076923076923077
1 0.14194139194139194 0.07417582417582418 0.15567765567765568 0.11904761904761904
1 0.4340659340659341 0.24267399267399267 0.09340659340659341 0.36996336996337
1 0.34615384615384615 0.2783882783882784 0.11172161172161173 0.22893772893772893
1 0.23443223443223443 0.2957875457875458 0.11172161172161173 0.1813186813186813
1 0.24633699633699635 0.1043956043956044 0.10073260073260074 0.18681318681318682
1 0.3424908424908425 0.07326007326007326 0.08608058608058608 0.13553113553113552
1 0.010073260073260074 0.10073260073260074 0.020146520146520148 0.15384615384615385
1 0.597985347985348 0.2692307692307692 0.26373626373626374 0.30952380952380953
1 0.2554945054945055 0.7115384615384616 0.510989010989011 0.5769230769230769
1 0.5778388278388278 0.771978021978022 0.1794871794871795 0.45604395604395603
1 0.7939560439560439 0.9001831501831502 0.1336996336996337 0.17582417582417584
1 0.9340659340659341 0.9010989010989011 0.13186813186813187 0.1575091575091575
1 0.5412087912087912 0.9340659340659341 0.07326007326007326 0.13186813186813187
1 0.6034798534798534 0.9194139194139194 0.07875457875457875 0.15567765567765568
1 0.6904761904761905 0.8956043956043956 0.1043956043956044 0.19413919413919414