1 0.3489010989010989 0.7289377289377289 0.19230769230769232 0.5347985347985348
1 0.7875457875457875 0.8021978021978022 0.18681318681318682 0.3534798534798535
1 0.5668498168498168 0.7032967032967034 0.21062271062271062 0.5934065934065934
1 0.26465201465201466 0.9551282051282052 0.10805860805860806 0.07142857142857142
1 0.05128205128205128 0.6410256410256411 0.10256410256410256 0.3956043956043956
1 0.07417582417582418 0.22252747252747251 0.08974358974358974 0.14835164835164835
1 0.1391941391941392 0.4478021978021978 0.14835164835164835 0.5641025641025641
1 0.1858974358974359 0.0815018315018315 0.15934065934065933 0.163003663003663
1 0.9514652014652014 0.47435897435897434 0.09706959706959707 0.4981684981684982
1 0.8525641025641025 0.33791208791208793 0.09157509157509157 0.17399267399267399
1 0.8782051282051282 0.1620879120879121 0.09523809523809523 0.2271062271062271
1 0.9340659340659341 0.11996336996336997 0.13186813186813187 0.2032967032967033
1 0.7738095238095238 0.1987179487179487 0.11172161172161173 0.1794871794871795
1 0.61996336996337 0.26556776556776557 0.163003663003663 0.3021978021978022
1 0.7967032967032966 0.45604395604395603 0.23076923076923078 0.36813186813186816
1 0.10622710622710622 0.913003663003663 0.09523809523809523 0.13736263736263737
1 0.41483516483516486 0.9221611721611722 0.11904761904761904 0.15384615384615385
1 0.554945054945055 0.9716117216117216 0.07326007326007326 0.056776556776556776
1 0.47435897435897434 0.34065934065934067 0.1336996336996337 0.4432234432234432
1 0.36721611721611724 0.32967032967032966 0.11172161172161173 0.22893772893772893
1 0.25366300366300365 0.33516483516483514 0.11172161172161173 0.1813186813186813
1 0.2866300366300366 0.1382783882783883 0.10256410256410256 0.2032967032967033
1 0.38553113553113555 0.09615384615384616 0.08974358974358974 0.19230769230769232
1 0.038461538461538464 0.11446886446886446 0.045787545787545784 0.15934065934065933