1 0.05776173285198556 0.2563176895306859 0.11191335740072202 0.2996389891696751
1 0.08393501805054152 0.04963898916967509 0.14981949458483754 0.09927797833935018
1 0.3592057761732852 0.23014440433212996 0.07942238267148015 0.3628158844765343
1 0.27075812274368233 0.259927797833935 0.10288808664259928 0.22202166064981949
1 0.1588447653429603 0.26805054151624547 0.10469314079422383 0.17509025270758122
1 0.18411552346570398 0.08574007220216606 0.09386281588447654 0.17148014440433212
1 0.27978339350180503 0.061371841155234655 0.07942238267148015 0.12274368231046931
1 0.5189530685920578 0.26714801444043323 0.2509025270758123 0.296028880866426
1 0.1967509025270758 0.7012635379061372 0.3935018050541516 0.5938628158844765
1 0.463898916967509 0.7689530685920578 0.16064981949458484 0.4620938628158845
1 0.9548736462093863 0.7563176895306859 0.09025270758122744 0.48736462093862815
1 0.6678700361010831 0.907942238267148 0.1263537906137184 0.18411552346570398
1 0.8176895306859205 0.9187725631768953 0.15162454873646208 0.1624548736462094
1 0.41696750902527074 0.9259927797833934 0.06678700361010831 0.14620938628158844
1 0.47924187725631767 0.9151624548736462 0.0740072202166065 0.16967509025270758
1 0.5658844765342961 0.8889891696750902 0.09747292418772563 0.18772563176895307
1 0.9296028880866426 0.9142599277978339 0.09747292418772563 0.17148014440433212