1 0.3782051282051282 0.7243589743589743 0.18315018315018314 0.5494505494505495
1 0.8186813186813187 0.7811355311355311 0.1813186813186813 0.3498168498168498
1 0.5989010989010989 0.6932234432234432 0.19963369963369965 0.5989010989010989
1 0.29853479853479853 0.9523809523809523 0.10805860805860806 0.08608058608058608
1 0.0641025641025641 0.6327838827838828 0.1282051282051282 0.39377289377289376
1 0.03571428571428571 0.29120879120879123 0.06593406593406594 0.29120879120879123
1 0.09615384615384616 0.21428571428571427 0.08791208791208792 0.14835164835164835
1 0.16483516483516483 0.43864468864468864 0.1391941391941392 0.5622710622710623
1 0.2042124542124542 0.076007326007326 0.15567765567765568 0.152014652014652
1 0.9661172161172161 0.44963369963369965 0.06776556776556776 0.49633699633699635
1 0.8754578754578755 0.3159340659340659 0.08791208791208792 0.17399267399267399
1 0.8983516483516484 0.1401098901098901 0.09157509157509157 0.2271062271062271
1 0.945054945054945 0.1043956043956044 0.10989010989010989 0.18315018315018314
1 0.7939560439560439 0.17857142857142858 0.10805860805860806 0.17765567765567766
1 0.641941391941392 0.24816849816849818 0.15934065934065933 0.30036630036630035
1 0.8223443223443223 0.434981684981685 0.22527472527472528 0.36446886446886445
1 0.1391941391941392 0.913003663003663 0.09340659340659341 0.15384615384615385
1 0.4478021978021978 0.9157509157509157 0.11721611721611722 0.1684981684981685
1 0.5888278388278388 0.9633699633699634 0.07142857142857142 0.07326007326007326
1 0.4981684981684982 0.326007326007326 0.12637362637362637 0.4413919413919414
1 0.3901098901098901 0.31684981684981683 0.10805860805860806 0.2271062271062271
1 0.2774725274725275 0.3232600732600733 0.10805860805860806 0.1794871794871795
1 0.3067765567765568 0.12637362637362637 0.0989010989010989 0.2032967032967033
1 0.40476190476190477 0.08882783882783883 0.08424908424908426 0.17765567765567766
1 0.045787545787545784 0.10622710622710622 0.0695970695970696 0.15934065934065933