1 0.19642857142857142 0.4172077922077922 0.1672077922077922 0.4074675324675325
1 0.5332792207792207 0.46266233766233766 0.048701298701298704 0.2775974025974026
1 0.387987012987013 0.37905844155844154 0.18344155844155843 0.4659090909090909
1 0.036525974025974024 0.3969155844155844 0.07305194805194805 0.349025974025974
1 0.01948051948051948 0.12337662337662338 0.03896103896103896 0.2012987012987013
1 0.025974025974025976 0.24675324675324675 0.05194805194805195 0.4448051948051948
1 0.03571428571428571 0.05357142857142857 0.07142857142857142 0.06493506493506493
1 0.5040584415584416 0.022727272727272728 0.04707792207792208 0.045454545454545456
1 0.3977272727272727 0.0762987012987013 0.137987012987013 0.14935064935064934
1 0.5040584415584416 0.17207792207792208 0.07792207792207792 0.3198051948051948
1 0.021915584415584416 0.601461038961039 0.037337662337662336 0.05357142857142857
1 0.2727272727272727 0.5819805194805194 0.10227272727272728 0.0698051948051948
1 0.275974025974026 0.15097402597402598 0.11363636363636363 0.2840909090909091
1 0.17775974025974026 0.10633116883116883 0.09902597402597403 0.18506493506493507
1 0.07792207792207792 0.11282467532467533 0.09902597402597403 0.16071428571428573
1 0.09415584415584416 0.048701298701298704 0.08441558441558442 0.06168831168831169
1 0.1810064935064935 0.048701298701298704 0.07305194805194805 0.06818181818181818
1 0.6217532467532467 0.21996753246753248 0.19155844155844157 0.43993506493506496
1 0.8068181818181818 0.20941558441558442 0.19805194805194806 0.41883116883116883
1 0.9553571428571429 0.21185064935064934 0.07954545454545454 0.4237012987012987
1 0.31655844155844154 0.799512987012987 0.5227272727272727 0.400974025974026