1 0.33025830258302585 0.6503690036900369 0.18450184501845018 0.5571955719557196
1 0.7739852398523985 0.7066420664206642 0.18265682656826568 0.35239852398523985
1 0.5525830258302583 0.6171586715867159 0.2011070110701107 0.6033210332103321
1 0.2481549815498155 0.9142066420664207 0.11070110701107011 0.15867158671586715
1 0.03874538745387454 0.5571955719557196 0.07749077490774908 0.3948339483394834
1 0.04981549815498155 0.13468634686346864 0.07933579335793357 0.14760147601476015
1 0.11531365313653137 0.3607011070110701 0.14022140221402213 0.566420664206642
1 0.15498154981549817 0.03690036900369004 0.15498154981549817 0.07380073800738007
1 0.9446494464944649 0.3726937269372694 0.11070110701107011 0.5018450184501845
1 0.8311808118081181 0.2370848708487085 0.08856088560885608 0.1752767527675277
1 0.8523985239852399 0.09225092250922509 0.09040590405904059 0.16420664206642066
1 0.922509225092251 0.06457564575645756 0.15498154981549817 0.1070110701107011
1 0.7490774907749077 0.09870848708487084 0.1088560885608856 0.17896678966789667
1 0.5959409594095941 0.1688191881918819 0.16051660516605165 0.3025830258302583
1 0.7776752767527675 0.3570110701107011 0.22693726937269373 0.3671586715867159
1 0.09040590405904059 0.8404059040590406 0.0940959409594096 0.15867158671586715
1 0.3994464944649446 0.8773062730627307 0.11992619926199262 0.24169741697416974
1 0.5415129151291513 0.9261992619926199 0.07564575645756458 0.14760147601476015
1 0.827490774907749 0.9566420664206642 0.08671586715867159 0.08671586715867159
1 0.4511070110701107 0.24723247232472326 0.12730627306273062 0.4446494464944649
1 0.3422509225092251 0.23800738007380073 0.1088560885608856 0.22878228782287824
1 0.22785977859778597 0.24538745387453875 0.1088560885608856 0.18081180811808117
1 0.2555350553505535 0.07380073800738007 0.09778597785977859 0.14760147601476015
1 0.3551660516605166 0.048892988929889296 0.08302583025830258 0.09778597785977859