1 0.46790540540540543 0.6503378378378378 0.1875 0.5152027027027027
1 0.8775337837837838 0.6587837837837838 0.17736486486486486 0.3277027027027027
1 0.6672297297297297 0.5988175675675675 0.20270270270270271 0.5574324324324325
1 0.4189189189189189 0.9121621621621622 0.10810810810810811 0.17567567567567569
1 0.13091216216216217 0.5996621621621622 0.21283783783783783 0.3716216216216216
1 0.07347972972972973 0.28885135135135137 0.14695945945945946 0.27702702702702703
1 0.15962837837837837 0.20861486486486486 0.08445945945945946 0.13851351351351351
1 0.24493243243243243 0.4079391891891892 0.14527027027027026 0.5219594594594594
1 0.24662162162162163 0.0785472972972973 0.14695945945945946 0.13344594594594594
1 0.9704391891891891 0.3403716216216216 0.05912162162162162 0.4577702702702703
1 0.8851351351351351 0.22635135135135134 0.08614864864864864 0.16216216216216217
1 0.8885135135135135 0.08445945945945946 0.09121621621621621 0.16891891891891891
1 0.9239864864864865 0.05574324324324324 0.09797297297297297 0.11148648648648649
1 0.7972972972972973 0.10810810810810811 0.10472972972972973 0.16722972972972974
1 0.6638513513513513 0.1875 0.1554054054054054 0.28040540540540543
1 0.8471283783783784 0.34121621621621623 0.2179054054054054 0.34290540540540543
1 0.2677364864864865 0.8462837837837838 0.09121621621621621 0.14695945945945946
1 0.10135135135135136 0.9594594594594594 0.07094594594594594 0.08108108108108109
1 0.5532094594594594 0.8690878378378378 0.11993243243243243 0.26182432432432434
1 0.6891891891891891 0.902027027027027 0.07601351351351351 0.17567567567567569
1 0.9527027027027027 0.9070945945945946 0.08445945945945946 0.13006756756756757
1 0.5388513513513513 0.2719594594594595 0.13175675675675674 0.41047297297297297
1 0.4391891891891892 0.27364864864864863 0.10641891891891891 0.21283783783783783
1 0.33614864864864863 0.29138513513513514 0.10641891891891891 0.16891891891891891
1 0.34459459459459457 0.10810810810810811 0.09628378378378379 0.1891891891891892
1 0.43243243243243246 0.07432432432432433 0.08277027027027027 0.14695945945945946
1 0.08361486486486487 0.11655405405405406 0.1097972972972973 0.15202702702702703