1 0.1840277777777778 0.3923611111111111 0.17881944444444445 0.4357638888888889
1 0.5364583333333334 0.4774305555555556 0.052083333333333336 0.296875
1 0.3923611111111111 0.3723958333333333 0.19618055555555555 0.4982638888888889
1 0.026909722222222224 0.3524305555555556 0.05381944444444445 0.3715277777777778
1 0.03211805555555555 0.08333333333333333 0.03298611111111111 0.16666666666666666
1 0.025173611111111112 0.21354166666666666 0.046875 0.4270833333333333
1 0.057291666666666664 0.010416666666666666 0.06597222222222222 0.020833333333333332
1 0.5546875 0.016493055555555556 0.050347222222222224 0.029513888888888888
1 0.4348958333333333 0.06510416666666667 0.14756944444444445 0.13020833333333334
1 0.5381944444444444 0.1684027777777778 0.08333333333333333 0.3368055555555556
1 0.2465277777777778 0.5755208333333334 0.109375 0.07465277777777778
1 0.2977430555555556 0.1345486111111111 0.11979166666666667 0.2690972222222222
1 0.19791666666666666 0.07899305555555555 0.10416666666666667 0.1579861111111111
1 0.09114583333333333 0.0703125 0.10590277777777778 0.140625
1 0.1154513888888889 0.010416666666666666 0.08854166666666667 0.020833333333333332
1 0.20833333333333334 0.017361111111111112 0.0763888888888889 0.034722222222222224
1 0.6579861111111112 0.234375 0.2048611111111111 0.4618055555555556
1 0.8576388888888888 0.2387152777777778 0.21006944444444445 0.4496527777777778
1 0.9869791666666666 0.2552083333333333 0.026041666666666668 0.4583333333333333
1 0.2734375 0.7986111111111112 0.546875 0.4027777777777778