1 0.33636363636363636 0.7 0.2109090909090909 0.5563636363636364
1 0.77 0.7781818181818182 0.19636363636363635 0.35454545454545455
1 0.5563636363636364 0.6790909090909091 0.2290909090909091 0.6018181818181818
1 0.24454545454545454 0.9290909090909091 0.11272727272727273 0.10909090909090909
1 0.05090909090909091 0.5936363636363636 0.10181818181818182 0.39454545454545453
1 0.08272727272727273 0.17909090909090908 0.09454545454545454 0.1509090909090909
1 0.14 0.40454545454545454 0.16545454545454547 0.5636363636363636
1 0.19727272727272727 0.06363636363636363 0.1618181818181818 0.12727272727272726
1 0.9436363636363636 0.46 0.11272727272727273 0.49818181818181817
1 0.850909090909091 0.32 0.09636363636363636 0.17636363636363636
1 0.8818181818181818 0.14636363636363636 0.10181818181818182 0.2290909090909091
1 0.9354545454545454 0.12090909090909091 0.1290909090909091 0.18
1 0.7772727272727272 0.17909090909090908 0.11636363636363636 0.18181818181818182
1 0.6218181818181818 0.2409090909090909 0.17272727272727273 0.30363636363636365
1 0.7909090909090909 0.4354545454545454 0.24181818181818182 0.3709090909090909
1 0.09 0.8745454545454545 0.1 0.16
1 0.39454545454545453 0.9018181818181819 0.12545454545454546 0.19090909090909092
1 0.5327272727272727 0.9545454545454546 0.07636363636363637 0.09090909090909091
1 0.8118181818181818 0.9918181818181818 0.08545454545454545 0.016363636363636365
1 0.47545454545454546 0.31 0.14909090909090908 0.44181818181818183
1 0.3690909090909091 0.29545454545454547 0.11818181818181818 0.2290909090909091
1 0.25727272727272726 0.2963636363636364 0.11636363636363636 0.18363636363636363
1 0.2963636363636364 0.10272727272727272 0.10727272727272727 0.20545454545454545
1 0.39545454545454545 0.08 0.09272727272727273 0.16
1 0.05272727272727273 0.07454545454545454 0.04727272727272727 0.14909090909090908