0 0.66595468005665 0.7260383984760983 0.07437620702974113 0.36320484719876023
0 0.8500386249517189 0.6851064978337452 0.0562958671301661 0.25751854075242653
0 0.9192957383803271 0.6324579274998798 0.03516158104802369 0.15619247945819578
0 0.952893008883739 0.6390141795455286 0.04828118964851291 0.16533191863630656
0 0.052818333977082535 0.6713884041379888 0.06092699884125145 0.17051616275841103
0 0.1251654435431956 0.6650326916007018 0.035672717909102605 0.15780076660446354
0 0.014354319557100554 0.6596717344464766 0.028708639114201108 0.17487839345020093
0 0.23497231878460154 0.6566854827576044 0.026111754860306424 0.13316816125064188
0 0.4269087163641046 0.6435729786663069 0.0211587485515643 0.0989970232416728
0 0.98681640625 0.6370481927710844 0.0263671875 0.13403614457831325
0 0.6162675421655723 0.7166924631705656 0.041953135058581115 0.29289093027187935
0 0.5628466589416764 0.6324460142617594 0.014936268829663923 0.07674507997226457