1 0.4472843450479233 0.23003194888178913 0.17891373801916932 0.46006389776357826
1 0.02156549520766773 0.23003194888178913 0.04313099041533546 0.46006389776357826
1 0.015175718849840255 0.23322683706070288 0.03035143769968051 0.46645367412140576
1 0.051118210862619806 0.2507987220447284 0.10223642172523961 0.5015974440894568
1 0.10862619808306709 0.24361022364217252 0.06389776357827476 0.48722044728434505
1 0.21485623003194887 0.21485623003194887 0.07827476038338659 0.42971246006389774
1 0.30670926517571884 0.26198083067092653 0.07188498402555911 0.3450479233226837
1 0.3570287539936102 0.22284345047923323 0.07507987220447285 0.44568690095846647
1 0.4960063897763578 0.33785942492012777 0.07348242811501597 0.20926517571884984
1 0.8522364217252396 0.1389776357827476 0.1900958466453674 0.2779552715654952
1 0.43130990415335463 0.8115015974440895 0.2108626198083067 0.28434504792332266
1 0.6062300319488818 0.7731629392971247 0.1389776357827476 0.20766773162939298