1 0.230327868852459 0.22540983606557377 0.18032786885245902 0.2360655737704918
1 0.1418032786885246 0.23934426229508196 0.08032786885245902 0.21311475409836064
1 0.03934426229508197 0.2762295081967213 0.07868852459016394 0.1557377049180328
1 0.5704918032786885 0.045081967213114756 0.11147540983606558 0.09016393442622951
1 0.41065573770491803 0.04180327868852459 0.08360655737704918 0.07868852459016394
1 0.3959016393442623 0.23934426229508196 0.03114754098360656 0.13278688524590163
1 0.39918032786885244 0.0680327868852459 0.060655737704918035 0.12786885245901639
1 0.4131147540983607 0.14918032786885246 0.08852459016393442 0.2934426229508197
1 0.41065573770491803 0.03934426229508197 0.08360655737704918 0.07377049180327869
1 0.9278688524590164 0.027868852459016394 0.08524590163934426 0.05573770491803279
1 0.8655737704918033 0.07950819672131147 0.10819672131147541 0.15901639344262294
1 0.4163934426229508 0.051639344262295085 0.09508196721311475 0.1
1 0.6262295081967213 0.04836065573770492 0.1180327868852459 0.09672131147540984
1 0.5672131147540984 0.02459016393442623 0.07868852459016394 0.04918032786885246
1 0.5254098360655738 0.1778688524590164 0.07213114754098361 0.10327868852459017
1 0.21885245901639344 0.7081967213114754 0.4377049180327869 0.5836065573770491
1 0.8483606557377049 0.7475409836065574 0.28852459016393445 0.4737704918032787