1 0.44454225352112675 0.22975352112676056 0.2658450704225352 0.4595070422535211
1 0.035211267605633804 0.2649647887323944 0.07042253521126761 0.4524647887323944
1 0.058098591549295774 0.261443661971831 0.10915492957746478 0.4524647887323944
1 0.1857394366197183 0.3767605633802817 0.10211267605633803 0.20246478873239437
1 0.2904929577464789 0.41813380281690143 0.08626760563380281 0.10035211267605634
1 0.3415492957746479 0.35827464788732394 0.10035211267605634 0.2112676056338028
1 0.9436619718309859 0.07042253521126761 0.0528169014084507 0.14084507042253522
1 0.8714788732394366 0.05017605633802817 0.11619718309859155 0.10035211267605634
1 0.7922535211267606 0.04401408450704225 0.05985915492957746 0.0880281690140845
1 0.7227112676056338 0.06690140845070422 0.12147887323943662 0.13380281690140844
1 0.6399647887323944 0.22007042253521128 0.20246478873239437 0.44014084507042256
1 0.6294014084507042 0.8345070422535211 0.056338028169014086 0.25704225352112675
1 0.8424295774647887 0.6848591549295775 0.07746478873239436 0.13908450704225353
1 0.721830985915493 0.7147887323943662 0.051056338028169015 0.11443661971830986
1 0.6241197183098591 0.8450704225352113 0.03169014084507042 0.11619718309859155
1 0.6205985915492958 0.7825704225352113 0.03345070422535211 0.10387323943661972
1 0.7676056338028169 0.6786971830985915 0.051056338028169015 0.13380281690140844
1 0.6663732394366197 0.733274647887324 0.0528169014084507 0.15492957746478872
1 0.6311619718309859 0.8846830985915493 0.04225352112676056 0.1742957746478873
1 0.6223591549295775 0.8204225352112676 0.03697183098591549 0.15492957746478872
1 0.8758802816901409 0.4551056338028169 0.03697183098591549 0.05457746478873239
1 0.8380281690140845 0.9357394366197183 0.11619718309859155 0.08098591549295775
1 0.602112676056338 0.6294014084507042 0.022887323943661973 0.07746478873239436
1 0.8899647887323944 0.5801056338028169 0.04753521126760563 0.0897887323943662
1 0.9128521126760564 0.7658450704225352 0.1056338028169014 0.18309859154929578
1 0.7526408450704225 0.8397887323943662 0.09683098591549295 0.20598591549295775
1 0.6100352112676056 0.6963028169014085 0.02464788732394366 0.06690140845070422
1 0.9779929577464789 0.7605633802816901 0.04401408450704225 0.2007042253521127
1 0.6153169014084507 0.6681338028169014 0.061619718309859156 0.301056338028169
1 0.5941901408450704 0.4876760563380282 0.03345070422535211 0.09859154929577464
1 0.9894366197183099 0.9401408450704225 0.02112676056338028 0.03873239436619718
1 0.9295774647887324 0.9401408450704225 0.08626760563380281 0.05457746478873239
1 0.7174295774647887 0.6029929577464789 0.058098591549295774 0.15845070422535212
1 0.6558098591549296 0.5977112676056338 0.04753521126760563 0.15140845070422534
1 0.8345070422535211 0.5748239436619719 0.05457746478873239 0.11795774647887323