1 0.13528481012658228 0.3528481012658228 0.27056962025316456 0.5886075949367089
1 0.4264240506329114 0.2713607594936709 0.02531645569620253 0.12658227848101267
1 0.4240506329113924 0.30933544303797467 0.015822784810126583 0.08544303797468354
1 0.43591772151898733 0.2389240506329114 0.05063291139240506 0.21835443037974683
1 0.4264240506329114 0.30300632911392406 0.022151898734177215 0.11075949367088607
1 0.4272151898734177 0.2745253164556962 0.02531645569620253 0.0981012658227848
1 0.42563291139240506 0.37341772151898733 0.014240506329113924 0.06487341772151899
1 0.5727848101265823 0.1985759493670886 0.3322784810126582 0.3971518987341772
1 0.9794303797468354 0.09177215189873418 0.0189873417721519 0.18354430379746836
1 0.9414556962025317 0.08860759493670886 0.0949367088607595 0.17721518987341772
1 0.8401898734177216 0.056962025316455694 0.11392405063291139 0.11392405063291139
1 0.8227848101265823 0.14556962025316456 0.07911392405063292 0.13765822784810128
1 0.7587025316455697 0.08781645569620253 0.055379746835443035 0.09968354430379747
1 0.7112341772151899 0.14240506329113925 0.055379746835443035 0.10126582278481013
1 0.6590189873417721 0.13291139240506328 0.08544303797468354 0.1787974683544304
1 0.6068037974683544 0.19462025316455697 0.04113924050632911 0.11234177215189874
1 0.28718354430379744 0.8164556962025317 0.30854430379746833 0.3670886075949367
1 0.557753164556962 0.9121835443037974 0.03481012658227848 0.08386075949367089
1 0.8757911392405063 0.9620253164556962 0.030063291139240507 0.05221518987341772
1 0.45174050632911394 0.8829113924050633 0.03322784810126582 0.11867088607594936
1 0.44145569620253167 0.8227848101265823 0.014240506329113924 0.061708860759493674
1 0.8227848101265823 0.8536392405063291 0.030063291139240507 0.07911392405063292
1 0.6416139240506329 0.8306962025316456 0.01740506329113924 0.03955696202531646
1 0.9746835443037974 0.870253164556962 0.02689873417721519 0.04430379746835443
1 0.995253164556962 0.8694620253164557 0.00949367088607595 0.0490506329113924
1 0.9541139240506329 0.9295886075949367 0.03164556962025317 0.061708860759493674
1 0.7056962025316456 0.9177215189873418 0.022151898734177215 0.0490506329113924
1 0.6930379746835443 0.9517405063291139 0.022151898734177215 0.05379746835443038
1 0.7982594936708861 0.8314873417721519 0.020569620253164556 0.0490506329113924
1 0.9177215189873418 0.8868670886075949 0.03481012658227848 0.10759493670886076
1 0.8892405063291139 0.8868670886075949 0.03164556962025317 0.09651898734177215
1 0.5332278481012658 0.9786392405063291 0.028481012658227847 0.04272151898734177
1 0.7705696202531646 0.8322784810126582 0.020569620253164556 0.0490506329113924
1 0.4438291139240506 0.9026898734177216 0.012658227848101266 0.06329113924050633
1 0.7033227848101266 0.9849683544303798 0.04272151898734177 0.01740506329113924
1 0.6170886075949367 0.9485759493670886 0.04746835443037975 0.09651898734177215
1 0.49604430379746833 0.9881329113924051 0.04588607594936709 0.023734177215189875
1 0.5205696202531646 0.8552215189873418 0.03955696202531646 0.14715189873417722
1 0.4501582278481013 0.9082278481012658 0.028481012658227847 0.14082278481012658
1 0.44699367088607594 0.8386075949367089 0.02689873417721519 0.14715189873417722
1 0.4430379746835443 0.8346518987341772 0.0189873417721519 0.11708860759493671
1 0.9311708860759493 0.7990506329113924 0.04430379746835443 0.04746835443037975
1 0.8536392405063291 0.8330696202531646 0.028481012658227847 0.09335443037974683
1 0.7215189873417721 0.7792721518987342 0.028481012658227847 0.07753164556962025
1 0.6843354430379747 0.9011075949367089 0.02689873417721519 0.061708860759493674
1 0.7555379746835443 0.9841772151898734 0.023734177215189875 0.015822784810126583
1 0.47705696202531644 0.7745253164556962 0.028481012658227847 0.06487341772151899
1 0.6661392405063291 0.8235759493670886 0.01740506329113924 0.04588607594936709
1 0.4438291139240506 0.8583860759493671 0.01740506329113924 0.07278481012658228
1 0.44462025316455694 0.9556962025316456 0.011075949367088608 0.03955696202531646
1 0.44066455696202533 0.7935126582278481 0.015822784810126583 0.0759493670886076
1 0.9920886075949367 0.9683544303797469 0.015822784810126583 0.028481012658227847