1 0.3440677966101695 0.26016949152542374 0.5016949152542373 0.5203389830508475
1 0.8305084745762712 0.2754237288135593 0.3389830508474576 0.5338983050847458
1 0.0923728813559322 0.55 0.10508474576271186 0.1135593220338983
1 0.08813559322033898 0.7550847457627119 0.17627118644067796 0.3440677966101695
1 0.22542372881355932 0.6855932203389831 0.1288135593220339 0.2830508474576271
1 0.20423728813559322 0.5533898305084746 0.10508474576271186 0.10847457627118644
1 0.06949152542372881 0.5516949152542373 0.13898305084745763 0.12372881355932204
1 0.49915254237288137 0.6101694915254238 0.2033898305084746 0.19661016949152543
1 0.18559322033898304 0.5644067796610169 0.12372881355932204 0.13389830508474576
1 0.012711864406779662 0.5508474576271186 0.025423728813559324 0.12203389830508475
1 0.6338983050847458 0.5711864406779661 0.05593220338983051 0.09661016949152543
1 0.6084745762711864 0.5745762711864407 0.10677966101694915 0.10847457627118644
1 0.8169491525423729 0.7627118644067796 0.36271186440677966 0.4745762711864407