1 0.13861386138613863 0.3127062706270627 0.27722772277227725 0.6221122112211221
1 0.43316831683168316 0.26567656765676567 0.033003300330033 0.13366336633663367
1 0.42574257425742573 0.30445544554455445 0.02145214521452145 0.0891089108910891
1 0.44801980198019803 0.23267326732673269 0.06435643564356436 0.22937293729372937
1 0.4298679867986799 0.2986798679867987 0.0297029702970297 0.11716171617161716
1 0.43399339933993397 0.26897689768976896 0.03135313531353135 0.10396039603960396
1 0.41996699669966997 0.3712871287128713 0.019801980198019802 0.06930693069306931
1 0.594059405940594 0.21204620462046206 0.36633663366336633 0.4240924092409241
1 0.9678217821782178 0.13696369636963696 0.06435643564356436 0.19801980198019803
1 0.8910891089108911 0.09323432343234324 0.12376237623762376 0.132013201320132
1 0.8597359735973598 0.18564356435643564 0.0891089108910891 0.14686468646864687
1 0.8011551155115512 0.11798679867986799 0.0627062706270627 0.10726072607260725
1 0.745049504950495 0.16831683168316833 0.0627062706270627 0.10891089108910891
1 0.6922442244224423 0.15181518151815182 0.09735973597359736 0.18976897689768976
1 0.6295379537953796 0.20874587458745875 0.04950495049504951 0.1188118811881188
1 0.22112211221122113 0.8011551155115512 0.33828382838283827 0.37623762376237624
1 0.4884488448844885 0.9455445544554455 0.039603960396039604 0.0891089108910891
1 0.382013201320132 0.9018151815181518 0.039603960396039604 0.12376237623762376
1 0.3795379537953795 0.8382838283828383 0.018151815181518153 0.066006600660066
1 0.7698019801980198 0.9183168316831684 0.034653465346534656 0.08250825082508251
1 0.584983498349835 0.8721122112211221 0.019801980198019802 0.0429042904290429
1 0.9249174917491749 0.9554455445544554 0.0297029702970297 0.0462046204620462
1 0.9521452145214522 0.9579207920792079 0.024752475247524754 0.052805280528052806
1 0.8960396039603961 0.9900990099009901 0.036303630363036306 0.019801980198019802
1 0.6402640264026402 0.9702970297029703 0.026402640264026403 0.052805280528052806
1 0.6229372937293729 0.9867986798679867 0.024752475247524754 0.026402640264026403
1 0.7475247524752475 0.8927392739273927 0.024752475247524754 0.052805280528052806
1 0.8646864686468647 0.9546204620462047 0.0429042904290429 0.09075907590759076
1 0.8341584158415841 0.9554455445544554 0.037953795379537955 0.0891089108910891
1 0.7186468646864687 0.8902640264026402 0.024752475247524754 0.052805280528052806
1 0.3712871287128713 0.9207920792079208 0.0165016501650165 0.066006600660066
1 0.5453795379537953 0.9694719471947195 0.05115511551155116 0.06105610561056106
1 0.45627062706270627 0.8820132013201321 0.04950495049504951 0.1551155115511551
1 0.3778877887788779 0.9224422442244224 0.036303630363036306 0.13861386138613863
1 0.38283828382838286 0.8547854785478548 0.036303630363036306 0.1551155115511551
1 0.3787128712871287 0.8506600660066007 0.024752475247524754 0.12376237623762376
1 0.8886138613861386 0.8762376237623762 0.04785478547854786 0.05115511551155116
1 0.8044554455445545 0.900990099009901 0.034653465346534656 0.09735973597359736
1 0.6740924092409241 0.8292079207920792 0.033003300330033 0.08085808580858085
1 0.6204620462046204 0.9504950495049505 0.03135313531353135 0.06435643564356436
1 0.42244224422442245 0.7929042904290429 0.033003300330033 0.06765676567656766
1 0.6122112211221122 0.8679867986798679 0.019801980198019802 0.04950495049504951
1 0.37706270627062705 0.8754125412541254 0.02145214521452145 0.07755775577557755
1 0.3655115511551155 0.9727722772277227 0.013201320132013201 0.034653465346534656
1 0.382013201320132 0.8077557755775577 0.019801980198019802 0.08085808580858085