1 0.32741935483870965 0.22661290322580646 0.16451612903225807 0.4
1 0.6919354838709677 0.1588709677419355 0.10483870967741936 0.2854838709677419
1 0.9185483870967742 0.07338709677419354 0.08548387096774193 0.12096774193548387
1 0.853225806451613 0.03790322580645161 0.056451612903225805 0.0532258064516129
1 0.8120967741935484 0.025806451612903226 0.06290322580645161 0.03225806451612903
1 0.9701612903225807 0.029838709677419355 0.05 0.02903225806451613
1 0.7524193548387097 0.03225806451612903 0.06451612903225806 0.04838709677419355
1 0.9604838709677419 0.11048387096774194 0.07903225806451612 0.19193548387096773
1 0.5516129032258065 0.2056451612903226 0.06290322580645161 0.17903225806451614
1 0.7895161290322581 0.027419354838709678 0.0467741935483871 0.037096774193548385
1 0.8161290322580645 0.03387096774193549 0.037096774193548385 0.04838709677419355
1 0.9185483870967742 0.03225806451612903 0.04032258064516129 0.037096774193548385
1 0.06612903225806452 0.7 0.13225806451612904 0.5741935483870968
1 0.6895161290322581 0.6685483870967742 0.6209677419354839 0.4854838709677419