1 0.24190647482014388 0.27428057553956836 0.18345323741007194 0.4460431654676259
1 0.6483812949640287 0.19874100719424462 0.11690647482014388 0.3183453237410072
1 0.9010791366906474 0.09082733812949641 0.09532374100719425 0.15827338129496402
1 0.829136690647482 0.051258992805755396 0.06474820143884892 0.08273381294964029
1 0.7823741007194245 0.03866906474820144 0.07014388489208633 0.05935251798561151
1 0.9955035971223022 0.046762589928057555 0.008992805755395683 0.06115107913669065
1 0.9586330935251799 0.04226618705035971 0.05575539568345324 0.05575539568345324
1 0.716726618705036 0.044964028776978415 0.07194244604316546 0.07733812949640288
1 0.9523381294964028 0.13309352517985612 0.09532374100719425 0.23741007194244604
1 0.4919064748201439 0.25089928057553956 0.07014388489208633 0.19964028776978418
1 0.7571942446043165 0.040467625899280574 0.052158273381294966 0.06474820143884892
1 0.7877697841726619 0.047661870503597124 0.04136690647482014 0.07733812949640288
1 0.9010791366906474 0.044964028776978415 0.044964028776978415 0.06474820143884892
1 0.6492805755395683 0.7482014388489209 0.697841726618705 0.5035971223021583