1 0.04952076677316294 0.33226837060702874 0.09904153354632587 0.4057507987220447
1 0.029552715654952075 0.34105431309904155 0.05910543130990415 0.38817891373801916
1 0.25559105431309903 0.323482428115016 0.46006389776357826 0.4233226837060703
1 0.6142172523961661 0.26757188498402557 0.08466453674121406 0.5351437699680511
1 0.597444089456869 0.3306709265175719 0.051118210862619806 0.40894568690095845
1 0.6733226837060703 0.26757188498402557 0.15495207667731628 0.5351437699680511
1 0.694888178913738 0.36661341853035145 0.03514376996805112 0.33706070287539935
1 0.7563897763578274 0.46246006389776356 0.05591054313099041 0.14536741214057508
1 0.7819488817891374 0.4504792332268371 0.03035143769968051 0.16932907348242812
1 0.84185303514377 0.41214057507987223 0.08626198083067092 0.24600638977635783
1 0.9313099041533547 0.26757188498402557 0.13738019169329074 0.5351437699680511
1 0.04952076677316294 0.7851437699680511 0.09904153354632587 0.1389776357827476
1 0.6765175718849841 0.7212460063897763 0.20926517571884984 0.3722044728434505