1 0.036101083032490974 0.3095667870036101 0.07220216606498195 0.4602888086642599
1 0.25541516245487367 0.3095667870036101 0.5108303249097473 0.5036101083032491
1 0.6453068592057761 0.2888086642599278 0.12454873646209386 0.5667870036101083
1 0.6245487364620939 0.33844765342960287 0.0812274368231047 0.463898916967509
1 0.7120938628158845 0.2924187725631769 0.20397111913357402 0.572202166064982
1 0.7319494584837545 0.3844765342960289 0.05956678700361011 0.38267148014440433
1 0.796028880866426 0.4963898916967509 0.07220216606498195 0.16787003610108303
1 0.8249097472924187 0.48465703971119134 0.04512635379061372 0.1931407942238267
1 0.8953068592057761 0.44494584837545126 0.11191335740072202 0.2833935018050541
1 0.9557761732851986 0.30505415162454874 0.08844765342960288 0.5667870036101083
1 0.019855595667870037 0.8194945848375451 0.039711191335740074 0.1588447653429603
1 0.6904332129963899 0.7833935018050542 0.2581227436823105 0.4332129963898917