1 0.033928571428571426 0.06517857142857143 0.06785714285714285 0.13035714285714287
1 0.14107142857142857 0.06964285714285715 0.15 0.1392857142857143
1 0.2580357142857143 0.06785714285714285 0.06964285714285715 0.1357142857142857
1 0.5714285714285714 0.4035714285714286 0.39285714285714285 0.3392857142857143
1 0.07678571428571429 0.8303571428571429 0.15357142857142858 0.3392857142857143
1 0.6446428571428572 0.6169642857142857 0.05357142857142857 0.0875
1 0.9839285714285714 0.9357142857142857 0.03214285714285714 0.12857142857142856
1 0.5580357142857143 0.9821428571428571 0.07678571428571429 0.03571428571428571
1 0.5883928571428572 0.6223214285714286 0.06607142857142857 0.09821428571428571
1 0.7142857142857143 0.6946428571428571 0.04642857142857143 0.09821428571428571
1 0.56875 0.6589285714285714 0.05357142857142857 0.12857142857142856
1 0.6589285714285714 0.6357142857142857 0.07142857142857142 0.125
1 0.7616071428571428 0.5973214285714286 0.044642857142857144 0.048214285714285716
1 0.9919642857142857 0.5955357142857143 0.01607142857142857 0.044642857142857144
1 0.40714285714285714 0.6205357142857143 0.05 0.09464285714285714
1 0.4660714285714286 0.7794642857142857 0.06607142857142857 0.11607142857142858
1 0.5151785714285714 0.84375 0.07321428571428572 0.16071428571428573
1 0.9928571428571429 0.5982142857142857 0.014285714285714285 0.05
1 0.5089285714285714 0.9616071428571429 0.05 0.07678571428571429
1 0.49910714285714286 0.5973214285714286 0.044642857142857144 0.048214285714285716
1 0.8678571428571429 0.5973214285714286 0.03214285714285714 0.048214285714285716
1 0.70625 0.9651785714285714 0.0625 0.06964285714285715
1 0.4982142857142857 0.6026785714285714 0.04285714285714286 0.05892857142857143
1 0.5169642857142858 0.6071428571428571 0.05178571428571429 0.06785714285714285
1 0.8910714285714286 0.9696428571428571 0.03214285714285714 0.060714285714285714
1 0.8964285714285715 0.6 0.02857142857142857 0.05357142857142857
1 0.7160714285714286 0.6035714285714285 0.03571428571428571 0.060714285714285714
1 0.9741071428571428 0.5964285714285714 0.026785714285714284 0.04642857142857143
1 0.5276785714285714 0.6 0.04107142857142857 0.05357142857142857
1 0.6071428571428571 0.9401785714285714 0.07142857142857142 0.11964285714285715
1 0.3053571428571429 0.5946428571428571 0.025 0.04285714285714286
1 0.41696428571428573 0.5991071428571428 0.033928571428571426 0.05178571428571429
1 0.45535714285714285 0.5991071428571428 0.04285714285714286 0.05178571428571429
1 0.99375 0.5919642857142857 0.0125 0.0375
1 0.8 0.9464285714285714 0.026785714285714284 0.08571428571428572
1 0.7660714285714286 0.6008928571428571 0.03214285714285714 0.055357142857142855
1 0.45 0.5875 0.025 0.02857142857142857
1 0.3776785714285714 0.6232142857142857 0.07678571428571429 0.1
1 0.48392857142857143 0.6848214285714286 0.07321428571428572 0.11428571428571428
1 0.68125 0.6142857142857143 0.044642857142857144 0.08214285714285714
1 0.8008928571428572 0.5892857142857143 0.048214285714285716 0.03214285714285714
1 0.3107142857142857 0.6857142857142857 0.03571428571428571 0.07857142857142857
1 0.325 0.9303571428571429 0.06428571428571428 0.1392857142857143
1 0.8455357142857143 0.95 0.055357142857142855 0.1
1 0.8285714285714286 0.6044642857142857 0.03214285714285714 0.0625
1 0.56875 0.60625 0.04107142857142857 0.06607142857142857
1 0.56875 0.7571428571428571 0.04285714285714286 0.08571428571428572
1 0.40535714285714286 0.5946428571428571 0.04642857142857143 0.04285714285714286
1 0.7678571428571429 0.85 0.033928571428571426 0.09464285714285714
1 0.84375 0.5964285714285714 0.033928571428571426 0.04642857142857143
1 0.7258928571428571 0.6044642857142857 0.04107142857142857 0.0625
1 0.7892857142857143 0.6803571428571429 0.0375 0.09464285714285714
1 0.7839285714285714 0.9830357142857142 0.075 0.033928571428571426
1 0.8678571428571429 0.8232142857142857 0.023214285714285715 0.05714285714285714
1 0.9848214285714286 0.6071428571428571 0.030357142857142857 0.06785714285714285
1 0.3392857142857143 0.5991071428571428 0.07142857142857142 0.05178571428571429
1 0.75 0.5973214285714286 0.02857142857142857 0.048214285714285716
1 0.9928571428571429 0.7098214285714286 0.014285714285714285 0.1767857142857143