1 0.19435483870967743 0.3040322580645161 0.38870967741935486 0.13064516129032258
1 0.3951612903225806 0.3096774193548387 0.17258064516129032 0.06290322580645161
1 0.8104838709677419 0.06935483870967742 0.31451612903225806 0.13870967741935483
1 0.04596774193548387 0.853225806451613 0.05 0.1870967741935484
1 0.06048387096774194 0.978225806451613 0.043548387096774194 0.043548387096774194
1 0.056451612903225805 0.9758064516129032 0.03870967741935484 0.04838709677419355
1 0.4491935483870968 0.9709677419354839 0.10806451612903226 0.05806451612903226
1 0.31129032258064515 0.964516129032258 0.08709677419354839 0.07096774193548387
1 0.47258064516129034 0.8911290322580645 0.06612903225806452 0.1064516129032258
1 0.5435483870967742 0.8798387096774194 0.07419354838709677 0.1338709677419355
1 0.09516129032258064 0.771774193548387 0.07741935483870968 0.1403225806451613
1 0.036290322580645164 0.8604838709677419 0.03064516129032258 0.19516129032258064
1 0.021774193548387097 0.625 0.035483870967741936 0.1064516129032258
1 0.008870967741935484 0.5491935483870968 0.017741935483870968 0.12741935483870967
1 0.4266129032258065 0.9290322580645162 0.05806451612903226 0.10483870967741936
1 0.18870967741935485 0.7161290322580646 0.11451612903225807 0.2161290322580645
1 0.02338709677419355 0.6766129032258065 0.03225806451612903 0.14193548387096774
1 0.17903225806451614 0.9387096774193548 0.15806451612903225 0.12258064516129032
1 0.2854838709677419 0.7911290322580645 0.16612903225806452 0.3370967741935484
1 0.3870967741935484 0.6846774193548387 0.13709677419354838 0.3016129032258065
1 0.48870967741935484 0.6741935483870968 0.14838709677419354 0.2532258064516129
1 0.1282258064516129 0.6104838709677419 0.08548387096774193 0.18870967741935485
1 0.6459677419354839 0.9475806451612904 0.08387096774193549 0.08870967741935484