1 0.048561151079136694 0.06564748201438848 0.09712230215827339 0.10251798561151079
1 0.16996402877697842 0.06564748201438848 0.15467625899280577 0.11330935251798561
1 0.28776978417266186 0.05935251798561151 0.0737410071942446 0.10611510791366907
1 0.6142086330935251 0.36960431654676257 0.4064748201438849 0.35611510791366907
1 0.11061151079136691 0.8210431654676259 0.210431654676259 0.3579136690647482
1 0.6951438848920863 0.5818345323741008 0.05755395683453238 0.08992805755395683
1 0.6214028776978417 0.9658273381294964 0.07913669064748201 0.06294964028776978
1 0.6393884892086331 0.5899280575539568 0.07014388489208633 0.10071942446043165
1 0.7679856115107914 0.658273381294964 0.050359712230215826 0.10071942446043165
1 0.6205035971223022 0.6267985611510791 0.05755395683453238 0.13129496402877697
1 0.710431654676259 0.6007194244604317 0.07553956834532374 0.12769784172661872
1 0.8120503597122302 0.5584532374100719 0.046762589928057555 0.050359712230215826
1 0.4568345323741007 0.5944244604316546 0.0539568345323741 0.09712230215827339
1 0.5215827338129496 0.7517985611510791 0.07014388489208633 0.11870503597122302
1 0.572841726618705 0.814748201438849 0.07913669064748201 0.16366906474820145
1 0.5710431654676259 0.9469424460431655 0.0539568345323741 0.10431654676258993
1 0.5485611510791367 0.5674460431654677 0.046762589928057555 0.050359712230215826
1 0.9190647482014388 0.5548561151079137 0.0341726618705036 0.050359712230215826
1 0.7697841726618705 0.9433453237410072 0.06654676258992806 0.09712230215827339
1 0.5476618705035972 0.572841726618705 0.044964028776978415 0.06115107913669065
1 0.5665467625899281 0.5764388489208633 0.0539568345323741 0.07014388489208633
1 0.9559352517985612 0.9415467625899281 0.03597122302158273 0.08812949640287769
1 0.947841726618705 0.5566546762589928 0.030575539568345324 0.05575539568345324
1 0.7670863309352518 0.5665467625899281 0.03776978417266187 0.06294964028776978
1 0.5773381294964028 0.5692446043165468 0.04316546762589928 0.05575539568345324
1 0.6690647482014388 0.9217625899280576 0.07733812949640288 0.1474820143884892
1 0.3534172661870504 0.5719424460431655 0.02697841726618705 0.04316546762589928
1 0.4658273381294964 0.5719424460431655 0.03597122302158273 0.0539568345323741
1 0.5044964028776978 0.5710431654676259 0.044964028776978415 0.0539568345323741
1 0.8633093525179856 0.908273381294964 0.030575539568345324 0.08633093525179857
1 0.8174460431654677 0.5620503597122302 0.0341726618705036 0.05755395683453238
1 0.4982014388489209 0.5593525179856115 0.02697841726618705 0.02877697841726619
1 0.427158273381295 0.5980215827338129 0.08093525179856115 0.10251798561151079
1 0.5359712230215827 0.6564748201438849 0.07733812949640288 0.11690647482014388
1 0.7320143884892086 0.5782374100719424 0.048561151079136694 0.08453237410071943
1 0.8516187050359713 0.5485611510791367 0.050359712230215826 0.0341726618705036
1 0.36151079136690645 0.6627697841726619 0.039568345323741004 0.08093525179856115
1 0.3839928057553957 0.9190647482014388 0.07014388489208633 0.1618705035971223
1 0.9100719424460432 0.9226618705035972 0.05935251798561151 0.12769784172661872
1 0.8803956834532374 0.5629496402877698 0.0341726618705036 0.06474820143884892
1 0.6187050359712231 0.5737410071942446 0.04316546762589928 0.0683453237410072
1 0.6241007194244604 0.7257194244604317 0.046762589928057555 0.08812949640287769
1 0.454136690647482 0.5683453237410072 0.048561151079136694 0.044964028776978415
1 0.8273381294964028 0.8120503597122302 0.03776978417266187 0.09712230215827339
1 0.8947841726618705 0.5548561151079137 0.03597122302158273 0.048561151079136694
1 0.7769784172661871 0.5665467625899281 0.04316546762589928 0.06474820143884892
1 0.8435251798561151 0.6411870503597122 0.04136690647482014 0.09712230215827339
1 0.8489208633093526 0.9586330935251799 0.07733812949640288 0.06115107913669065
1 0.927158273381295 0.7823741007194245 0.025179856115107913 0.05755395683453238
1 0.38758992805755393 0.5746402877697842 0.0737410071942446 0.0539568345323741
1 0.8003597122302158 0.5584532374100719 0.030575539568345324 0.050359712230215826