1 0.21336996336996336 0.26373626373626374 0.4084249084249084 0.1282051282051282
1 0.42124542124542125 0.30128205128205127 0.19413919413919414 0.0641025641025641
1 0.8772893772893773 0.08882783882783883 0.2454212454212454 0.152014652014652
1 0.4175824175824176 0.9523809523809523 0.0695970695970696 0.09157509157509157
1 0.4981684981684982 0.945054945054945 0.07692307692307693 0.10989010989010989
1 0.026556776556776556 0.7728937728937729 0.05311355311355311 0.1575091575091575
1 0.3608058608058608 0.9688644688644689 0.05860805860805861 0.05311355311355311
1 0.12545787545787546 0.7252747252747253 0.1227106227106227 0.24175824175824176
1 0.08241758241758242 0.9459706959706959 0.16483516483516483 0.07509157509157509
1 0.22344322344322345 0.8131868131868132 0.17582417582417584 0.3534798534798535
1 0.3534798534798535 0.7216117216117216 0.14285714285714285 0.33882783882783885
1 0.46886446886446886 0.7261904761904762 0.15934065934065933 0.2838827838827839
1 0.07417582417582418 0.5970695970695971 0.08974358974358974 0.21245421245421245