1 0.11185365853658537 0.20678861788617886 0.22258536585365854 0.15910569105691058
1 0.11185365853658537 0.41247967479674796 0.15370731707317073 0.16882113821138212
1 0.10609756097560975 0.6220325203252033 0.16517073170731708 0.16703252032520327
1 0.11473170731707318 0.8296341463414634 0.17092682926829267 0.1614227642276423
1 0.3830731707317073 0.2003252032520325 0.16239024390243903 0.1796747967479675
1 0.3804878048780488 0.4055284552845529 0.13999999999999999 0.15971544715447153
1 0.3824878048780488 0.6229674796747967 0.1957073170731707 0.1689430894308943
1 0.3853658536585366 0.8334552845528456 0.18995121951219512 0.16910569105691056
1 0.6246829268292683 0.20101626016260163 0.1062439024390244 0.1667479674796748
1 0.6281463414634146 0.4139024390243902 0.22790243902439025 0.1621138211382114
1 0.6333170731707317 0.6179674796747968 0.15790243902439022 0.16369918699186994
1 0.6313170731707316 0.8279674796747968 0.12517073170731707 0.17243902439024392
1 0.8919024390243903 0.20678861788617886 0.21019512195121953 0.15910569105691058
1 0.8944878048780488 0.40792682926829266 0.09482926829268293 0.1740650406504065
1 0.887609756097561 0.6232113821138211 0.19585365853658535 0.16463414634146342
1 0.895609756097561 0.8217479674796748 0.166 0.1695528455284553