1 0.042435424354243544 0.12453874538745388 0.07011070110701106 0.24907749077490776
1 0.49538745387453875 0.13653136531365315 0.4188191881918819 0.2730627306273063
1 0.1595940959409594 0.12915129151291513 0.3044280442804428 0.25830258302583026
1 0.7619926199261993 0.13191881918819187 0.05719557195571956 0.24723247232472326
1 0.7564575645756457 0.1411439114391144 0.046125461254612546 0.26752767527675275
1 0.7785977859778598 0.13284132841328414 0.08302583025830258 0.24907749077490776
1 0.7490774907749077 0.07195571955719557 0.02214022140221402 0.12730627306273062
1 0.7693726937269373 0.0940959409594096 0.06457564575645756 0.17158671586715868
1 0.9160516605166051 0.12453874538745388 0.046125461254612546 0.11623616236162361
1 0.5156826568265682 0.8127306273062731 0.3634686346863469 0.37453874538745385
1 0.5959409594095941 0.6992619926199262 0.10516605166051661 0.1033210332103321
1 0.8625461254612546 0.6365313653136532 0.27490774907749077 0.7269372693726938
1 0.7629151291512916 0.8948339483394834 0.11254612546125461 0.21033210332103322