1 0.19333333333333333 0.1775 0.37 0.355
1 0.025 0.1775 0.05 0.355
1 0.9683333333333334 0.10833333333333334 0.06333333333333334 0.14666666666666667
1 0.565 0.09416666666666666 0.10666666666666667 0.18833333333333332
1 0.7075 0.0625 0.085 0.125
1 0.535 0.011666666666666667 0.06 0.023333333333333334
1 0.465 0.20166666666666666 0.08 0.25666666666666665
1 0.4475 0.10083333333333333 0.045 0.14166666666666666
1 0.4425 0.04 0.035 0.08
1 0.4583333333333333 0.019166666666666665 0.06666666666666667 0.03833333333333333
1 0.9125 0.020833333333333332 0.06833333333333333 0.041666666666666664
1 0.98 0.0125 0.04 0.025
1 0.5858333333333333 0.011666666666666667 0.051666666666666666 0.023333333333333334
1 0.8116666666666666 0.03916666666666667 0.1 0.07833333333333334
1 0.8408333333333333 0.1775 0.15166666666666667 0.355
1 0.97 0.18 0.06 0.35
1 0.7175 0.07 0.14166666666666666 0.14
1 0.6041666666666666 0.06166666666666667 0.115 0.12333333333333334
1 0.49916666666666665 0.04833333333333333 0.13166666666666665 0.09666666666666666
1 0.8641666666666666 0.03333333333333333 0.07166666666666667 0.06666666666666667
1 0.065 0.6041666666666666 0.13 0.49833333333333335
1 0.25 0.6775 0.35 0.645
1 0.5583333333333333 0.685 0.26666666666666666 0.63
1 0.6316666666666667 0.5483333333333333 0.10166666666666667 0.20833333333333334
1 0.8125 0.6875 0.22166666666666668 0.4483333333333333
1 0.9791666666666666 0.5966666666666667 0.041666666666666664 0.14