1 0.5779742765273312 0.20337620578778134 0.1302250803858521 0.4067524115755627
1 0.07636655948553055 0.2853697749196141 0.1527331189710611 0.5707395498392283
1 0.23633440514469453 0.2853697749196141 0.3215434083601286 0.5707395498392283
1 0.44694533762057875 0.24839228295819935 0.15755627009646303 0.4967845659163987
1 0.023311897106109324 0.2861736334405145 0.04662379421221865 0.572347266881029
1 0.6567524115755627 0.5128617363344051 0.027331189710610933 0.1189710610932476
1 0.6535369774919614 0.5072347266881029 0.02090032154340836 0.1302250803858521
1 0.655144694533762 0.3633440514469453 0.024115755627009645 0.1639871382636656
1 0.6527331189710611 0.4220257234726688 0.01929260450160772 0.30064308681672025
1 0.6519292604501608 0.4228295819935691 0.017684887459807074 0.15755627009646303
1 0.75 0.4557877813504823 0.05627009646302251 0.18006430868167203
1 0.7459807073954984 0.3520900321543408 0.02572347266881029 0.08842443729903537
1 0.6760450160771704 0.3512861736334405 0.06591639871382636 0.2266881028938907
1 0.6543408360128617 0.297427652733119 0.022508038585209004 0.16720257234726688
1 0.6511254019292605 0.23231511254019294 0.01607717041800643 0.08842443729903537
1 0.7869774919614148 0.5482315112540193 0.03376205787781351 0.04823151125401929
1 0.9959807073954984 0.4477491961414791 0.008038585209003215 0.2491961414790997
1 0.9782958199356914 0.4590032154340836 0.03858520900321544 0.17684887459807075
1 0.8287781350482315 0.42363344051446944 0.03376205787781351 0.1382636655948553
1 0.8255627009646302 0.3046623794212219 0.04019292604501608 0.14630225080385853
1 0.8633440514469454 0.3946945337620579 0.03536977491961415 0.1382636655948553
1 0.8818327974276527 0.06028938906752412 0.03536977491961415 0.1045016077170418
1 0.9461414790996785 0.20980707395498394 0.03054662379421222 0.08842443729903537
1 0.9445337620578779 0.2958199356913183 0.028938906752411574 0.11736334405144695
1 0.907556270096463 0.2797427652733119 0.03536977491961415 0.1382636655948553
1 0.7379421221864951 0.16881028938906753 0.022508038585209004 0.06591639871382636
1 0.6503215434083601 0.15916398713826366 0.014469453376205787 0.0932475884244373
1 0.792604501607717 0.25643086816720256 0.03215434083601286 0.13987138263665594
1 0.909967845659164 0.5377813504823151 0.04823151125401929 0.06913183279742766
1 0.6760450160771704 0.5570739549839229 0.03376205787781351 0.03054662379421222
1 0.9815112540192926 0.03215434083601286 0.03697749196141479 0.06430868167202572
1 0.3215434083601286 0.7901929260450161 0.6430868167202572 0.41961414790996787