1 0.5799256505576208 0.1979553903345725 0.17100371747211895 0.395910780669145
1 0.05390334572490706 0.31784386617100374 0.10780669144981413 0.5910780669144982
1 0.19516728624535315 0.30855018587360594 0.3903345724907063 0.6059479553903345
1 0.4312267657992565 0.25464684014869887 0.20817843866171004 0.5092936802973977
1 0.6877323420074349 0.5102230483271375 0.03903345724907063 0.13940520446096655
1 0.6840148698884758 0.5046468401486989 0.031598513011152414 0.1524163568773234
1 0.6765799256505576 0.3382899628252788 0.03717472118959108 0.19144981412639406
1 0.6775092936802974 0.40613382899628253 0.040892193308550186 0.3475836431226766
1 0.6765799256505576 0.4070631970260223 0.02973977695167286 0.1821561338289963
1 0.79182156133829 0.43866171003717475 0.0762081784386617 0.21189591078066913
1 0.7806691449814126 0.31970260223048325 0.03531598513011153 0.10408921933085502
1 0.699814126394052 0.3224907063197026 0.08921933085501858 0.26579925650557623
1 0.6719330855018587 0.2620817843866171 0.03531598513011153 0.19516728624535315
1 0.6644981412639405 0.18680297397769516 0.024163568773234202 0.10223048327137546
1 0.8401486988847584 0.5436802973977695 0.04275092936802974 0.05762081784386617
1 0.8810408921933085 0.39684014869888473 0.046468401486988845 0.16171003717472118
1 0.8698884758364313 0.26022304832713755 0.055762081784386616 0.17100371747211895
1 0.9191449814126395 0.36152416356877326 0.048327137546468404 0.16171003717472118
1 0.9200743494423792 0.017657992565055763 0.04460966542750929 0.03531598513011153
1 0.9628252788104089 0.22676579925650558 0.048327137546468404 0.16171003717472118
1 0.7602230483271375 0.1087360594795539 0.02973977695167286 0.07806691449814127
1 0.6589219330855018 0.10223048327137546 0.022304832713754646 0.10780669144981413
1 0.828996282527881 0.20631970260223048 0.046468401486988845 0.16356877323420074
1 0.9758364312267658 0.5241635687732342 0.048327137546468404 0.08178438661710037
1 0.7128252788104089 0.5604089219330854 0.040892193308550186 0.03717472118959108
1 0.3513011152416357 0.7946096654275093 0.6914498141263941 0.4107806691449814