1 0.25163398692810457 0.18709150326797386 0.4803921568627451 0.3741830065359477
1 0.5016339869281046 0.0857843137254902 0.049019607843137254 0.1715686274509804
1 0.4877450980392157 0.19362745098039216 0.032679738562091505 0.11274509803921569
1 0.47467320261437906 0.27205882352941174 0.021241830065359478 0.119281045751634
1 0.5 0.07679738562091504 0.042483660130718956 0.15359477124183007
1 0.49019607843137253 0.15849673202614378 0.03758169934640523 0.17320261437908496
1 0.48856209150326796 0.2181372549019608 0.049019607843137254 0.23366013071895425
1 0.6446078431372549 0.028594771241830064 0.042483660130718956 0.0392156862745098
1 0.5498366013071896 0.08823529411764706 0.10294117647058823 0.17647058823529413
1 0.6184640522875817 0.125 0.06209150326797386 0.19444444444444445
1 0.5751633986928104 0.21650326797385622 0.029411764705882353 0.08169934640522876
1 0.5187908496732027 0.3292483660130719 0.049019607843137254 0.1503267973856209
1 0.4877450980392157 0.1919934640522876 0.032679738562091505 0.119281045751634
1 0.5449346405228758 0.2173202614379085 0.0457516339869281 0.10620915032679738
1 0.4812091503267974 0.309640522875817 0.0457516339869281 0.16830065359477125
1 0.4722222222222222 0.35784313725490197 0.03594771241830065 0.16830065359477125
1 0.4722222222222222 0.39869281045751637 0.0392156862745098 0.14052287581699346
1 0.48366013071895425 0.28431372549019607 0.05555555555555555 0.2875816993464052
1 0.47549019607843135 0.3227124183006536 0.032679738562091505 0.12908496732026145
1 0.4673202614379085 0.3946078431372549 0.026143790849673203 0.10130718954248366
1 0.4681372549019608 0.4068627450980392 0.03431372549019608 0.15522875816993464
1 0.4812091503267974 0.1977124183006536 0.0196078431372549 0.08986928104575163
1 0.47549019607843135 0.34068627450980393 0.04411764705882353 0.2238562091503268
1 0.4591503267973856 0.45179738562091504 0.017973856209150325 0.07516339869281045
1 0.4624183006535948 0.4133986928104575 0.021241830065359478 0.11437908496732026
1 0.4591503267973856 0.4738562091503268 0.026143790849673203 0.12908496732026145
1 0.45669934640522875 0.46568627450980393 0.0196078431372549 0.10947712418300654
1 0.4534313725490196 0.5138888888888888 0.017973856209150325 0.08169934640522876
1 0.45588235294117646 0.5032679738562091 0.026143790849673203 0.12254901960784313
1 0.45179738562091504 0.5400326797385621 0.017973856209150325 0.06862745098039216
1 0.4534313725490196 0.5375816993464052 0.02287581699346405 0.09477124183006536
1 0.4485294117647059 0.5874183006535948 0.0196078431372549 0.06372549019607843
1 0.44689542483660133 0.5915032679738562 0.016339869281045753 0.06372549019607843
1 0.4485294117647059 0.5727124183006536 0.016339869281045753 0.049019607843137254
1 0.4444444444444444 0.6102941176470589 0.011437908496732025 0.026143790849673203
1 0.44362745098039214 0.6078431372549019 0.011437908496732025 0.03104575163398693
1 0.7336601307189542 0.06535947712418301 0.06862745098039216 0.09803921568627451
1 0.6797385620915033 0.042483660130718956 0.04411764705882353 0.06045751633986928
1 0.6674836601307189 0.10947712418300654 0.05718954248366013 0.12745098039215685
1 0.7965686274509803 0.027777777777777776 0.03431372549019608 0.011437908496732025
1 0.8202614379084967 0.12091503267973856 0.06535947712418301 0.16993464052287582
1 0.7826797385620915 0.12091503267973856 0.042483660130718956 0.12908496732026145
1 0.7516339869281046 0.12663398692810457 0.0457516339869281 0.12418300653594772
1 0.7083333333333334 0.17973856209150327 0.042483660130718956 0.11437908496732026
1 0.6397058823529411 0.2687908496732026 0.0457516339869281 0.12908496732026145
1 0.5980392156862745 0.28594771241830064 0.0457516339869281 0.11274509803921569
1 0.8668300653594772 0.07434640522875817 0.04084967320261438 0.0915032679738562
1 0.8978758169934641 0.06372549019607843 0.029411764705882353 0.06372549019607843
1 0.9493464052287581 0.119281045751634 0.09477124183006536 0.16993464052287582
1 0.8668300653594772 0.15196078431372548 0.03594771241830065 0.12091503267973856
1 0.9093137254901961 0.20751633986928106 0.058823529411764705 0.12418300653594772
1 0.8333333333333334 0.2916666666666667 0.06372549019607843 0.1568627450980392
1 0.7401960784313726 0.24673202614379086 0.0457516339869281 0.1388888888888889
1 0.7785947712418301 0.23774509803921567 0.05228758169934641 0.11437908496732026
1 0.6985294117647058 0.28921568627450983 0.049019607843137254 0.13562091503267973
1 0.6568627450980392 0.33986928104575165 0.042483660130718956 0.11601307189542484
1 0.5727124183006536 0.3611111111111111 0.06372549019607843 0.13071895424836602
1 0.5236928104575164 0.4272875816993464 0.049019607843137254 0.09640522875816994
1 0.46568627450980393 0.47794117647058826 0.0392156862745098 0.11764705882352941
1 0.44689542483660133 0.5735294117647058 0.016339869281045753 0.09967320261437909
1 0.9575163398692811 0.27369281045751637 0.058823529411764705 0.1323529411764706
1 0.8995098039215687 0.32107843137254904 0.027777777777777776 0.08823529411764706
1 0.8717320261437909 0.32598039215686275 0.027777777777777776 0.07516339869281045
1 0.7696078431372549 0.34558823529411764 0.049019607843137254 0.1568627450980392
1 0.7312091503267973 0.36356209150326796 0.05065359477124183 0.12745098039215685
1 0.9869281045751634 0.18627450980392157 0.026143790849673203 0.19934640522875818
1 0.9787581699346405 0.3700980392156863 0.042483660130718956 0.14869281045751634
1 0.940359477124183 0.3668300653594771 0.03431372549019608 0.07352941176470588
1 0.8088235294117647 0.5571895424836601 0.05555555555555555 0.15849673202614378
1 0.6830065359477124 0.48366013071895425 0.03431372549019608 0.10620915032679738
1 0.7369281045751634 0.45669934640522875 0.0392156862745098 0.0718954248366013
1 0.7467320261437909 0.5392156862745098 0.04411764705882353 0.10784313725490197
1 0.5571895424836601 0.4877450980392157 0.03758169934640523 0.09640522875816994
1 0.5187908496732027 0.5024509803921569 0.03594771241830065 0.07516339869281045
1 0.4534313725490196 0.5277777777777778 0.0196078431372549 0.08496732026143791
1 0.4624183006535948 0.4599673202614379 0.029411764705882353 0.10784313725490197
1 0.47630718954248363 0.44362745098039214 0.04084967320261438 0.0915032679738562
1 0.6413398692810458 0.6184640522875817 0.027777777777777776 0.0457516339869281
1 0.9109477124183006 0.6380718954248366 0.03104575163398693 0.05228758169934641
1 0.8823529411764706 0.47630718954248363 0.049019607843137254 0.10620915032679738
1 0.8202614379084967 0.4354575163398693 0.03431372549019608 0.09967320261437909
1 0.7916666666666666 0.45669934640522875 0.03758169934640523 0.09640522875816994
1 0.9754901960784313 0.5089869281045751 0.049019607843137254 0.10620915032679738
1 0.6454248366013072 0.5490196078431373 0.027777777777777776 0.08333333333333333
1 0.6748366013071896 0.5833333333333334 0.026143790849673203 0.0718954248366013
1 0.6519607843137255 0.4591503267973856 0.02287581699346405 0.06372549019607843
1 0.8733660130718954 0.3831699346405229 0.027777777777777776 0.0718954248366013
1 0.8455882352941176 0.4125816993464052 0.04084967320261438 0.13725490196078433
1 0.9125816993464052 0.3480392156862745 0.032679738562091505 0.09640522875816994
1 0.9411764705882353 0.4387254901960784 0.03758169934640523 0.09967320261437909
1 0.8594771241830066 0.5531045751633987 0.03431372549019608 0.08496732026143791
1 0.8406862745098039 0.5571895424836601 0.029411764705882353 0.06699346405228758
1 0.7745098039215687 0.6331699346405228 0.027777777777777776 0.0392156862745098
1 0.7401960784313726 0.6225490196078431 0.03104575163398693 0.05392156862745098
1 0.9558823529411765 0.6143790849673203 0.032679738562091505 0.09313725490196079
1 0.7091503267973857 0.6029411764705882 0.04411764705882353 0.08986928104575163
1 0.4485294117647059 0.559640522875817 0.016339869281045753 0.0784313725490196
1 0.4452614379084967 0.5915032679738562 0.013071895424836602 0.06372549019607843
1 0.4722222222222222 0.5220588235294118 0.03104575163398693 0.0718954248366013
1 0.4934640522875817 0.5433006535947712 0.03104575163398693 0.07679738562091504
1 0.5106209150326797 0.5718954248366013 0.03104575163398693 0.06862745098039216
1 0.559640522875817 0.5612745098039216 0.021241830065359478 0.05718954248366013
1 0.6021241830065359 0.5179738562091504 0.03594771241830065 0.07516339869281045
1 0.6045751633986928 0.4477124183006536 0.017973856209150325 0.05718954248366013
1 0.4477124183006536 0.5604575163398693 0.013071895424836602 0.05718954248366013
1 0.44689542483660133 0.5874183006535948 0.017973856209150325 0.0718954248366013
1 0.4452614379084967 0.5996732026143791 0.014705882352941176 0.04738562091503268
1 0.44362745098039214 0.6013071895424836 0.00980392156862745 0.042483660130718956
1 0.4493464052287582 0.5612745098039216 0.017973856209150325 0.0784313725490196
1 0.45588235294117646 0.6021241830065359 0.017973856209150325 0.0457516339869281
1 0.5841503267973857 0.6053921568627451 0.02287581699346405 0.05718954248366013
1 0.6004901960784313 0.5857843137254902 0.021241830065359478 0.04411764705882353
1 0.6200980392156863 0.5571895424836601 0.026143790849673203 0.06209150326797386
1 0.6037581699346405 0.6168300653594772 0.024509803921568627 0.042483660130718956
1 0.9828431372549019 0.6617647058823529 0.011437908496732025 0.016339869281045753
1 0.4452614379084967 0.5857843137254902 0.011437908496732025 0.06535947712418301
1 0.2107843137254902 0.8790849673202614 0.4215686274509804 0.22875816993464052
1 0.5196078431372549 0.8112745098039216 0.22875816993464052 0.37745098039215685