1 0.2899628252788104 0.35687732342007433 0.5799256505576208 0.7137546468401487
1 0.6310408921933085 0.49349442379182157 0.09851301115241635 0.38661710037174724
1 0.019516728624535316 0.5743494423791822 0.03903345724907063 0.26394052044609667
1 0.9172862453531598 0.5 0.1654275092936803 0.44609665427509293
1 0.062267657992565055 0.8689591078066915 0.1171003717472119 0.2620817843866171
1 0.44609665427509293 0.8652416356877324 0.21933085501858737 0.2695167286245353
1 0.5947955390334573 0.8187732342007435 0.17843866171003717 0.18029739776951673
1 0.2760223048327137 0.8076208178438662 0.12267657992565056 0.1449814126394052
1 0.20817843866171004 0.8122676579925651 0.2695167286245353 0.15427509293680297
1 0.4962825278810409 0.8085501858736059 0.09293680297397769 0.1171003717472119
1 0.11617100371747212 0.8410780669144982 0.22490706319702602 0.20817843866171004
1 0.8401486988847584 0.8596654275092936 0.31970260223048325 0.2732342007434944