1 0.13487972508591065 0.2620274914089347 0.2697594501718213 0.5
1 0.6005154639175257 0.24398625429553264 0.35223367697594504 0.4879725085910653
1 0.4579037800687285 0.014604810996563574 0.07560137457044673 0.029209621993127148
1 0.43041237113402064 0.02491408934707904 0.018900343642611683 0.044673539518900345
1 0.43127147766323026 0.07130584192439862 0.020618556701030927 0.13573883161512026
1 0.43900343642611683 0.11168384879725086 0.029209621993127148 0.06529209621993128
1 0.4372852233676976 0.04725085910652921 0.03264604810996564 0.08419243986254296
1 0.19845360824742267 0.9054982817869416 0.13573883161512026 0.18900343642611683
1 0.3290378006872852 0.9587628865979382 0.04982817869415808 0.08247422680412371
1 0.09020618556701031 0.9106529209621993 0.14948453608247422 0.17869415807560138
1 0.39690721649484534 0.9561855670103093 0.027491408934707903 0.08762886597938144
1 0.42439862542955326 0.9802405498281787 0.020618556701030927 0.03951890034364261
1 0.4493127147766323 0.9768041237113402 0.022336769759450172 0.04639175257731959
1 0.46134020618556704 0.961340206185567 0.022336769759450172 0.07731958762886598
1 0.7800687285223368 0.7053264604810997 0.40034364261168387 0.48625429553264604