1 0.1413738019169329 0.24680511182108625 0.28115015974440893 0.48722044728434505
1 0.5822683706070287 0.26517571884984026 0.3466453674121406 0.5303514376996805
1 0.48003194888178913 0.04233226837060703 0.07507987220447285 0.08466453674121406
1 0.4584664536741214 0.03274760383386582 0.03194888178913738 0.06549520766773163
1 0.45766773162939295 0.0231629392971246 0.027156549520766772 0.0463258785942492
1 0.4528753993610224 0.051118210862619806 0.023961661341853034 0.0926517571884984
1 0.4472843450479233 0.09824281150159744 0.027156549520766772 0.1645367412140575
1 0.4472843450479233 0.15654952076677317 0.02875399361022364 0.06070287539936102
1 0.4544728434504792 0.09664536741214058 0.03354632587859425 0.07827476038338659
1 0.12220447284345048 0.8706070287539937 0.13258785942492013 0.20607028753993611
1 0.2364217252396166 0.9313099041533547 0.04952076677316294 0.09744408945686901
1 0.04712460063897764 0.8634185303514377 0.09424920127795527 0.20287539936102236
1 0.2987220447284345 0.9361022364217252 0.02875399361022364 0.09744408945686901
1 0.3210862619808307 0.9616613418530351 0.022364217252396165 0.051118210862619806
1 0.3442492012779553 0.9608626198083067 0.023961661341853034 0.05591054313099041
1 0.3570287539936102 0.9480830670926518 0.023961661341853034 0.08466453674121406
1 0.6845047923322684 0.7468051118210862 0.3865814696485623 0.46325878594249204