1 0.2741157556270096 0.2765273311897106 0.18810289389067525 0.5530546623794212
1 0.22266881028938906 0.23392282958199356 0.0932475884244373 0.3279742765273312
1 0.13665594855305466 0.2829581993569132 0.16881028938906753 0.5176848874598071
1 0.04260450160771704 0.3167202572347267 0.08520900321543408 0.42443729903536975
1 0.03456591639871383 0.15836012861736334 0.04019292604501608 0.3135048231511254
1 0.04260450160771704 0.1945337620578778 0.06752411575562701 0.3665594855305466
1 0.05787781350482315 0.22266881028938906 0.10932475884244373 0.4453376205787781
1 0.6334405144694534 0.4983922829581994 0.17684887459807075 0.17684887459807075
1 0.4429260450160772 0.5080385852090032 0.10610932475884244 0.12057877813504823
1 0.4847266881028939 0.34726688102893893 0.07556270096463022 0.2347266881028939
1 0.5289389067524116 0.3971061093247588 0.0932475884244373 0.3536977491961415
1 0.569935691318328 0.3408360128617363 0.04983922829581994 0.13665594855305466
1 0.5964630225080386 0.3553054662379421 0.04501607717041801 0.1270096463022508
1 0.6430868167202572 0.3520900321543408 0.05305466237942122 0.1189710610932476
1 0.6808681672025724 0.3271704180064309 0.05787781350482315 0.19614147909967847
1 0.75 0.35932475884244375 0.1157556270096463 0.4212218649517685
1 0.7942122186495176 0.38022508038585207 0.09807073954983923 0.3327974276527331
1 0.8593247588424437 0.42684887459807075 0.10610932475884244 0.3520900321543408
1 0.9694533762057878 0.5803858520900321 0.05466237942122187 0.06430868167202572
1 0.9501607717041801 0.32315112540192925 0.09967845659163987 0.3890675241157556
1 0.9766881028938906 0.32234726688102894 0.04662379421221865 0.409967845659164
1 0.4895498392282958 0.7797427652733119 0.27491961414790994 0.4405144694533762
1 0.907556270096463 0.6519292604501608 0.15594855305466238 0.10610932475884244
1 0.6937299035369775 0.6278135048231511 0.08038585209003216 0.08842443729903537
1 0.3987138263665595 0.5916398713826366 0.027331189710610933 0.06430868167202572
1 0.7781350482315113 0.6334405144694534 0.10771704180064309 0.08681672025723473