1 0.1007936507936508 0.16428571428571428 0.17936507936507937 0.32857142857142857
1 0.25793650793650796 0.16031746031746033 0.16031746031746033 0.32063492063492066
1 0.31746031746031744 0.07063492063492063 0.0761904761904762 0.14126984126984127
1 0.3896825396825397 0.19206349206349208 0.15079365079365079 0.38412698412698415
1 0.5071428571428571 0.14047619047619048 0.11587301587301588 0.28095238095238095
1 0.6206349206349207 0.1388888888888889 0.14444444444444443 0.2698412698412698
1 0.8325396825396826 0.21984126984126984 0.3349206349206349 0.4142857142857143
1 0.7873015873015873 0.18253968253968253 0.23333333333333334 0.3412698412698413
1 0.04206349206349207 0.49682539682539684 0.08412698412698413 0.1619047619047619
1 0.047619047619047616 0.49523809523809526 0.09523809523809523 0.15873015873015872
1 0.025396825396825397 0.65 0.050793650793650794 0.1984126984126984
1 0.024603174603174603 0.6134920634920635 0.049206349206349205 0.22380952380952382
1 0.2753968253968254 0.6825396825396826 0.20476190476190476 0.3619047619047619
1 0.4992063492063492 0.5182539682539683 0.18253968253968253 0.14603174603174604
1 0.4753968253968254 0.6134920634920635 0.2015873015873016 0.3396825396825397
1 0.01507936507936508 0.8396825396825397 0.03015873015873016 0.24126984126984127
1 0.3984126984126984 0.8261904761904761 0.07777777777777778 0.18412698412698414
1 0.5071428571428571 0.8492063492063492 0.1111111111111111 0.19206349206349208
1 0.36507936507936506 0.919047619047619 0.11587301587301588 0.15079365079365079
1 0.4515873015873016 0.957936507936508 0.06666666666666667 0.08412698412698413
1 0.5865079365079365 0.8873015873015873 0.06825396825396825 0.2253968253968254