1 0.20246478873239437 0.2852112676056338 0.17253521126760563 0.5704225352112676
1 0.1443661971830986 0.22711267605633803 0.08450704225352113 0.35563380281690143
1 0.06514084507042253 0.2852112676056338 0.13028169014084506 0.5598591549295775
1 0.608274647887324 0.49295774647887325 0.18309859154929578 0.18485915492957747
1 0.4005281690140845 0.5140845070422535 0.10915492957746478 0.1267605633802817
1 0.43661971830985913 0.335387323943662 0.07042253521126761 0.2535211267605634
1 0.488556338028169 0.3873239436619718 0.08274647887323944 0.38380281690140844
1 0.5299295774647887 0.323943661971831 0.04753521126760563 0.14788732394366197
1 0.5598591549295775 0.3380281690140845 0.04225352112676056 0.13732394366197184
1 0.6109154929577465 0.33186619718309857 0.051056338028169015 0.12852112676056338
1 0.6505281690140845 0.3028169014084507 0.0528169014084507 0.2130281690140845
1 0.7288732394366197 0.3345070422535211 0.10387323943661972 0.4595070422535211
1 0.778169014084507 0.35475352112676056 0.0880281690140845 0.3609154929577465
1 0.8512323943661971 0.4014084507042254 0.09683098591549295 0.38380281690140844
1 0.9762323943661971 0.5633802816901409 0.045774647887323945 0.06690140845070422
1 0.9507042253521126 0.28257042253521125 0.09507042253521127 0.4225352112676056
1 0.9797535211267606 0.27992957746478875 0.040492957746478875 0.4471830985915493
1 0.46830985915492956 0.7869718309859155 0.2746478873239437 0.426056338028169
1 0.9163732394366197 0.6452464788732394 0.1619718309859155 0.1073943661971831
1 0.6822183098591549 0.6302816901408451 0.08450704225352113 0.09330985915492958
1 0.3573943661971831 0.608274647887324 0.02640845070422535 0.06866197183098592
1 0.7746478873239436 0.6320422535211268 0.11443661971830986 0.0897887323943662