1 0.24092409240924093 0.27805280528052806 0.48184818481848185 0.5561056105610561
1 0.4315181518151815 0.3655115511551155 0.17491749174917492 0.3696369636963696
1 0.608085808580858 0.22937293729372937 0.16336633663366337 0.19801980198019803
1 0.2632013201320132 0.7739273927392739 0.5264026402640264 0.4521452145214521
1 0.8952145214521452 0.5635313531353136 0.039603960396039604 0.04455445544554455
1 0.9694719471947195 0.5957095709570958 0.06105610561056106 0.11551155115511551
1 0.9158415841584159 0.5882838283828383 0.04785478547854786 0.09570957095709572
1 0.9496699669966997 0.5594059405940595 0.0231023102310231 0.039603960396039604
1 0.9884488448844885 0.5998349834983498 0.0231023102310231 0.12046204620462046
1 0.9801980198019802 0.5651815181518152 0.039603960396039604 0.05115511551155116
1 0.8044554455445545 0.5792079207920792 0.0627062706270627 0.07425742574257425
1 0.8597359735973598 0.5684818481848185 0.041254125412541254 0.054455445544554455
1 0.8663366336633663 0.5726072607260726 0.04785478547854786 0.0627062706270627
1 0.7442244224422442 0.5594059405940595 0.034653465346534656 0.03135313531353135
1 0.6971947194719472 0.5561056105610561 0.036303630363036306 0.0231023102310231
1 0.7120462046204621 0.5866336633663366 0.052805280528052806 0.0858085808580858
1 0.75 0.5759075907590759 0.033003300330033 0.06435643564356436
1 0.7813531353135313 0.5734323432343235 0.036303630363036306 0.06105610561056106
1 0.8201320132013201 0.5701320132013201 0.034653465346534656 0.056105610561056105
1 0.8803630363036303 0.5726072607260726 0.036303630363036306 0.0627062706270627
1 0.9207920792079208 0.5676567656765676 0.037953795379537955 0.054455445544554455
1 0.6683168316831684 0.5750825082508251 0.034653465346534656 0.06105610561056106
1 0.636963696369637 0.5668316831683168 0.024752475247524754 0.0429042904290429
1 0.5816831683168316 0.5924092409240924 0.08250825082508251 0.09405940594059406
1 0.6633663366336634 0.5750825082508251 0.028052805280528052 0.0594059405940594
1 0.6155115511551155 0.5767326732673267 0.05115511551155116 0.0627062706270627
1 0.683993399339934 0.5833333333333334 0.052805280528052806 0.07920792079207921
1 0.7813531353135313 0.5767326732673267 0.036303630363036306 0.06765676567656766
1 0.7433993399339934 0.5717821782178217 0.0429042904290429 0.056105610561056105
1 0.8193069306930693 0.5750825082508251 0.039603960396039604 0.066006600660066
1 0.858085808580858 0.5924092409240924 0.034653465346534656 0.10231023102310231
1 0.9405940594059405 0.6138613861386139 0.054455445544554455 0.13036303630363036
1 0.9818481848184818 0.683993399339934 0.036303630363036306 0.09405940594059406
1 0.533003300330033 0.5874587458745875 0.028052805280528052 0.08085808580858085
1 0.5239273927392739 0.5618811881188119 0.009900990099009901 0.0297029702970297
1 0.5255775577557755 0.5684818481848185 0.013201320132013201 0.0429042904290429
1 0.5602310231023102 0.5792079207920792 0.04950495049504951 0.066006600660066
1 0.6146864686468647 0.5701320132013201 0.02145214521452145 0.04785478547854786
1 0.6410891089108911 0.5693069306930693 0.024752475247524754 0.04785478547854786
1 0.7433993399339934 0.6023102310231023 0.036303630363036306 0.11716171617161716
1 0.7805280528052805 0.6047854785478548 0.041254125412541254 0.12376237623762376
1 0.5420792079207921 0.5965346534653465 0.0462046204620462 0.09900990099009901
1 0.5297029702970297 0.5701320132013201 0.02145214521452145 0.0462046204620462
1 0.5338283828382838 0.5874587458745875 0.0297029702970297 0.08085808580858085
1 0.5272277227722773 0.58003300330033 0.0165016501650165 0.066006600660066
1 0.533003300330033 0.6064356435643564 0.028052805280528052 0.1188118811881188
1 0.5701320132013201 0.594059405940594 0.0297029702970297 0.07260726072607261
1 0.6889438943894389 0.7945544554455446 0.0462046204620462 0.15676567656765678
1 0.8217821782178217 0.7293729372937293 0.026402640264026403 0.10561056105610561
1 0.768976897689769 0.698019801980198 0.034653465346534656 0.06930693069306931
1 0.7533003300330033 0.7805280528052805 0.037953795379537955 0.10561056105610561
1 0.948019801980198 0.7425742574257426 0.03135313531353135 0.09570957095709572
1 0.9851485148514851 0.7599009900990099 0.0297029702970297 0.07425742574257425
1 0.8531353135313532 0.8877887788778878 0.026402640264026403 0.08415841584158416
1 0.8737623762376238 0.9273927392739274 0.0231023102310231 0.0594059405940594
1 0.5313531353135313 0.6427392739273927 0.0231023102310231 0.10891089108910891
1 0.58003300330033 0.8976897689768977 0.028052805280528052 0.10891089108910891
1 0.6204620462046204 0.7070957095709571 0.0429042904290429 0.10396039603960396
1 0.6864686468646864 0.6707920792079208 0.028052805280528052 0.09900990099009901
1 0.7136963696369637 0.6947194719471947 0.03135313531353135 0.09570957095709572
1 0.5338283828382838 0.7326732673267327 0.024752475247524754 0.10396039603960396
1 0.533003300330033 0.6270627062706271 0.028052805280528052 0.16006600660066006
1 0.533003300330033 0.8902640264026402 0.018151815181518153 0.07260726072607261
1 0.5321782178217822 0.9595709570957096 0.013201320132013201 0.07920792079207921
1 0.8250825082508251 0.9240924092409241 0.018151815181518153 0.07095709570957096
1 0.8539603960396039 0.7978547854785478 0.024752475247524754 0.08250825082508251
1 0.8226072607260726 0.83003300330033 0.02145214521452145 0.07095709570957096
1 0.8539603960396039 0.7070957095709571 0.019801980198019802 0.0627062706270627
1 0.6361386138613861 0.6146864686468647 0.0231023102310231 0.07095709570957096
1 0.6625412541254125 0.6468646864686468 0.03135313531353135 0.13696369636963696
1 0.5998349834983498 0.584983498349835 0.026402640264026403 0.07755775577557755
1 0.5651815181518152 0.6658415841584159 0.03135313531353135 0.09900990099009901
1 0.6386138613861386 0.7863036303630363 0.0297029702970297 0.08415841584158416
1 0.6575907590759076 0.7920792079207921 0.026402640264026403 0.066006600660066
1 0.641914191419142 0.9257425742574258 0.0297029702970297 0.0627062706270627
1 0.7186468646864687 0.8927392739273927 0.026402640264026403 0.07755775577557755
1 0.7533003300330033 0.8836633663366337 0.028052805280528052 0.08745874587458746
1 0.5371287128712872 0.8415841584158416 0.026402640264026403 0.0924092409240924
1 0.9933993399339934 0.948019801980198 0.013201320132013201 0.06105610561056106
1 0.9455445544554455 0.9323432343234324 0.0231023102310231 0.06930693069306931
1 0.7871287128712872 0.8572607260726073 0.037953795379537955 0.10561056105610561
1 0.9966996699669967 0.8003300330033003 0.006600660066006601 0.07590759075907591
1 0.9876237623762376 0.8308580858085809 0.024752475247524754 0.06765676567656766
1 0.9405940594059405 0.816006600660066 0.018151815181518153 0.056105610561056105
1 0.900990099009901 0.7698019801980198 0.03135313531353135 0.07425742574257425
1 0.9026402640264026 0.6988448844884488 0.0165016501650165 0.056105610561056105
1 0.5313531353135313 0.7235973597359736 0.019801980198019802 0.07590759075907591
1 0.528052805280528 0.754950495049505 0.013201320132013201 0.07920792079207921
1 0.9125412541254125 0.8589108910891089 0.019801980198019802 0.056105610561056105
1 0.8968646864686468 0.8382838283828383 0.018151815181518153 0.0429042904290429
1 0.8795379537953796 0.8077557755775577 0.024752475247524754 0.06105610561056106
1 0.891914191419142 0.8844884488448845 0.0231023102310231 0.07260726072607261
1 0.9785478547854786 0.9834983498349835 0.013201320132013201 0.0165016501650165
1 0.8547854785478548 0.9636963696369637 0.02145214521452145 0.06105610561056106
1 0.8721122112211221 0.9727722772277227 0.018151815181518153 0.041254125412541254
1 0.5313531353135313 0.9100660066006601 0.013201320132013201 0.0627062706270627
1 0.7920792079207921 0.9694719471947195 0.02145214521452145 0.05115511551155116