1 0.2834967320261438 0.25 0.5637254901960784 0.5
1 0.49836601307189543 0.3047385620915033 0.119281045751634 0.39052287581699346
1 0.7214052287581699 0.3888888888888889 0.35130718954248363 0.272875816993464
1 0.4223856209150327 0.6993464052287581 0.2173202614379085 0.42320261437908496
1 0.9485294117647058 0.7181372549019608 0.06372549019607843 0.14705882352941177
1 0.7516339869281046 0.6209150326797386 0.12581699346405228 0.21568627450980393
1 0.5433006535947712 0.6666666666666666 0.05718954248366013 0.1568627450980392
1 0.5874183006535948 0.8259803921568627 0.11764705882352941 0.2908496732026144
1 0.6503267973856209 0.8186274509803921 0.11764705882352941 0.23039215686274508
1 0.7753267973856209 0.7900326797385621 0.1111111111111111 0.19281045751633988
1 0.8496732026143791 0.7565359477124183 0.0784313725490196 0.1977124183006536
1 0.5277777777777778 0.8529411764705882 0.049019607843137254 0.10947712418300654
1 0.9223856209150327 0.8872549019607843 0.05228758169934641 0.06535947712418301
1 0.8799019607843137 0.9125816993464052 0.03431372549019608 0.06699346405228758
1 0.8031045751633987 0.9052287581699346 0.04084967320261438 0.05228758169934641
1 0.7026143790849673 0.9240196078431373 0.03758169934640523 0.07026143790849673
1 0.7246732026143791 0.9428104575163399 0.02287581699346405 0.03758169934640523
1 0.5269607843137255 0.9428104575163399 0.0457516339869281 0.07679738562091504
1 0.5236928104575164 0.8513071895424836 0.04411764705882353 0.1437908496732026
1 0.5367647058823529 0.8725490196078431 0.07679738562091504 0.20261437908496732