1 0.2644694533762058 0.25482315112540194 0.5289389067524116 0.5096463022508039
1 0.48311897106109325 0.319935691318328 0.09163987138263666 0.37942122186495175
1 0.7081993569131833 0.3866559485530547 0.3295819935691318 0.2459807073954984
1 0.43569131832797425 0.7122186495176849 0.1864951768488746 0.40514469453376206
1 0.9533762057877814 0.6945337620578779 0.05305466237942122 0.1414790996784566
1 0.7540192926045016 0.612540192926045 0.10932475884244373 0.2057877813504823
1 0.5522508038585209 0.6720257234726688 0.04662379421221865 0.15112540192926044
1 0.6069131832797428 0.8255627009646302 0.09646302250803858 0.2797427652733119
1 0.6680064308681672 0.8135048231511254 0.10128617363344052 0.2202572347266881
1 0.7885852090032154 0.7773311897106109 0.09646302250803858 0.1832797427652733
1 0.8593247588424437 0.7387459807073955 0.06430868167202572 0.18971061093247588
1 0.5498392282958199 0.8561093247588425 0.04180064308681672 0.1045016077170418
1 0.9397106109324759 0.862540192926045 0.04662379421221865 0.06109324758842444
1 0.8995176848874598 0.889871382636656 0.028938906752411574 0.06430868167202572
1 0.8239549839228296 0.8882636655948553 0.03697749196141479 0.04823151125401929
1 0.7266881028938906 0.9131832797427653 0.03215434083601286 0.06752411575562701
1 0.7491961414790996 0.9308681672025724 0.01929260450160772 0.03536977491961415
1 0.5554662379421221 0.9437299035369775 0.04019292604501608 0.07234726688102894
1 0.5458199356913184 0.8545016077170418 0.03376205787781351 0.13987138263665594
1 0.5602893890675241 0.8745980707395499 0.06270096463022508 0.19614147909967847