1 0.24910071942446044 0.31744604316546765 0.4982014388489209 0.6312949640287769
1 0.42985611510791366 0.39568345323741005 0.21762589928057555 0.4136690647482014
1 0.6115107913669064 0.23381294964028776 0.19244604316546762 0.22661870503597123
1 0.29136690647482016 0.7931654676258992 0.564748201438849 0.4136690647482014
1 0.9487410071942446 0.5755395683453237 0.046762589928057555 0.052158273381294966
1 0.9712230215827338 0.6007194244604317 0.05755395683453238 0.1079136690647482
1 0.9964028776978417 0.5674460431654677 0.007194244604316547 0.044964028776978415
1 0.8507194244604317 0.5989208633093526 0.0737410071942446 0.08453237410071943
1 0.9100719424460432 0.5845323741007195 0.048561151079136694 0.06294964028776978
1 0.9172661870503597 0.5881294964028777 0.05575539568345324 0.07194244604316546
1 0.7841726618705036 0.5827338129496403 0.04136690647482014 0.03776978417266187
1 0.7329136690647482 0.5827338129496403 0.04136690647482014 0.02877697841726619
1 0.7508992805755396 0.6142086330935251 0.06294964028776978 0.09712230215827339
1 0.7913669064748201 0.5998201438848921 0.039568345323741004 0.0737410071942446
1 0.8255395683453237 0.5953237410071942 0.04316546762589928 0.07014388489208633
1 0.8669064748201439 0.5890287769784173 0.04136690647482014 0.06474820143884892
1 0.9325539568345323 0.5863309352517986 0.04316546762589928 0.07194244604316546
1 0.9766187050359713 0.5782374100719424 0.044964028776978415 0.06294964028776978
1 0.7023381294964028 0.6061151079136691 0.04136690647482014 0.07014388489208633
1 0.6681654676258992 0.5989208633093526 0.030575539568345324 0.048561151079136694
1 0.6097122302158273 0.6312949640287769 0.09712230215827339 0.1079136690647482
1 0.6969424460431655 0.6052158273381295 0.0341726618705036 0.06654676258992806
1 0.6447841726618705 0.6106115107913669 0.05935251798561151 0.07014388489208633
1 0.7203237410071942 0.6133093525179856 0.06294964028776978 0.08992805755395683
1 0.8255395683453237 0.5989208633093526 0.04316546762589928 0.07733812949640288
1 0.7841726618705036 0.5962230215827338 0.050359712230215826 0.06474820143884892
1 0.8669064748201439 0.5944244604316546 0.046762589928057555 0.07553956834532374
1 0.9100719424460432 0.6106115107913669 0.044964028776978415 0.11510791366906475
1 0.9829136690647482 0.6258992805755396 0.0341726618705036 0.14388489208633093
1 0.5566546762589928 0.6294964028776978 0.03597122302158273 0.08992805755395683
1 0.5449640287769785 0.6025179856115108 0.014388489208633094 0.03237410071942446
1 0.5476618705035972 0.6097122302158273 0.017985611510791366 0.048561151079136694
1 0.585431654676259 0.6178057553956835 0.05755395683453238 0.0737410071942446
1 0.6447841726618705 0.6034172661870504 0.025179856115107913 0.0539568345323741
1 0.6735611510791367 0.6016187050359713 0.02877697841726619 0.0539568345323741
1 0.7868705035971223 0.6294964028776978 0.048561151079136694 0.13129496402877697
1 0.8273381294964028 0.6294964028776978 0.0539568345323741 0.13848920863309352
1 0.5674460431654677 0.6384892086330936 0.05755395683453238 0.11151079136690648
1 0.552158273381295 0.6106115107913669 0.02697841726618705 0.052158273381294966
1 0.5575539568345323 0.6294964028776978 0.03776978417266187 0.08992805755395683
1 0.5494604316546763 0.6223021582733813 0.02158273381294964 0.0737410071942446
1 0.5584532374100719 0.6501798561151079 0.039568345323741004 0.13129496402877697
1 0.5971223021582733 0.6330935251798561 0.03776978417266187 0.08093525179856115
1 0.7419064748201439 0.8426258992805755 0.06115107913669065 0.17446043165467626
1 0.8812949640287769 0.7616906474820144 0.03776978417266187 0.11690647482014388
1 0.8219424460431655 0.7320143884892086 0.04316546762589928 0.07913669064748201
1 0.8111510791366906 0.8219424460431655 0.048561151079136694 0.11870503597122302
1 0.9262589928057554 0.9244604316546763 0.0341726618705036 0.08093525179856115
1 0.9505395683453237 0.9514388489208633 0.025179856115107913 0.023381294964028777
1 0.5593525179856115 0.689748201438849 0.0341726618705036 0.12050359712230216
1 0.6294964028776978 0.9469424460431655 0.03597122302158273 0.08812949640287769
1 0.6609712230215827 0.7526978417266187 0.0539568345323741 0.11690647482014388
1 0.72931654676259 0.7086330935251799 0.03776978417266187 0.10971223021582734
1 0.7616906474820144 0.7320143884892086 0.04136690647482014 0.10611510791366907
1 0.5683453237410072 0.7877697841726619 0.0341726618705036 0.11510791366906475
1 0.5593525179856115 0.6726618705035972 0.04136690647482014 0.17625899280575538
1 0.5800359712230215 0.9568345323741008 0.025179856115107913 0.07733812949640288
1 0.8965827338129496 0.9505395683453237 0.02158273381294964 0.0341726618705036
1 0.9217625899280576 0.8336330935251799 0.03237410071942446 0.09172661870503597
1 0.8902877697841727 0.8714028776978417 0.02877697841726619 0.07913669064748201
1 0.914568345323741 0.7347122302158273 0.025179856115107913 0.07014388489208633
1 0.670863309352518 0.6510791366906474 0.030575539568345324 0.07913669064748201
1 0.7023381294964028 0.6834532374100719 0.044964028776978415 0.1510791366906475
1 0.6285971223021583 0.6214028776978417 0.0341726618705036 0.08633093525179857
1 0.5971223021582733 0.7113309352517986 0.04136690647482014 0.10971223021582734
1 0.6870503597122302 0.8372302158273381 0.03776978417266187 0.09352517985611511
1 0.7077338129496403 0.841726618705036 0.03237410071942446 0.0737410071942446
1 0.6987410071942446 0.9694244604316546 0.03237410071942446 0.03237410071942446
1 0.7814748201438849 0.9415467625899281 0.03237410071942446 0.0737410071942446
1 0.8174460431654677 0.9298561151079137 0.03597122302158273 0.08992805755395683
1 0.5809352517985612 0.9055755395683454 0.03597122302158273 0.10251798561151079
1 0.8534172661870504 0.9028776978417267 0.048561151079136694 0.11870503597122302
1 0.9703237410071942 0.7994604316546763 0.039568345323741004 0.08273381294964029
1 0.966726618705036 0.7221223021582733 0.02158273381294964 0.06294964028776978
1 0.564748201438849 0.7778776978417267 0.02697841726618705 0.08453237410071943
1 0.564748201438849 0.8120503597122302 0.019784172661870502 0.08633093525179857
1 0.9883093525179856 0.8947841726618705 0.023381294964028777 0.06294964028776978
1 0.9712230215827338 0.8741007194244604 0.023381294964028777 0.048561151079136694
1 0.9496402877697842 0.8426258992805755 0.030575539568345324 0.0683453237410072
1 0.9694244604316546 0.9226618705035972 0.030575539568345324 0.07733812949640288
1 0.5782374100719424 0.9703237410071942 0.01618705035971223 0.050359712230215826