1 0.15508474576271186 0.17627118644067796 0.16440677966101694 0.3525423728813559
1 0.7491525423728813 0.19491525423728814 0.488135593220339 0.3898305084745763
1 0.45084745762711864 0.09576271186440678 0.29152542372881357 0.19152542372881357
1 0.027966101694915254 0.8016949152542373 0.05593220338983051 0.37966101694915255
1 0.9533898305084746 0.5932203389830508 0.09322033898305085 0.4101694915254237
1 0.5923728813559322 0.9355932203389831 0.1847457627118644 0.1288135593220339
1 0.6033898305084746 0.5805084745762712 0.1864406779661017 0.3983050847457627
1 0.811864406779661 0.5855932203389831 0.14576271186440679 0.4
1 0.9525423728813559 0.9364406779661016 0.08135593220338982 0.1271186440677966
1 0.3576271186440678 0.5516949152542373 0.26610169491525426 0.35084745762711866
1 0.7957627118644067 0.9313559322033899 0.15084745762711865 0.13728813559322034
1 0.3516949152542373 0.9313559322033899 0.2627118644067797 0.13728813559322034