1 0.16818181818181818 0.15363636363636363 0.19090909090909092 0.30727272727272725
1 0.7663636363636364 0.19363636363636363 0.4672727272727273 0.3836363636363636
1 0.49 0.07727272727272727 0.3181818181818182 0.15454545454545454
1 0.019090909090909092 0.7709090909090909 0.038181818181818185 0.3927272727272727
1 0.97 0.6036363636363636 0.06 0.44
1 0.5963636363636363 0.9390909090909091 0.20363636363636364 0.12181818181818181
1 0.6281818181818182 0.5718181818181818 0.22181818181818183 0.43636363636363634
1 0.850909090909091 0.5890909090909091 0.1781818181818182 0.43636363636363634
1 0.9536363636363636 0.9509090909090909 0.038181818181818185 0.09818181818181818
1 0.3663636363636364 0.5272727272727272 0.30363636363636365 0.3890909090909091
1 0.8136363636363636 0.94 0.1690909090909091 0.12
1 0.3390909090909091 0.9263636363636364 0.28909090909090907 0.14727272727272728