1 0.20666666666666667 0.2816666666666667 0.41333333333333333 0.52
1 0.9616666666666667 0.49333333333333335 0.035 0.03333333333333333
1 0.9875 0.48833333333333334 0.025 0.04
1 0.9933333333333333 0.445 0.011666666666666667 0.065
1 0.8875 0.44416666666666665 0.03 0.065
1 0.8991666666666667 0.37916666666666665 0.03333333333333333 0.07666666666666666
1 0.825 0.4608333333333333 0.03 0.06666666666666667
1 0.7575 0.5075 0.02666666666666667 0.018333333333333333
1 0.7191666666666666 0.49833333333333335 0.05 0.04
1 0.7908333333333334 0.4666666666666667 0.04 0.09833333333333333
1 0.7566666666666667 0.4625 0.03166666666666667 0.06
1 0.7616666666666667 0.4075 0.03833333333333333 0.058333333333333334
1 0.6441666666666667 0.4925 0.04 0.056666666666666664
1 0.6108333333333333 0.4558333333333333 0.03166666666666667 0.051666666666666666
1 0.5791666666666667 0.4325 0.03666666666666667 0.09833333333333333
1 0.6583333333333333 0.36916666666666664 0.04 0.07
1 0.43666666666666665 0.8075 0.10666666666666667 0.24
1 0.4025 0.615 0.07666666666666666 0.16333333333333333
1 0.4375 0.9541666666666667 0.07833333333333334 0.09166666666666666
1 0.5208333333333334 0.7958333333333333 0.065 0.18166666666666667
1 0.20583333333333334 0.6125 0.14833333333333334 0.16
1 0.51 0.9775 0.06666666666666667 0.045
1 0.1575 0.8141666666666667 0.105 0.28833333333333333
1 0.2975 0.8333333333333334 0.12166666666666667 0.3333333333333333
1 0.4775 0.5825 0.09333333333333334 0.11666666666666667
1 0.07333333333333333 0.7775 0.075 0.22
1 0.5466666666666666 0.9466666666666667 0.021666666666666667 0.10333333333333333
1 0.505 0.6691666666666667 0.09 0.24166666666666667
1 0.14583333333333334 0.9275 0.13166666666666665 0.145
1 0.0325 0.9025 0.045 0.195
1 0.04 0.6383333333333333 0.07833333333333334 0.19666666666666666
1 0.66 0.7566666666666667 0.225 0.4816666666666667