1 0.22937293729372937 0.26567656765676567 0.45874587458745875 0.5165016501650165
1 0.9834983498349835 0.5272277227722773 0.033003300330033 0.033003300330033
1 0.9141914191419142 0.4744224422442244 0.0297029702970297 0.06435643564356436
1 0.9306930693069307 0.41089108910891087 0.033003300330033 0.07590759075907591
1 0.8514851485148515 0.4867986798679868 0.0297029702970297 0.066006600660066
1 0.7813531353135313 0.528052805280528 0.026402640264026403 0.018151815181518153
1 0.745049504950495 0.5156765676567657 0.04950495049504951 0.039603960396039604
1 0.8176567656765676 0.4892739273927393 0.039603960396039604 0.09735973597359736
1 0.7838283828382838 0.4834983498349835 0.03135313531353135 0.0594059405940594
1 0.7929042904290429 0.429042904290429 0.037953795379537955 0.057755775577557754
1 0.6707920792079208 0.504950495049505 0.039603960396039604 0.056105610561056105
1 0.6410891089108911 0.466996699669967 0.03135313531353135 0.05115511551155116
1 0.6113861386138614 0.4414191419141914 0.036303630363036306 0.09735973597359736
1 0.693069306930693 0.3844884488448845 0.039603960396039604 0.06930693069306931
1 0.4438943894389439 0.801980198019802 0.10561056105610561 0.2376237623762376
1 0.42326732673267325 0.6097359735973598 0.07590759075907591 0.1617161716171617
1 0.43564356435643564 0.9513201320132013 0.07755775577557755 0.09735973597359736
1 0.528052805280528 0.7962046204620462 0.06435643564356436 0.17986798679867988
1 0.22937293729372937 0.594059405940594 0.14686468646864687 0.15841584158415842
1 0.504950495049505 0.976897689768977 0.066006600660066 0.0462046204620462
1 0.16831683168316833 0.7887788778877888 0.10396039603960396 0.2854785478547855
1 0.30528052805280526 0.8242574257425742 0.12046204620462046 0.3415841584158416
1 0.5008250825082509 0.5825082508250825 0.0924092409240924 0.11551155115511551
1 0.08745874587458746 0.7475247524752475 0.07425742574257425 0.21782178217821782
1 0.5420792079207921 0.948019801980198 0.02145214521452145 0.10396039603960396
1 0.5214521452145214 0.66996699669967 0.0891089108910891 0.23927392739273928
1 0.1485148514851485 0.9092409240924092 0.13036303630363036 0.1617161716171617
1 0.03052805280528053 0.8770627062706271 0.06105610561056106 0.21287128712871287
1 0.05115511551155116 0.6064356435643564 0.10231023102310231 0.19636963696369636
1 0.6674917491749175 0.764026402640264 0.22277227722772278 0.47194719471947194