1 0.11945392491467577 0.2235494880546075 0.23890784982935154 0.4197952218430034
1 0.12627986348122866 0.2226962457337884 0.2525597269624573 0.42150170648464164
1 0.3174061433447099 0.21331058020477817 0.23208191126279865 0.4180887372013652
1 0.5784982935153583 0.2858361774744027 0.17747440273037543 0.2440273037542662
1 0.44112627986348124 0.2568259385665529 0.17235494880546076 0.31569965870307165
1 0.765358361774744 0.197098976109215 0.24061433447098976 0.39419795221843
1 0.6902730375426621 0.02901023890784983 0.09044368600682594 0.05802047781569966
1 0.9368600682593856 0.11689419795221843 0.09726962457337884 0.2030716723549488
1 0.9104095563139932 0.026450511945392493 0.059726962457337884 0.052901023890784986
1 0.9522184300341296 0.023890784982935155 0.04778156996587031 0.04778156996587031
1 0.189419795221843 0.7329351535836177 0.378839590443686 0.5341296928327645
1 0.8686006825938567 0.6160409556313993 0.2627986348122867 0.4709897610921502
1 0.8080204778156996 0.628839590443686 0.2815699658703072 0.48464163822525597