1 0.1377887788778878 0.2533003300330033 0.2755775577557756 0.466996699669967
1 0.1443894389438944 0.264026402640264 0.2887788778877888 0.44224422442244227
1 0.3424092409240924 0.23432343234323433 0.24257425742574257 0.4603960396039604
1 0.5998349834983498 0.320957095709571 0.17986798679867988 0.24092409240924093
1 0.46534653465346537 0.2978547854785479 0.17656765676567657 0.3085808580858086
1 0.7755775577557755 0.21122112211221122 0.2508250825082508 0.42244224422442245
1 0.6971947194719472 0.04867986798679868 0.09405940594059406 0.09735973597359736
1 0.9348184818481848 0.14521452145214522 0.0891089108910891 0.19636963696369636
1 0.9117161716171617 0.0429042904290429 0.06105610561056106 0.0858085808580858
1 0.9463696369636964 0.04702970297029703 0.036303630363036306 0.066006600660066
1 0.2145214521452145 0.7516501650165016 0.429042904290429 0.4966996699669967
1 0.8778877887788779 0.6303630363036303 0.24422442244224424 0.46204620462046203
1 0.8333333333333334 0.6443894389438944 0.2871287128712871 0.4752475247524752