1 0.05581761006289308 0.3199685534591195 0.11163522012578617 0.5990566037735849
1 0.13364779874213836 0.29952830188679247 0.23742138364779874 0.5707547169811321
1 0.33254716981132076 0.31761006289308175 0.3128930817610063 0.6320754716981132
1 0.6312893081761006 0.07389937106918239 0.09276729559748427 0.14779874213836477
1 0.5385220125786163 0.041666666666666664 0.08962264150943396 0.08333333333333333
1 0.8922955974842768 0.11556603773584906 0.050314465408805034 0.11163522012578617
1 0.7059748427672956 0.05188679245283019 0.0660377358490566 0.10377358490566038
1 0.8663522012578616 0.1792452830188679 0.05817610062893082 0.12106918238993711
1 0.8136792452830188 0.5691823899371069 0.040880503144654086 0.06918238993710692
1 0.7484276729559748 0.29323899371069184 0.04874213836477988 0.0959119496855346
1 0.97562893081761 0.07232704402515723 0.009433962264150943 0.07547169811320754
1 0.7334905660377359 0.1470125786163522 0.04716981132075472 0.0959119496855346
1 0.9465408805031447 0.0110062893081761 0.05660377358490566 0.0220125786163522
1 0.48742138364779874 0.03773584905660377 0.06289308176100629 0.07547169811320754
1 0.7272012578616353 0.046383647798742135 0.12735849056603774 0.09276729559748427
1 0.6485849056603774 0.20204402515723272 0.04874213836477988 0.11163522012578617
1 0.9481132075471698 0.20754716981132076 0.04716981132075472 0.08333333333333333
1 0.6124213836477987 0.029874213836477988 0.08962264150943396 0.059748427672955975
1 0.875 0.015723270440251572 0.06446540880503145 0.031446540880503145
1 0.6823899371069182 0.25943396226415094 0.03773584905660377 0.07389937106918239
1 0.8058176100628931 0.046383647798742135 0.06446540880503145 0.09276729559748427
1 0.6226415094339622 0.24764150943396226 0.0440251572327044 0.1069182389937107
1 0.8647798742138365 0.29009433962264153 0.04874213836477988 0.10849056603773585
1 0.8639937106918238 0.04481132075471698 0.08647798742138364 0.08962264150943396
1 0.7405660377358491 0.5188679245283019 0.0440251572327044 0.13679245283018868
1 0.7209119496855346 0.39622641509433965 0.05345911949685535 0.1289308176100629
1 0.9316037735849056 0.29638364779874216 0.05345911949685535 0.1069182389937107
1 0.9426100628930818 0.11477987421383648 0.05817610062893082 0.10849056603773585
1 0.4858490566037736 0.22641509433962265 0.04559748427672956 0.22169811320754718
1 0.7955974842767296 0.2916666666666667 0.05817610062893082 0.11006289308176101
1 0.5039308176100629 0.5943396226415094 0.036163522012578615 0.05188679245283019
1 0.7610062893081762 0.08176100628930817 0.059748427672955975 0.1320754716981132
1 0.9913522012578616 0.4669811320754717 0.01729559748427673 0.07861635220125786
1 0.9882075471698113 0.4080188679245283 0.018867924528301886 0.07547169811320754
1 0.6273584905660378 0.33254716981132076 0.03773584905660377 0.09276729559748427
1 0.8883647798742138 0.3474842767295597 0.04716981132075472 0.11320754716981132
1 0.9229559748427673 0.4418238993710692 0.03773584905660377 0.07547169811320754
1 0.9827044025157232 0.32625786163522014 0.0220125786163522 0.10220125786163523
1 0.9426100628930818 0.574685534591195 0.03773584905660377 0.04559748427672956
1 0.8616352201257862 0.5660377358490566 0.04559748427672956 0.07075471698113207
1 0.9512578616352201 0.025157232704402517 0.050314465408805034 0.050314465408805034
1 0.7004716981132075 0.29874213836477986 0.0330188679245283 0.0770440251572327
1 0.5817610062893082 0.48742138364779874 0.040880503144654086 0.07075471698113207
1 0.49764150943396224 0.5715408805031447 0.026729559748427674 0.07861635220125786
1 0.5613207547169812 0.16430817610062892 0.09433962264150944 0.2358490566037736
1 0.8781446540880503 0.46226415094339623 0.04874213836477988 0.12735849056603774
1 0.49056603773584906 0.28459119496855345 0.04874213836477988 0.21226415094339623
1 0.4944968553459119 0.46147798742138363 0.03459119496855346 0.1320754716981132
1 0.5707547169811321 0.34040880503144655 0.05345911949685535 0.12264150943396226
1 0.15330188679245282 0.8466981132075472 0.28773584905660377 0.30660377358490565
1 0.7177672955974843 0.7987421383647799 0.45754716981132076 0.4025157232704403