1 0.05968858131487889 0.32439446366782004 0.11937716262975778 0.6211072664359861
1 0.15051903114186851 0.3027681660899654 0.2491349480968858 0.5882352941176471
1 0.3685121107266436 0.32612456747404844 0.33217993079584773 0.6522491349480969
1 0.7015570934256056 0.06401384083044982 0.0986159169550173 0.12802768166089964
1 0.6012110726643599 0.026816608996539794 0.09515570934256055 0.05363321799307959
1 0.9749134948096886 0.09775086505190311 0.025951557093425604 0.12110726643598616
1 0.7837370242214533 0.039792387543252594 0.06920415224913495 0.07958477508650519
1 0.9584775086505191 0.16608996539792387 0.06228373702422145 0.1314878892733564
1 0.8927335640138409 0.5942906574394463 0.04325259515570934 0.07612456747404844
1 0.8261245674740484 0.2897923875432526 0.05190311418685121 0.10553633217993079
1 0.8122837370242214 0.12802768166089964 0.050173010380622836 0.10553633217993079
1 0.5458477508650519 0.02162629757785467 0.06747404844290658 0.04325259515570934
1 0.8088235294117647 0.03373702422145329 0.13667820069204153 0.06747404844290658
1 0.7188581314878892 0.18685121107266436 0.050173010380622836 0.12283737024221453
1 0.6816608996539792 0.014705882352941176 0.09688581314878893 0.029411764705882353
1 0.754325259515571 0.2517301038062284 0.04152249134948097 0.08131487889273356
1 0.893598615916955 0.03460207612456748 0.06747404844290658 0.06920415224913495
1 0.6894463667820069 0.2370242214532872 0.04671280276816609 0.11764705882352941
1 0.9541522491349481 0.2889273356401384 0.050173010380622836 0.11937716262975778
1 0.9480968858131488 0.0328719723183391 0.0726643598615917 0.0657439446366782
1 0.8131487889273357 0.53719723183391 0.04671280276816609 0.15051903114186851
1 0.7941176470588235 0.4022491349480969 0.05709342560553633 0.14186851211072665
1 0.5380622837370242 0.21107266435986158 0.04671280276816609 0.24394463667820068
1 0.8780276816608996 0.2889273356401384 0.06055363321799308 0.11937716262975778
1 0.5519031141868512 0.615916955017301 0.03806228373702422 0.05709342560553633
1 0.8416955017301038 0.06401384083044982 0.06401384083044982 0.12802768166089964
1 0.6920415224913494 0.3304498269896194 0.039792387543252594 0.10207612456747404
1 0.9749134948096886 0.35121107266435986 0.04325259515570934 0.1245674740484429
1 0.9455017301038062 0.5916955017301038 0.050173010380622836 0.07785467128027682
1 0.773356401384083 0.29498269896193774 0.03633217993079585 0.0847750865051903
1 0.639273356401384 0.4991349480968858 0.04498269896193772 0.07785467128027682
1 0.5449826989619377 0.5908304498269896 0.02768166089965398 0.0847750865051903
1 0.6228373702422145 0.1444636678200692 0.0986159169550173 0.2577854671280277
1 0.9653979238754326 0.47750865051903113 0.05190311418685121 0.14013840830449828
1 0.5423875432525952 0.2750865051903114 0.050173010380622836 0.23356401384083045
1 0.5441176470588235 0.46972318339100344 0.03633217993079585 0.1453287197231834
1 0.6306228373702422 0.3382352941176471 0.05709342560553633 0.13494809688581316
1 0.16089965397923875 0.860726643598616 0.3079584775086505 0.27854671280276816
1 0.7673010380622838 0.8131487889273357 0.46539792387543255 0.370242214532872