1 0.030854430379746837 0.23575949367088608 0.061708860759493674 0.31645569620253167
1 0.25158227848101267 0.20806962025316456 0.09335443037974683 0.25316455696202533
1 0.35680379746835444 0.19778481012658228 0.08860759493670886 0.23734177215189872
1 0.1194620253164557 0.14556962025316456 0.11392405063291139 0.20253164556962025
1 0.17246835443037975 0.28955696202531644 0.3449367088607595 0.4936708860759494
1 0.696993670886076 0.25949367088607594 0.44462025316455694 0.5189873417721519
1 0.040348101265822785 0.8306962025316456 0.06645569620253164 0.22468354430379747
1 0.038765822784810125 0.7832278481012658 0.07120253164556962 0.3512658227848101
1 0.40822784810126583 0.8164556962025317 0.1439873417721519 0.3069620253164557
1 0.15901898734177214 0.7626582278481012 0.314873417721519 0.47468354430379744
1 0.7460443037974683 0.7507911392405063 0.5079113924050633 0.49841772151898733