1 0.2612540192926045 0.2692926045016077 0.4340836012861736 0.44694533762057875
1 0.06270096463022508 0.2540192926045016 0.12540192926045016 0.48231511254019294
1 0.47106109324758844 0.2684887459807074 0.11736334405144695 0.4228295819935691
1 0.007234726688102894 0.18569131832797428 0.014469453376205787 0.3360128617363344
1 0.00482315112540193 0.1832797427652733 0.00964630225080386 0.3183279742765273
1 0.5635048231511254 0.2379421221864952 0.10128617363344052 0.4758842443729904
1 0.5393890675241158 0.27813504823151125 0.04823151125401929 0.3971061093247588
1 0.5594855305466238 0.2379421221864952 0.0932475884244373 0.4758842443729904
1 0.5329581993569131 0.31430868167202575 0.028938906752411574 0.32315112540192925
1 0.5506430868167203 0.3987138263665595 0.03536977491961415 0.15594855305466238
1 0.6093247588424437 0.35771704180064307 0.09485530546623794 0.2347266881028939
1 0.7057877813504824 0.23633440514469453 0.17684887459807075 0.47266881028938906
1 0.9236334405144695 0.23231511254019294 0.1495176848874598 0.4646302250803859
1 0.8689710610932476 0.3311897106109325 0.0932475884244373 0.27009646302250806
1 0.8159163987138264 0.3633440514469453 0.06591639871382636 0.20739549839228297
1 0.927652733118971 0.23231511254019294 0.1414790996784566 0.4646302250803859
1 0.08762057877813505 0.5956591639871383 0.1752411575562701 0.21382636655948553
1 0.7098070739549839 0.8834405144694534 0.3392282958199357 0.22990353697749197