1 0.37826797385620914 0.20098039215686275 0.32189542483660133 0.4019607843137255
1 0.16094771241830066 0.17401960784313725 0.2826797385620915 0.3480392156862745
1 0.03758169934640523 0.3276143790849673 0.07026143790849673 0.25
1 0.11601307189542484 0.31209150326797386 0.13071895424836602 0.2173202614379085
1 0.06209150326797386 0.09477124183006536 0.07516339869281045 0.1895424836601307
1 0.6862745098039216 0.14215686274509803 0.19281045751633988 0.21405228758169934
1 0.9477124183006536 0.16911764705882354 0.10457516339869281 0.19444444444444445
1 0.7589869281045751 0.14787581699346405 0.13398692810457516 0.1781045751633987
1 0.8415032679738562 0.3145424836601307 0.1437908496732026 0.15849673202614378
1 0.272875816993464 0.7549019607843137 0.4362745098039216 0.4852941176470588
1 0.8741830065359477 0.7859477124183006 0.238562091503268 0.42810457516339867