1 0.19801980198019803 0.46947194719471946 0.39603960396039606 0.29207920792079206
1 0.778052805280528 0.24752475247524752 0.4405940594059406 0.49504950495049505
1 0.17326732673267325 0.9496699669966997 0.052805280528052806 0.10066006600660066
1 0.21287128712871287 0.6757425742574258 0.0429042904290429 0.11056105610561057
1 0.3613861386138614 0.9108910891089109 0.041254125412541254 0.10561056105610561
1 0.09900990099009901 0.726897689768977 0.04785478547854786 0.13696369636963696
1 0.04702970297029703 0.7475247524752475 0.07260726072607261 0.20627062706270627
1 0.2202970297029703 0.8721122112211221 0.052805280528052806 0.16501650165016502
1 0.33745874587458746 0.801980198019802 0.05115511551155116 0.1485148514851485
1 0.29372937293729373 0.943069306930693 0.037953795379537955 0.10726072607260725
1 0.4018151815181518 0.8655115511551155 0.04950495049504951 0.14026402640264027
1 0.2599009900990099 0.8283828382838284 0.0594059405940594 0.1551155115511551
1 0.41006600660066006 0.9818481848184818 0.041254125412541254 0.036303630363036306
1 0.0297029702970297 0.6287128712871287 0.0429042904290429 0.033003300330033
1 0.3069306930693069 0.8679867986798679 0.04950495049504951 0.16666666666666666
1 0.07590759075907591 0.9438943894389439 0.036303630363036306 0.11221122112211221
1 0.17244224422442245 0.7277227722772277 0.24917491749174916 0.26897689768976896
1 0.3481848184818482 0.6658415841584159 0.07425742574257425 0.16336633663366337
1 0.3795379537953795 0.6336633663366337 0.04785478547854786 0.10396039603960396
1 0.3118811881188119 0.6608910891089109 0.06765676567656766 0.14686468646864687
1 0.37623762376237624 0.6938943894389439 0.07755775577557755 0.22442244224422442
1 0.05198019801980198 0.9620462046204621 0.034653465346534656 0.07590759075907591
1 0.759075907590759 0.7846534653465347 0.48184818481848185 0.4240924092409241