1 0.14285714285714285 0.14285714285714285 0.2783882783882784 0.2857142857142857
1 0.7234432234432234 0.14835164835164835 0.5531135531135531 0.2967032967032967
1 0.06776556776556776 0.5485347985347986 0.038461538461538464 0.09523809523809523
1 0.18406593406593408 0.86996336996337 0.0641025641025641 0.20695970695970695
1 0.36813186813186816 0.49542124542124544 0.016483516483516484 0.08791208791208792
1 0.08791208791208792 0.7225274725274725 0.045787545787545784 0.1336996336996337
1 0.16941391941391942 0.4597069597069597 0.018315018315018316 0.045787545787545784
1 0.23809523809523808 0.5641025641025641 0.02564102564102564 0.056776556776556776
1 0.2216117216117216 0.6025641025641025 0.027472527472527472 0.06227106227106227
1 0.3507326007326007 0.4697802197802198 0.023809523809523808 0.056776556776556776
1 0.03571428571428571 0.6391941391941391 0.0347985347985348 0.07875457875457875
1 0.31868131868131866 0.4697802197802198 0.023809523809523808 0.056776556776556776
1 0.07692307692307693 0.8910256410256411 0.10256410256410256 0.20512820512820512
1 0.3067765567765568 0.9542124542124543 0.031135531135531136 0.08424908424908426
1 0.24267399267399267 0.9523809523809523 0.05311355311355311 0.08608058608058608
1 0.35714285714285715 0.7884615384615384 0.029304029304029304 0.20146520146520147
1 0.24358974358974358 0.8727106227106227 0.04395604395604396 0.07692307692307693
1 0.22985347985347984 0.6877289377289377 0.05128205128205128 0.10805860805860806
1 0.1346153846153846 0.6227106227106227 0.054945054945054944 0.16483516483516483
1 0.009157509157509158 0.673992673992674 0.018315018315018316 0.10989010989010989
1 0.027472527472527472 0.4807692307692308 0.04212454212454213 0.1684981684981685
1 0.26465201465201466 0.40476190476190477 0.031135531135531136 0.08791208791208792
1 0.21428571428571427 0.5439560439560439 0.029304029304029304 0.0695970695970696
1 0.29212454212454214 0.6804029304029304 0.029304029304029304 0.08791208791208792
1 0.2793040293040293 0.76007326007326 0.040293040293040296 0.0695970695970696
1 0.2316849816849817 0.7857142857142857 0.029304029304029304 0.08608058608058608
1 0.3415750915750916 0.7243589743589743 0.040293040293040296 0.11172161172161173
1 0.16666666666666666 0.7326007326007326 0.08241758241758242 0.10622710622710622
1 0.0347985347985348 0.7838827838827839 0.05128205128205128 0.08424908424908426
1 0.1987179487179487 0.4523809523809524 0.018315018315018316 0.05128205128205128
1 0.28296703296703296 0.8232600732600732 0.045787545787545784 0.09340659340659341
1 0.7692307692307693 0.8076923076923077 0.45787545787545786 0.38461538461538464