1 0.16382252559726962 0.19880546075085323 0.3242320819112628 0.39761092150170646
1 0.7389078498293515 0.20477815699658702 0.5221843003412969 0.40955631399317405
1 0.12457337883959044 0.6424914675767918 0.03583617747440273 0.08873720136518772
1 0.23208191126279865 0.9215017064846417 0.059726962457337884 0.15017064846416384
1 0.4044368600682594 0.5938566552901023 0.015358361774744027 0.08191126279863481
1 0.14334470989761092 0.8054607508532423 0.042662116040955635 0.12457337883959044
1 0.21928327645051193 0.5597269624573379 0.017064846416382253 0.042662116040955635
1 0.024744027303754267 0.8831058020477816 0.04948805460750853 0.2167235494880546
1 0.2832764505119454 0.6578498293515358 0.023890784982935155 0.052901023890784986
1 0.26791808873720135 0.6928327645051194 0.025597269624573378 0.05802047781569966
1 0.38822525597269625 0.5699658703071673 0.02218430034129693 0.052901023890784986
1 0.0947098976109215 0.7278156996587031 0.032423208191126277 0.07337883959044368
1 0.3583617747440273 0.5691126279863481 0.02218430034129693 0.052901023890784986
1 0.13395904436860068 0.9308873720136519 0.09385665529010238 0.12798634812286688
1 0.2883959044368601 0.9880546075085325 0.04778156996587031 0.017064846416382253
1 0.39419795221843 0.8668941979522184 0.027303754266211604 0.18771331058020477
1 0.2883959044368601 0.9453924914675768 0.040955631399317405 0.07167235494880546
1 0.27559726962457337 0.7721843003412969 0.04778156996587031 0.10068259385665529
1 0.18686006825938567 0.712457337883959 0.051194539249146756 0.15358361774744028
1 0.05460750853242321 0.7610921501706485 0.04948805460750853 0.10238907849829351
1 0.08703071672354949 0.5802047781569966 0.03924914675767918 0.15699658703071673
1 0.30802047781569963 0.5093856655290102 0.02901023890784983 0.08191126279863481
1 0.26109215017064846 0.6382252559726962 0.027303754266211604 0.06484641638225255
1 0.33361774744027306 0.7662116040955631 0.027303754266211604 0.08191126279863481
1 0.3216723549488055 0.8395904436860068 0.03754266211604096 0.06484641638225255
1 0.2773037542662116 0.8643344709897611 0.027303754266211604 0.08020477815699659
1 0.3796928327645051 0.8071672354948806 0.03754266211604096 0.10409556313993173
1 0.2167235494880546 0.8139931740614335 0.07679180887372014 0.09897610921501707
1 0.09385665529010238 0.8626279863481229 0.04778156996587031 0.07849829351535836
1 0.04522184300341297 0.4906143344709898 0.030716723549488054 0.06825938566552901
1 0.24658703071672355 0.5537542662116041 0.017064846416382253 0.04778156996587031
1 0.3250853242320819 0.8984641638225256 0.042662116040955635 0.08703071672354949
1 0.0034129692832764505 0.5085324232081911 0.006825938566552901 0.08191126279863481
1 0.7815699658703071 0.8532423208191127 0.4300341296928328 0.2935153583617747