1 0.2782258064516129 0.20241935483870968 0.08225806451612903 0.39838709677419354
1 0.1346774193548387 0.1879032258064516 0.2693548387096774 0.36935483870967745
1 0.010483870967741936 0.09112903225806451 0.020967741935483872 0.16612903225806452
1 0.03951612903225806 0.08548387096774193 0.06451612903225806 0.15645161290322582
1 0.7612903225806451 0.1596774193548387 0.47096774193548385 0.3193548387096774
1 0.16451612903225807 0.7 0.32903225806451614 0.6
1 0.5088709677419355 0.6411290322580645 0.11129032258064517 0.22741935483870968
1 0.3903225806451613 0.5483870967741935 0.14193548387096774 0.3016129032258065
1 0.36774193548387096 0.5258064516129032 0.0967741935483871 0.25483870967741934
1 0.8862903225806451 0.542741935483871 0.22741935483870968 0.30806451612903224
1 0.7379032258064516 0.5854838709677419 0.12741935483870967 0.30806451612903224
1 0.632258064516129 0.6862903225806452 0.0467741935483871 0.1435483870967742