1 0.23062730627306274 0.31642066420664205 0.4612546125461255 0.6328413284132841
1 0.8431734317343174 0.5525830258302583 0.31365313653136534 0.24907749077490776
1 0.10055350553505535 0.6577490774907749 0.2011070110701107 0.09778597785977859
1 0.7435424354243543 0.9843173431734318 0.07380073800738007 0.03136531365313653
1 0.809040590405904 0.705719557195572 0.08302583025830258 0.08487084870848709
1 0.8846863468634686 0.7075645756457565 0.05719557195571956 0.07564575645756458
1 0.9418819188191881 0.705719557195572 0.05350553505535055 0.06457564575645756
1 0.9760147601476015 0.7343173431734318 0.025830258302583026 0.11439114391143912
1 0.9317343173431735 0.8662361623616236 0.09225092250922509 0.26752767527675275
1 0.8219557195571956 0.7075645756457565 0.04981549815498155 0.08487084870848709
1 0.5359778597785978 0.6808118081180812 0.08302583025830258 0.07380073800738007
1 0.4483394833948339 0.731549815498155 0.09040590405904059 0.1863468634686347
1 0.5830258302583026 0.7177121771217713 0.06457564575645756 0.13837638376383765
1 0.7398523985239852 0.7702952029520295 0.09225092250922509 0.22324723247232472
1 0.6540590405904059 0.742619926199262 0.09225092250922509 0.18081180811808117
1 0.6586715867158671 0.6863468634686347 0.04059040590405904 0.06273062730627306
1 0.5894833948339483 0.8773062730627307 0.08302583025830258 0.18081180811808117
1 0.6669741697416974 0.9086715867158671 0.08302583025830258 0.18265682656826568
1 0.7333948339483395 0.8985239852398524 0.07564575645756458 0.16974169741697417
1 0.7979704797047971 0.8625461254612546 0.07195571955719557 0.22693726937269373
1 0.8404059040590406 0.8837638376383764 0.06457564575645756 0.23247232472324722
1 0.4317343173431734 0.6632841328413284 0.03874538745387454 0.04981549815498155
1 0.47232472324723246 0.8911439114391144 0.06642066420664207 0.2177121771217712
1 0.6236162361623616 0.966789667896679 0.05166051660516605 0.06642066420664207
1 0.5239852398523985 0.9105166051660517 0.07011070110701106 0.17896678966789667
1 0.4151291512915129 0.9142066420664207 0.04797047970479705 0.16420664206642066
1 0.41051660516605165 0.9308118081180812 0.03874538745387454 0.12915129151291513