1 0.18790849673202614 0.37254901960784315 0.3758169934640523 0.7189542483660131
1 0.7990196078431373 0.5661764705882353 0.4019607843137255 0.2369281045751634
1 0.10620915032679738 0.7663398692810458 0.17483660130718953 0.08823529411764706
1 0.7132352941176471 0.9673202614379085 0.06535947712418301 0.03594771241830065
1 0.8733660130718954 0.9599673202614379 0.04738562091503268 0.021241830065359478
1 0.7303921568627451 0.7099673202614379 0.07516339869281045 0.07516339869281045
1 0.7965686274509803 0.7009803921568627 0.05065359477124183 0.06699346405228758
1 0.8455882352941176 0.6919934640522876 0.049019607843137254 0.05718954248366013
1 0.9681372549019608 0.6919934640522876 0.06209150326797386 0.08006535947712418
1 0.9035947712418301 0.7099673202614379 0.07352941176470588 0.10457516339869281
1 0.9665032679738562 0.7124183006535948 0.06209150326797386 0.12091503267973856
1 0.9926470588235294 0.8504901960784313 0.014705882352941176 0.1781045751633987
1 0.9910130718954249 0.920751633986928 0.017973856209150325 0.07679738562091504
1 0.9468954248366013 0.8790849673202614 0.08823529411764706 0.17320261437908496
1 0.8602941176470589 0.8349673202614379 0.08496732026143791 0.24183006535947713
1 0.7418300653594772 0.7099673202614379 0.0457516339869281 0.07516339869281045
1 0.4877450980392157 0.7263071895424836 0.07516339869281045 0.06699346405228758
1 0.41830065359477125 0.7826797385620915 0.08169934640522876 0.1650326797385621
1 0.5334967320261438 0.7524509803921569 0.058823529411764705 0.12254901960784313
1 0.6781045751633987 0.7761437908496732 0.08496732026143791 0.1977124183006536
1 0.5996732026143791 0.7647058823529411 0.08333333333333333 0.16013071895424835
1 0.5955882352941176 0.7140522875816994 0.03758169934640523 0.05718954248366013
1 0.5612745098039216 0.8905228758169934 0.07516339869281045 0.16176470588235295
1 0.6339869281045751 0.9093137254901961 0.07516339869281045 0.16666666666666666
1 0.6895424836601307 0.8897058823529411 0.07026143790849673 0.15196078431372548
1 0.7418300653594772 0.8488562091503268 0.06699346405228758 0.20098039215686275
1 0.7834967320261438 0.8684640522875817 0.06045751633986928 0.22058823529411764
1 0.3946078431372549 0.7254901960784313 0.03431372549019608 0.0457516339869281
1 0.4599673202614379 0.9117647058823529 0.06045751633986928 0.17647058823529413
1 0.6037581699346405 0.9648692810457516 0.0457516339869281 0.058823529411764705
1 0.5089869281045751 0.9248366013071896 0.06372549019607843 0.1503267973856209
1 0.41421568627450983 0.9370915032679739 0.04411764705882353 0.12581699346405228
1 0.41094771241830064 0.9526143790849673 0.03431372549019608 0.09477124183006536
1 0.9297385620915033 0.9526143790849673 0.04738562091503268 0.026143790849673203