1 0.35066006600660066 0.21287128712871287 0.3184818481848185 0.42574257425742573
1 0.13448844884488448 0.21122112211221122 0.26897689768976896 0.38943894389438943
1 0.033003300330033 0.4051155115511551 0.066006600660066 0.2524752475247525
1 0.10891089108910891 0.37706270627062705 0.12871287128712872 0.21782178217821782
1 0.027227722772277228 0.1476897689768977 0.054455445544554455 0.23597359735973597
1 0.650990099009901 0.11716171617161716 0.19141914191419143 0.21287128712871287
1 0.9224422442244224 0.10066006600660066 0.11386138613861387 0.19306930693069307
1 0.7244224422442245 0.11138613861386139 0.132013201320132 0.1782178217821782
1 0.8333333333333334 0.264026402640264 0.1419141914191419 0.15676567656765678
1 0.334983498349835 0.7755775577557755 0.43234323432343236 0.44884488448844884
1 0.9133663366336634 0.7458745874587459 0.17326732673267325 0.45874587458745875