1 0.25625 0.23839285714285716 0.48928571428571427 0.475
1 0.055357142857142855 0.24821428571428572 0.11071428571428571 0.45714285714285713
1 0.48839285714285713 0.22678571428571428 0.1375 0.45357142857142857
1 0.5928571428571429 0.22410714285714287 0.11785714285714285 0.44821428571428573
1 0.5651785714285714 0.22857142857142856 0.060714285714285714 0.44107142857142856
1 0.5883928571428572 0.22410714285714287 0.10892857142857143 0.44821428571428573
1 0.5589285714285714 0.26875 0.039285714285714285 0.35892857142857143
1 0.5794642857142858 0.36160714285714285 0.04285714285714286 0.1732142857142857
1 0.64375 0.3151785714285714 0.10892857142857143 0.2625
1 0.7508928571428571 0.22142857142857142 0.2017857142857143 0.44285714285714284
1 0.9517857142857142 0.21428571428571427 0.08928571428571429 0.42857142857142855
1 0.9321428571428572 0.28035714285714286 0.10892857142857143 0.3
1 0.8741071428571429 0.31785714285714284 0.07857142857142857 0.23214285714285715
1 0.95625 0.21428571428571427 0.08035714285714286 0.42857142857142855
1 0.08482142857142858 0.5883928571428572 0.16964285714285715 0.2375
1 0.7651785714285714 0.88125 0.37857142857142856 0.23035714285714284