1 0.789612676056338 0.12323943661971831 0.4102112676056338 0.24647887323943662
1 0.035211267605633804 0.960387323943662 0.056338028169014086 0.07922535211267606
1 0.017605633802816902 0.8107394366197183 0.03169014084507042 0.3785211267605634
1 0.040492957746478875 0.8433098591549296 0.07394366197183098 0.31338028169014087
1 0.11267605633802817 0.8591549295774648 0.0880281690140845 0.28169014084507044
1 0.2068661971830986 0.7860915492957746 0.0880281690140845 0.4225352112676056
1 0.25880281690140844 0.7790492957746479 0.07746478873239436 0.44190140845070425
1 0.31338028169014087 0.8169014084507042 0.0880281690140845 0.36619718309859156
1 0.3926056338028169 0.8908450704225352 0.08450704225352113 0.21830985915492956
1 0.5035211267605634 0.7922535211267606 0.15845070422535212 0.4154929577464789
1 0.8230633802816901 0.6205985915492958 0.3538732394366197 0.7517605633802817
1 0.6161971830985915 0.4295774647887324 0.06338028169014084 0.14612676056338028