1 0.481629392971246 0.24361022364217252 0.21884984025559107 0.48722044728434505
1 0.9584664536741214 0.1621405750798722 0.08306709265175719 0.2507987220447284
1 0.07507987220447285 0.6829073482428115 0.1501597444089457 0.48083067092651754
1 0.505591054313099 0.536741214057508 0.08626198083067092 0.10383386581469649
1 0.034345047923322686 0.4928115015974441 0.06869009584664537 0.09744408945686901
1 0.012779552715654952 0.46485623003194887 0.025559105431309903 0.04153354632587859
1 0.011182108626198083 0.45926517571884984 0.022364217252396165 0.03194888178913738
1 0.00718849840255591 0.46565495207667734 0.01437699680511182 0.0463258785942492
1 0.005591054313099041 0.4936102236421725 0.011182108626198083 0.09904153354632587
1 0.009584664536741214 0.5175718849840255 0.019169329073482427 0.06070287539936102
1 0.013578274760383386 0.4712460063897764 0.027156549520766772 0.054313099041533544
1 0.7963258785942492 0.7691693290734825 0.16613418530351437 0.2476038338658147