1 0.2647058823529412 0.19934640522875818 0.28104575163398693 0.39869281045751637
1 0.7116013071895425 0.21895424836601307 0.09640522875816994 0.23202614379084968
1 0.6838235294117647 0.05392156862745098 0.07026143790849673 0.10784313725490197
1 0.48284313725490197 0.5441176470588235 0.06372549019607843 0.12418300653594772
1 0.7083333333333334 0.45098039215686275 0.07352941176470588 0.26143790849673204
1 0.9877450980392157 0.22794117647058823 0.024509803921568627 0.23039215686274508
1 0.8104575163398693 0.21160130718954248 0.08660130718954248 0.17647058823529413
1 0.4918300653594771 0.04820261437908497 0.14052287581699346 0.09640522875816994
1 0.7785947712418301 0.4869281045751634 0.06372549019607843 0.238562091503268
1 0.4444444444444444 0.21486928104575165 0.0784313725490196 0.27941176470588236
1 0.5751633986928104 0.28513071895424835 0.10784313725490197 0.4133986928104575
1 0.7598039215686274 0.027777777777777776 0.08823529411764706 0.05555555555555555
1 0.8684640522875817 0.30800653594771243 0.058823529411764705 0.13398692810457516
1 0.4215686274509804 0.1772875816993464 0.032679738562091505 0.21405228758169934
1 0.5179738562091504 0.5400326797385621 0.08823529411764706 0.1323529411764706
1 0.8357843137254902 0.41421568627450983 0.06045751633986928 0.2107843137254902
1 0.9191176470588235 0.4591503267973856 0.06372549019607843 0.28594771241830064
1 0.7916666666666666 0.10130718954248366 0.09640522875816994 0.20261437908496732
1 0.4452614379084967 0.3937908496732026 0.08006535947712418 0.27124183006535946
1 0.6013071895424836 0.5261437908496732 0.09803921568627451 0.16013071895424835
1 0.4411764705882353 0.35866013071895425 0.0718954248366013 0.3088235294117647
1 0.4493464052287582 0.06781045751633986 0.08823529411764706 0.13562091503267973
1 0.9493464052287581 0.09803921568627451 0.058823529411764705 0.19607843137254902
1 0.886437908496732 0.13480392156862744 0.06699346405228758 0.2696078431372549
1 0.05555555555555555 0.7941176470588235 0.1111111111111111 0.3758169934640523
1 0.24509803921568626 0.8031045751633987 0.3202614379084967 0.3937908496732026
1 0.5179738562091504 0.8031045751633987 0.22549019607843138 0.3937908496732026