1 0.18660714285714286 0.18660714285714286 0.3339285714285714 0.3732142857142857
1 0.6741071428571429 0.20089285714285715 0.12321428571428572 0.26071428571428573
1 0.6544642857142857 0.04375 0.08214285714285714 0.07321428571428572
1 0.4 0.5375 0.07857142857142857 0.14107142857142857
1 0.6526785714285714 0.45357142857142857 0.1 0.2910714285714286
1 0.9758928571428571 0.2330357142857143 0.048214285714285716 0.25535714285714284
1 0.7821428571428571 0.2 0.10714285714285714 0.1982142857142857
1 0.4446428571428571 0.027678571428571427 0.15714285714285714 0.055357142857142855
1 0.7267857142857143 0.4982142857142857 0.0875 0.2642857142857143
1 0.3830357142857143 0.17589285714285716 0.10714285714285714 0.3107142857142857
1 0.5205357142857143 0.2625 0.14821428571428572 0.4589285714285714
1 0.8383928571428572 0.3098214285714286 0.075 0.15
1 0.3607142857142857 0.13303571428571428 0.05178571428571429 0.2357142857142857
1 0.43839285714285714 0.5357142857142857 0.10714285714285714 0.15178571428571427
1 0.7946428571428571 0.4232142857142857 0.08214285714285714 0.23392857142857143
1 0.8821428571428571 0.4785714285714286 0.09107142857142857 0.31607142857142856
1 0.76875 0.10357142857142858 0.11785714285714285 0.17857142857142858
1 0.3705357142857143 0.37142857142857144 0.10714285714285714 0.30178571428571427
1 0.5303571428571429 0.5267857142857143 0.11964285714285715 0.18214285714285713
1 0.36875 0.33214285714285713 0.10178571428571428 0.34285714285714286
1 0.3982142857142857 0.04642857142857143 0.10357142857142858 0.09285714285714286
1 0.98125 0.6125 0.030357142857142857 0.06964285714285715
1 0.9410714285714286 0.11160714285714286 0.075 0.16785714285714284
1 0.8696428571428572 0.14732142857142858 0.08928571428571429 0.25
1 0.15535714285714286 0.78125 0.3107142857142857 0.4089285714285714
1 0.41875 0.8 0.2732142857142857 0.4