1 0.2099673202614379 0.37745098039215685 0.24183006535947713 0.28921568627450983
1 0.8415032679738562 0.25 0.31699346405228757 0.5
1 0.0915032679738562 0.7736928104575164 0.17973856209150327 0.4526143790849673
1 0.27450980392156865 0.7589869281045751 0.1454248366013072 0.477124183006536
1 0.03104575163398693 0.7745098039215687 0.05065359477124183 0.20098039215686275
1 0.028594771241830064 0.7459150326797386 0.04738562091503268 0.20915032679738563
1 0.9697712418300654 0.8047385620915033 0.06045751633986928 0.29901960784313725
1 0.9068627450980392 0.8169934640522876 0.06699346405228758 0.3055555555555556
1 0.3815359477124183 0.7549019607843137 0.10294117647058823 0.49019607843137253
1 0.7214052287581699 0.8398692810457516 0.07026143790849673 0.25
1 0.8390522875816994 0.821078431372549 0.08333333333333333 0.31209150326797386
1 0.6160130718954249 0.8480392156862745 0.08660130718954248 0.25
1 0.36356209150326796 0.7663398692810458 0.06699346405228758 0.4673202614379085
1 0.35866013071895425 0.8031045751633987 0.05065359477124183 0.3937908496732026
1 0.35866013071895425 0.7671568627450981 0.05718954248366013 0.46568627450980393
1 0.5285947712418301 0.886437908496732 0.06372549019607843 0.22712418300653595
1 0.4722222222222222 0.8455882352941176 0.05392156862745098 0.2761437908496732
1 0.42892156862745096 0.6936274509803921 0.0392156862745098 0.1323529411764706
1 0.47794117647058826 0.6633986928104575 0.03104575163398693 0.11764705882352941
1 0.5261437908496732 0.6936274509803921 0.05718954248366013 0.19444444444444445