1 0.13111888111888112 0.21416083916083917 0.24825174825174826 0.3618881118881119
1 0.8767482517482518 0.3094405594405594 0.2465034965034965 0.27972027972027974
1 0.22814685314685315 0.5856643356643356 0.04195804195804196 0.09265734265734266
1 0.32255244755244755 0.8942307692307693 0.06993006993006994 0.19230769230769232
1 0.004370629370629371 0.5332167832167832 0.008741258741258742 0.12937062937062938
1 0.23863636363636365 0.7526223776223776 0.050699300699300696 0.13111888111888112
1 0.32954545454545453 0.5052447552447552 0.02097902097902098 0.045454545454545456
1 0.07080419580419581 0.7517482517482518 0.05944055944055944 0.15034965034965034
1 0.09877622377622378 0.8444055944055944 0.09090909090909091 0.26223776223776224
1 0.36975524475524474 0.6433566433566433 0.022727272727272728 0.06118881118881119
1 0.19405594405594406 0.6704545454545454 0.03671328671328671 0.07692307692307693
1 0.22115384615384615 0.8986013986013986 0.1048951048951049 0.17307692307692307
1 0.36363636363636365 0.7246503496503497 0.027972027972027972 0.1048951048951049
1 0.28846153846153844 0.659965034965035 0.05944055944055944 0.16083916083916083
1 0.15034965034965034 0.7027972027972028 0.055944055944055944 0.10839160839160839
1 0.022727272727272728 0.6966783216783217 0.045454545454545456 0.17657342657342656
1 0.19405594405594406 0.5192307692307693 0.04895104895104895 0.16258741258741258
1 0.3688811188811189 0.5882867132867133 0.033216783216783216 0.06818181818181818
1 0.36276223776223776 0.8190559440559441 0.013986013986013986 0.08216783216783216
1 0.3129370629370629 0.7657342657342657 0.08391608391608392 0.1048951048951049
1 0.1853146853146853 0.8085664335664335 0.05244755244755245 0.08391608391608392
1 0.1555944055944056 0.42482517482517484 0.03496503496503497 0.07167832167832168
1 0.3583916083916084 0.5008741258741258 0.02097902097902098 0.050699300699300696
1 0.006993006993006993 0.5052447552447552 0.013986013986013986 0.08041958041958042
1 0.07954545454545454 0.6197552447552448 0.026223776223776224 0.045454545454545456
1 0.10052447552447552 0.44143356643356646 0.03496503496503497 0.08566433566433566
1 0.6774475524475524 0.7027972027972028 0.6451048951048951 0.5944055944055944