1 0.23363636363636364 0.4890909090909091 0.4672727272727273 0.5636363636363636
1 0.7154545454545455 0.39090909090909093 0.45454545454545453 0.28
1 0.7363636363636363 0.6736363636363636 0.46545454545454545 0.1618181818181818
1 0.13090909090909092 0.9936363636363637 0.03636363636363636 0.012727272727272728
1 0.43636363636363634 0.9627272727272728 0.03272727272727273 0.07454545454545454
1 0.23 0.9445454545454546 0.02 0.045454545454545456
1 0.41 0.9454545454545454 0.023636363636363636 0.056363636363636366
1 0.3781818181818182 0.9463636363636364 0.023636363636363636 0.056363636363636366
1 0.0890909090909091 0.9436363636363636 0.04363636363636364 0.11272727272727273
1 0.4672727272727273 0.9463636363636364 0.02 0.10363636363636364
1 0.32181818181818184 0.8854545454545455 0.03272727272727273 0.0890909090909091
1 0.2772727272727273 0.9945454545454545 0.02727272727272727 0.01090909090909091
1 0.04090909090909091 0.88 0.03272727272727273 0.07454545454545454
1 0.2590909090909091 0.9363636363636364 0.02 0.05272727272727273
1 0.7863636363636364 0.9145454545454546 0.08727272727272728 0.15454545454545454
1 0.5554545454545454 0.8754545454545455 0.12727272727272726 0.24909090909090909