1 0.22603833865814696 0.365814696485623 0.23162939297124602 0.2779552715654952
1 0.8466453674121406 0.24680511182108625 0.3035143769968051 0.4936102236421725
1 0.09345047923322684 0.7651757188498403 0.1869009584664537 0.4696485623003195
1 0.2827476038338658 0.7396166134185304 0.134185303514377 0.46325878594249204
1 0.03514376996805112 0.7507987220447284 0.06549520766773163 0.1964856230031949
1 0.03354632587859425 0.7228434504792333 0.06230031948881789 0.20447284345047922
1 0.9664536741214057 0.7971246006389776 0.06070287539936102 0.29233226837060705
1 0.9001597444089456 0.8067092651757188 0.06070287539936102 0.2987220447284345
1 0.38817891373801916 0.7404153354632588 0.0926517571884984 0.48242811501597443
1 0.7180511182108626 0.8258785942492013 0.06549520766773163 0.24440894568690097
1 0.8338658146964856 0.8099041533546326 0.07507987220447285 0.305111821086262
1 0.6150159744408946 0.8330670926517572 0.08146964856230032 0.24281150159744408
1 0.3706070287539936 0.7603833865814696 0.05750798722044728 0.4792332268370607
1 0.36501597444089456 0.7883386581469649 0.04313099041533546 0.38977635782747605
1 0.365814696485623 0.7611821086261981 0.04792332268370607 0.4776357827476038
1 0.5295527156549521 0.8690095846645367 0.05750798722044728 0.2220447284345048
1 0.4744408945686901 0.8282747603833865 0.04792332268370607 0.268370607028754
1 0.4353035143769968 0.6781150159744409 0.03514376996805112 0.12779552715654952
1 0.48322683706070285 0.6493610223642172 0.02875399361022364 0.1134185303514377
1 0.5303514376996805 0.6797124600638977 0.052715654952076675 0.1900958466453674