1 0.3847402597402597 0.3474025974025974 0.2159090909090909 0.2905844155844156
1 0.5892857142857143 0.24269480519480519 0.22727272727272727 0.48538961038961037
1 0.07061688311688312 0.7491883116883117 0.14123376623376624 0.5016233766233766
1 0.11201298701298701 0.747564935064935 0.22402597402597402 0.5048701298701299
1 0.37012987012987014 0.7443181818181818 0.2824675324675325 0.5113636363636364
1 0.9675324675324676 0.7256493506493507 0.06493506493506493 0.5162337662337663
1 0.6452922077922078 0.7378246753246753 0.3051948051948052 0.5243506493506493
1 0.5576298701298701 0.7410714285714286 0.12987012987012986 0.5178571428571429
1 0.5446428571428571 0.8863636363636364 0.08279220779220779 0.22727272727272727
1 0.8912337662337663 0.7532467532467533 0.21753246753246752 0.474025974025974
1 0.5332792207792207 0.8733766233766234 0.06168831168831169 0.2532467532467532