1 0.10927672955974843 0.31446540880503143 0.21855345911949686 0.32075471698113206
1 0.8238993710691824 0.32861635220125784 0.2830188679245283 0.24528301886792453
1 0.235062893081761 0.6375786163522013 0.03459119496855346 0.08333333333333333
1 0.3490566037735849 0.9080188679245284 0.05817610062893082 0.17767295597484276
1 0.01729559748427673 0.6132075471698113 0.031446540880503145 0.1179245283018868
1 0.007075471698113208 0.5526729559748428 0.012578616352201259 0.06132075471698113
1 0.26022012578616355 0.7861635220125787 0.04245283018867924 0.1179245283018868
1 0.31761006289308175 0.5566037735849056 0.01729559748427673 0.03930817610062893
1 0.10927672955974843 0.8018867924528302 0.04874213836477988 0.13364779874213836
1 0.14386792452830188 0.8820754716981132 0.07389937106918239 0.2358490566037736
1 0.3671383647798742 0.6761006289308176 0.018867924528301886 0.05345911949685535
1 0.21147798742138366 0.7169811320754716 0.029874213836477988 0.06918238993710692
1 0.008647798742138365 0.6320754716981132 0.0110062893081761 0.06289308176100629
1 0.2578616352201258 0.9205974842767296 0.09119496855345911 0.15880503144654087
1 0.3687106918238994 0.7492138364779874 0.0220125786163522 0.09276729559748427
1 0.29559748427672955 0.6981132075471698 0.04874213836477988 0.1430817610062893
1 0.1761006289308176 0.75 0.04716981132075472 0.0959119496855346
1 0.0589622641509434 0.7578616352201258 0.03930817610062893 0.15880503144654087
1 0.19732704402515724 0.5809748427672956 0.03930817610062893 0.14622641509433962
1 0.015723270440251572 0.6375786163522013 0.026729559748427674 0.139937106918239
1 0.012578616352201259 0.5683962264150944 0.025157232704402517 0.14622641509433962
1 0.007861635220125786 0.5644654088050315 0.015723270440251572 0.11635220125786164
1 0.3608490566037736 0.6265723270440252 0.026729559748427674 0.06132075471698113
1 0.37735849056603776 0.8341194968553459 0.0110062893081761 0.07389937106918239
1 0.3278301886792453 0.7908805031446541 0.07232704402515723 0.09276729559748427
1 0.2169811320754717 0.8411949685534591 0.04559748427672956 0.07389937106918239
1 0.15487421383647798 0.5007861635220126 0.02830188679245283 0.06446540880503145
1 0.34276729559748426 0.5495283018867925 0.01729559748427673 0.0440251572327044
1 0.019654088050314465 0.5880503144654088 0.0330188679245283 0.07389937106918239
1 0.10534591194968554 0.6823899371069182 0.0220125786163522 0.03930817610062893
1 0.1069182389937107 0.5204402515723271 0.029874213836477988 0.0770440251572327
1 0.6839622641509434 0.720125786163522 0.6320754716981132 0.559748427672956