1 0.26353790613718414 0.33393501805054154 0.5126353790613718 0.575812274368231
1 0.7635379061371841 0.2870036101083033 0.4602888086642599 0.29422382671480146
1 0.7545126353790613 0.5685920577617328 0.4657039711191336 0.17509025270758122
1 0.12274368231046931 0.8655234657039711 0.04332129963898917 0.09566787003610108
1 0.4296028880866426 0.8303249097472925 0.036101083032490974 0.09025270758122744
1 0.22653429602888087 0.7833935018050542 0.021660649819494584 0.04693140794223827
1 0.2888086642599278 0.8898916967509025 0.02707581227436823 0.05776173285198556
1 0.27075812274368233 0.9259927797833934 0.02888086642599278 0.0631768953068592
1 0.4043321299638989 0.8023465703971119 0.02527075812274368 0.05776173285198556
1 0.08664259927797834 0.9431407942238267 0.03429602888086643 0.05956678700361011
1 0.37274368231046934 0.8005415162454874 0.02527075812274368 0.05776173285198556
1 0.2779783393501805 0.9711191335740073 0.05054151624548736 0.032490974729241874
1 0.18501805054151624 0.9196750902527075 0.05956678700361011 0.12274368231046931
1 0.04332129963898917 0.9503610108303249 0.052346570397111915 0.04151624548736462
1 0.08664259927797834 0.7969314079422383 0.05054151624548736 0.16787003610108303
1 0.4611913357400722 0.8095667870036101 0.023465703971119134 0.10288808664259928
1 0.3231046931407942 0.7346570397111913 0.03429602888086643 0.08844765342960288
1 0.26714801444043323 0.868231046931408 0.032490974729241874 0.0703971119133574
1 0.33754512635379064 0.9765342960288809 0.02888086642599278 0.02888086642599278
1 0.04693140794223827 0.7003610108303249 0.036101083032490974 0.0740072202166065
1 0.2563176895306859 0.7779783393501805 0.021660649819494584 0.05415162454873646
1 0.0036101083032490976 0.7157039711191335 0.007220216606498195 0.08844765342960288
1 0.7743682310469314 0.8664259927797834 0.10108303249097472 0.26714801444043323
1 0.5514440433212996 0.8113718411552346 0.14259927797833935 0.37725631768953066