1 0.13020833333333334 0.21614583333333334 0.2569444444444444 0.4322916666666667
1 0.5772569444444444 0.2786458333333333 0.16319444444444445 0.4149305555555556
1 0.22135416666666666 0.8151041666666666 0.4427083333333333 0.3663194444444444
1 0.8506944444444444 0.7022569444444444 0.1076388888888889 0.08506944444444445
1 0.9036458333333334 0.7178819444444444 0.1440972222222222 0.11458333333333333
1 0.5104166666666666 0.8168402777777778 0.059027777777777776 0.14756944444444445
1 0.7838541666666666 0.734375 0.0798611111111111 0.14930555555555555
1 0.9583333333333334 0.7213541666666666 0.07118055555555555 0.11284722222222222
1 0.5347222222222222 0.6866319444444444 0.09375 0.07465277777777778
1 0.6684027777777778 0.6918402777777778 0.10243055555555555 0.0763888888888889
1 0.5034722222222222 0.7335069444444444 0.03819444444444445 0.1388888888888889
1 0.59375 0.6927083333333334 0.10416666666666667 0.08333333333333333
1 0.4930555555555556 0.9418402777777778 0.03125 0.11631944444444445
1 0.4913194444444444 0.9253472222222222 0.026041666666666668 0.09375
1 0.8637152777777778 0.9670138888888888 0.06770833333333333 0.06597222222222222
1 0.5095486111111112 0.6857638888888888 0.043402777777777776 0.07465277777777778
1 0.8194444444444444 0.9236111111111112 0.0763888888888889 0.1527777777777778
1 0.5086805555555556 0.6666666666666666 0.041666666666666664 0.036458333333333336
1 0.4982638888888889 0.6736111111111112 0.020833333333333332 0.04861111111111111
1 0.6137152777777778 0.6753472222222222 0.09895833333333333 0.046875
1 0.8289930555555556 0.7942708333333334 0.052083333333333336 0.11284722222222222
1 0.4904513888888889 0.9739583333333334 0.026041666666666668 0.052083333333333336
1 0.5060763888888888 0.7065972222222222 0.03993055555555555 0.11631944444444445
1 0.6380208333333334 0.7664930555555556 0.06597222222222222 0.1423611111111111
1 0.4930555555555556 0.7760416666666666 0.019097222222222224 0.09375
1 0.7300347222222222 0.7057291666666666 0.0954861111111111 0.10069444444444445
1 0.734375 0.8081597222222222 0.07465277777777778 0.16145833333333334
1 0.5460069444444444 0.8177083333333334 0.029513888888888888 0.08333333333333333
1 0.6631944444444444 0.6753472222222222 0.04861111111111111 0.041666666666666664
1 0.9826388888888888 0.8298611111111112 0.017361111111111112 0.1701388888888889
1 0.5069444444444444 0.7890625 0.050347222222222224 0.14583333333333334
1 0.5026041666666666 0.671875 0.029513888888888888 0.046875
1 0.7647569444444444 0.9835069444444444 0.043402777777777776 0.03298611111111111
1 0.5737847222222222 0.9123263888888888 0.036458333333333336 0.0954861111111111
1 0.5633680555555556 0.7430555555555556 0.0763888888888889 0.11284722222222222
1 0.7708333333333334 0.6875 0.09027777777777778 0.06076388888888889
1 0.484375 0.9357638888888888 0.012152777777777778 0.05555555555555555
1 0.4965277777777778 0.6666666666666666 0.017361111111111112 0.034722222222222224
1 0.5130208333333334 0.7039930555555556 0.05381944444444445 0.109375
1 0.4930555555555556 0.9782986111111112 0.03125 0.043402777777777776