1 0.29372937293729373 0.35313531353135313 0.5874587458745875 0.7062706270627063
1 0.7813531353135313 0.3613861386138614 0.4372937293729373 0.7194719471947195
1 0.5247524752475248 0.8316831683168316 0.07590759075907591 0.1848184818481848
1 0.39026402640264024 0.9323432343234324 0.0627062706270627 0.13036303630363036
1 0.5107260726072608 0.9603960396039604 0.041254125412541254 0.07920792079207921
1 0.5404290429042904 0.9554455445544554 0.03135313531353135 0.0891089108910891
1 0.4735973597359736 0.9678217821782178 0.04785478547854786 0.06435643564356436
1 0.22772277227722773 0.9587458745874587 0.04455445544554455 0.066006600660066
1 0.33828382838283827 0.9777227722772277 0.05115511551155116 0.036303630363036306
1 0.2599009900990099 0.966996699669967 0.036303630363036306 0.05115511551155116
1 0.5759075907590759 0.8531353135313532 0.0462046204620462 0.29372937293729373
1 0.9612211221122112 0.8597359735973598 0.06105610561056106 0.28052805280528054
1 0.7400990099009901 0.8556105610561056 0.13036303630363036 0.2887788778877888