1 0.17197986577181207 0.2256711409395973 0.34395973154362414 0.44798657718120805
1 0.41191275167785235 0.27348993288590606 0.11241610738255034 0.5218120805369127
1 0.49161073825503354 0.28104026845637586 0.1342281879194631 0.5033557046979866
1 0.7827181208053692 0.2651006711409396 0.43456375838926176 0.5302013422818792
1 0.08640939597315436 0.9899328859060402 0.06543624161073826 0.020134228187919462
1 0.27936241610738255 0.9697986577181208 0.04194630872483222 0.06040268456375839
1 0.32550335570469796 0.9496644295302014 0.040268456375838924 0.10067114093959731
1 0.22483221476510068 0.9672818791946308 0.040268456375838924 0.06543624161073826
1 0.0964765100671141 0.9052013422818792 0.03355704697986577 0.07214765100671142
1 0.15100671140939598 0.8993288590604027 0.07046979865771812 0.20134228187919462
1 0.08221476510067115 0.7651006711409396 0.04865771812080537 0.10234899328859061
1 0.2835570469798658 0.886744966442953 0.04530201342281879 0.1476510067114094
1 0.2256711409395973 0.87751677852349 0.03523489932885906 0.14261744966442952
1 0.9211409395973155 0.8406040268456376 0.15771812080536912 0.3053691275167785