1 0.19806338028169015 0.3045774647887324 0.3961267605633803 0.6091549295774648
1 0.030809859154929578 0.5334507042253521 0.061619718309859156 0.22535211267605634
1 0.34419014084507044 0.5484154929577465 0.09683098591549295 0.1954225352112676
1 0.40757042253521125 0.45598591549295775 0.022887323943661973 0.14084507042253522
1 0.40316901408450706 0.4137323943661972 0.014084507042253521 0.09507042253521127
1 0.4198943661971831 0.4920774647887324 0.04753521126760563 0.24119718309859156
1 0.40669014084507044 0.42077464788732394 0.02112676056338028 0.12323943661971831
1 0.4084507042253521 0.4507042253521127 0.02464788732394366 0.10915492957746478
1 0.40316901408450706 0.34066901408450706 0.014084507042253521 0.0721830985915493
1 0.6778169014084507 0.48063380281690143 0.39436619718309857 0.33098591549295775
1 0.9683098591549296 0.5757042253521126 0.06338028169014084 0.14084507042253522
1 0.909330985915493 0.6188380281690141 0.058098591549295774 0.05457746478873239
1 0.8547535211267606 0.5880281690140845 0.058098591549295774 0.11091549295774648
1 0.795774647887324 0.5748239436619719 0.0880281690140845 0.1426056338028169
1 0.7359154929577465 0.534330985915493 0.04225352112676056 0.12323943661971831
1 0.3160211267605634 0.75 0.1602112676056338 0.20774647887323944
1 0.7790492957746479 0.8230633802816901 0.1954225352112676 0.3538732394366197