1 0.3096774193548387 0.20806451612903226 0.5580645161290323 0.4161290322580645
1 0.18225806451612903 0.050806451612903224 0.09032258064516129 0.10161290322580645
1 0.3096774193548387 0.9717741935483871 0.017741935483870968 0.05
1 0.5629032258064516 0.9806451612903225 0.01935483870967742 0.03870967741935484
1 0.5637096774193548 0.942741935483871 0.01129032258064516 0.02903225806451613
1 0.48870967741935484 0.8661290322580645 0.017741935483870968 0.04838709677419355
1 0.2814516129032258 0.917741935483871 0.016129032258064516 0.06451612903225806
1 0.20887096774193548 0.9814516129032258 0.014516129032258065 0.027419354838709678
1 0.2629032258064516 0.9814516129032258 0.01935483870967742 0.02903225806451613
1 0.0008064516129032258 0.7532258064516129 0.0016129032258064516 0.04838709677419355
1 0.0467741935483871 0.9661290322580646 0.017741935483870968 0.05161290322580645
1 0.7862903225806451 0.7467741935483871 0.4274193548387097 0.5064516129032258