1 0.2908805031446541 0.2665094339622642 0.22169811320754718 0.5204402515723271
1 0.03852201257861635 0.37264150943396224 0.0770440251572327 0.3270440251572327
1 0.1501572327044025 0.27358490566037735 0.18867924528301888 0.5188679245283019
1 0.2838050314465409 0.39544025157232704 0.1540880503144654 0.23427672955974843
1 0.01729559748427673 0.44261006289308175 0.03459119496855346 0.17452830188679244
1 0.5007861635220126 0.27908805031446543 0.2468553459119497 0.4748427672955975
1 0.7806603773584906 0.2617924528301887 0.4386792452830189 0.4889937106918239
1 0.32625786163522014 0.9064465408805031 0.04874213836477988 0.1871069182389937
1 0.8317610062893082 0.9583333333333334 0.05817610062893082 0.05345911949685535
1 0.9834905660377359 0.9386792452830188 0.026729559748427674 0.07389937106918239
1 0.9559748427672956 0.9488993710691824 0.026729559748427674 0.05660377358490566
1 0.9913522012578616 0.8883647798742138 0.01729559748427673 0.11949685534591195
1 0.9654088050314465 0.8569182389937107 0.0330188679245283 0.09119496855345911
1 0.9921383647798742 0.8199685534591195 0.015723270440251572 0.04874213836477988
1 0.9921383647798742 0.7814465408805031 0.015723270440251572 0.0440251572327044
1 0.9842767295597484 0.6690251572327044 0.02358490566037736 0.04245283018867924
1 0.6745283018867925 0.9654088050314465 0.04245283018867924 0.05345911949685535
1 0.8380503144654088 0.9221698113207547 0.06289308176100629 0.11477987421383648
1 0.8844339622641509 0.809748427672956 0.02358490566037736 0.13050314465408805
1 0.9033018867924528 0.7531446540880503 0.02830188679245283 0.11163522012578617
1 0.9198113207547169 0.714622641509434 0.025157232704402517 0.08176100628930817
1 0.43160377358490565 0.8962264150943396 0.02830188679245283 0.1509433962264151
1 0.5157232704402516 0.949685534591195 0.02830188679245283 0.10062893081761007
1 0.46855345911949686 0.97562893081761 0.03459119496855346 0.04874213836477988
1 0.4481132075471698 0.9080188679245284 0.03930817610062893 0.10220125786163523
1 0.6360062893081762 0.9316037735849056 0.0330188679245283 0.09276729559748427
1 0.6705974842767296 0.9119496855345912 0.031446540880503145 0.07232704402515723
1 0.7342767295597484 0.8789308176100629 0.02830188679245283 0.08176100628930817
1 0.7822327044025157 0.9386792452830188 0.0440251572327044 0.0959119496855346
1 0.7177672955974843 0.9544025157232704 0.03459119496855346 0.07075471698113207
1 0.5361635220125787 0.7995283018867925 0.02830188679245283 0.08176100628930817
1 0.5526729559748428 0.7602201257861635 0.02358490566037736 0.05817610062893082
1 0.7720125786163522 0.639937106918239 0.029874213836477988 0.07547169811320754
1 0.6784591194968553 0.6187106918238994 0.0220125786163522 0.05345911949685535
1 0.6407232704402516 0.6242138364779874 0.007861635220125786 0.0330188679245283
1 0.6588050314465409 0.6360062893081762 0.012578616352201259 0.026729559748427674
1 0.6320754716981132 0.6273584905660378 0.009433962264150943 0.026729559748427674
1 0.6132075471698113 0.6124213836477987 0.0110062893081761 0.040880503144654086
1 0.5794025157232704 0.6077044025157232 0.014150943396226415 0.0440251572327044
1 0.5880503144654088 0.6108490566037735 0.009433962264150943 0.03930817610062893
1 0.5699685534591195 0.6147798742138365 0.006289308176100629 0.029874213836477988
1 0.5636792452830188 0.610062893081761 0.006289308176100629 0.026729559748427674
1 0.5558176100628931 0.6022012578616353 0.0110062893081761 0.03773584905660377
1 0.5432389937106918 0.6029874213836478 0.015723270440251572 0.040880503144654086
1 0.4229559748427673 0.7995283018867925 0.01729559748427673 0.10220125786163523
1 0.4339622641509434 0.964622641509434 0.0220125786163522 0.07075471698113207
1 0.43160377358490565 0.9827044025157232 0.014150943396226415 0.03459119496855346
1 0.4331761006289308 0.9724842767295597 0.01729559748427673 0.055031446540880505
1 0.4331761006289308 0.9528301886792453 0.02358490566037736 0.09433962264150944
1 0.9952830188679245 0.6328616352201258 0.009433962264150943 0.04245283018867924
1 0.42452830188679247 0.8081761006289309 0.018867924528301886 0.06918238993710692
1 0.4190251572327044 0.7389937106918238 0.015723270440251572 0.07861635220125786
1 0.44261006289308175 0.5872641509433962 0.0220125786163522 0.05345911949685535
1 0.49842767295597484 0.5935534591194969 0.020440251572327043 0.06132075471698113
1 0.5070754716981132 0.7665094339622641 0.018867924528301886 0.06761006289308176
1 0.5432389937106918 0.8852201257861635 0.026729559748427674 0.08018867924528301
1 0.5110062893081762 0.8561320754716981 0.0220125786163522 0.07075471698113207
1 0.5487421383647799 0.970125786163522 0.020440251572327043 0.05817610062893082
1 0.42845911949685533 0.9040880503144654 0.01729559748427673 0.08018867924528301
1 0.4268867924528302 0.89937106918239 0.014150943396226415 0.06289308176100629
1 0.42138364779874216 0.7727987421383647 0.015723270440251572 0.06132075471698113
1 0.4221698113207547 0.8026729559748428 0.014150943396226415 0.07389937106918239
1 0.4418238993710692 0.809748427672956 0.029874213836477988 0.08647798742138364
1 0.42452830188679247 0.8537735849056604 0.015723270440251572 0.0880503144654088
1 0.6682389937106918 0.7319182389937107 0.018867924528301886 0.05817610062893082
1 0.6210691823899371 0.7507861635220126 0.02358490566037736 0.06761006289308176
1 0.4748427672955975 0.8325471698113207 0.03930817610062893 0.10220125786163523
1 0.7665094339622641 0.5888364779874213 0.012578616352201259 0.050314465408805034
1 0.7790880503144654 0.5935534591194969 0.014150943396226415 0.050314465408805034
1 0.8223270440251572 0.6863207547169812 0.014150943396226415 0.03459119496855346
1 0.7877358490566038 0.8443396226415094 0.02358490566037736 0.0770440251572327
1 0.7680817610062893 0.8160377358490566 0.0220125786163522 0.06289308176100629
1 0.7122641509433962 0.8875786163522013 0.026729559748427674 0.06918238993710692
1 0.6886792452830188 0.8702830188679245 0.026729559748427674 0.07389937106918239
1 0.6682389937106918 0.8443396226415094 0.026729559748427674 0.0660377358490566
1 0.6234276729559748 0.8616352201257862 0.018867924528301886 0.05345911949685535
1 0.5888364779874213 0.9088050314465409 0.031446540880503145 0.07389937106918239
1 0.595125786163522 0.9724842767295597 0.01729559748427673 0.04716981132075472
1 0.85062893081761 0.8411949685534591 0.020440251572327043 0.05660377358490566
1 0.8380503144654088 0.8136792452830188 0.025157232704402517 0.07232704402515723
1 0.7940251572327044 0.8042452830188679 0.0220125786163522 0.050314465408805034
1 0.8121069182389937 0.8018867924528302 0.014150943396226415 0.04245283018867924
1 0.7476415094339622 0.8459119496855346 0.02358490566037736 0.0770440251572327
1 0.7154088050314465 0.7948113207547169 0.01729559748427673 0.06918238993710692
1 0.779874213836478 0.7610062893081762 0.015723270440251572 0.05345911949685535
1 0.8411949685534591 0.7555031446540881 0.026729559748427674 0.050314465408805034
1 0.8388364779874213 0.6721698113207547 0.012578616352201259 0.026729559748427674
1 0.9866352201257862 0.6289308176100629 0.015723270440251572 0.0440251572327044
1 0.4331761006289308 0.964622641509434 0.020440251572327043 0.07075471698113207
1 0.42924528301886794 0.9363207547169812 0.015723270440251572 0.07547169811320754
1 0.5943396226415094 0.8223270440251572 0.020440251572327043 0.055031446540880505
1 0.5809748427672956 0.8435534591194969 0.018867924528301886 0.04245283018867924
1 0.5660377358490566 0.8734276729559748 0.025157232704402517 0.059748427672955975
1 0.5731132075471698 0.800314465408805 0.02358490566037736 0.07075471698113207
1 0.6477987421383647 0.6800314465408805 0.015723270440251572 0.05345911949685535
1 0.5322327044025157 0.7193396226415094 0.0220125786163522 0.07389937106918239
1 0.5479559748427673 0.7051886792452831 0.020440251572327043 0.06289308176100629
1 0.7924528301886793 0.660377358490566 0.020440251572327043 0.050314465408805034
1 0.8671383647798742 0.7617924528301887 0.0220125786163522 0.08176100628930817
1 0.42138364779874216 0.789308176100629 0.014150943396226415 0.059748427672955975
1 0.4724842767295597 0.7114779874213837 0.02358490566037736 0.07861635220125786
1 0.7342767295597484 0.7460691823899371 0.031446540880503145 0.07861635220125786
1 0.7948113207547169 0.7523584905660378 0.0220125786163522 0.05660377358490566
1 0.9827044025157232 0.5959119496855346 0.0110062893081761 0.036163522012578615