1 0.2785947712418301 0.26062091503267976 0.2369281045751634 0.5049019607843137
1 0.029411764705882353 0.3562091503267974 0.058823529411764705 0.33986928104575165
1 0.1323529411764706 0.27124183006535946 0.20261437908496732 0.5016339869281046
1 0.27205882352941174 0.3758169934640523 0.1650326797385621 0.24509803921568626
1 0.008169934640522876 0.4297385620915033 0.016339869281045753 0.17973856209150327
1 0.4959150326797386 0.2508169934640523 0.2647058823529412 0.49673202614379086
1 0.7761437908496732 0.2426470588235294 0.4444444444444444 0.4852941176470588
1 0.32679738562091504 0.9044117647058824 0.05555555555555555 0.19117647058823528
1 0.8521241830065359 0.9501633986928104 0.06045751633986928 0.05555555555555555
1 0.9967320261437909 0.9272875816993464 0.006535947712418301 0.07679738562091504
1 0.9803921568627451 0.9387254901960784 0.027777777777777776 0.058823529411764705
1 0.9852941176470589 0.8415032679738562 0.029411764705882353 0.09477124183006536
1 0.9959150326797386 0.6462418300653595 0.008169934640522876 0.04411764705882353
1 0.6887254901960784 0.9607843137254902 0.04411764705882353 0.05718954248366013
1 0.8570261437908496 0.9133986928104575 0.06699346405228758 0.119281045751634
1 0.9035947712418301 0.7949346405228758 0.027777777777777776 0.13725490196078433
1 0.9215686274509803 0.7361111111111112 0.03104575163398693 0.11601307189542484
1 0.9387254901960784 0.696078431372549 0.027777777777777776 0.08496732026143791
1 0.434640522875817 0.8937908496732027 0.032679738562091505 0.1568627450980392
1 0.5236928104575164 0.9477124183006536 0.03104575163398693 0.10457516339869281
1 0.4738562091503268 0.9746732026143791 0.03594771241830065 0.05065359477124183
1 0.45179738562091504 0.9052287581699346 0.042483660130718956 0.10620915032679738
1 0.6478758169934641 0.9264705882352942 0.03594771241830065 0.09640522875816994
1 0.6830065359477124 0.9060457516339869 0.03431372549019608 0.07516339869281045
1 0.7483660130718954 0.8700980392156863 0.03104575163398693 0.08496732026143791
1 0.7998366013071896 0.9313725490196079 0.04738562091503268 0.10130718954248366
1 0.7328431372549019 0.9485294117647058 0.03758169934640523 0.07352941176470588
1 0.5416666666666666 0.7908496732026143 0.03104575163398693 0.08496732026143791
1 0.5588235294117647 0.75 0.024509803921568627 0.06045751633986928
1 0.7834967320261438 0.6209150326797386 0.032679738562091505 0.0784313725490196
1 0.6862745098039216 0.6004901960784313 0.02287581699346405 0.05555555555555555
1 0.6470588235294118 0.6070261437908496 0.008169934640522876 0.03431372549019608
1 0.6666666666666666 0.6184640522875817 0.013071895424836602 0.027777777777777776
1 0.6380718954248366 0.6111111111111112 0.00980392156862745 0.027777777777777776
1 0.6176470588235294 0.5947712418300654 0.013071895424836602 0.042483660130718956
1 0.5833333333333334 0.5906862745098039 0.016339869281045753 0.0457516339869281
1 0.5915032679738562 0.5939542483660131 0.011437908496732025 0.04084967320261438
1 0.5735294117647058 0.5980392156862745 0.006535947712418301 0.03104575163398693
1 0.5669934640522876 0.5939542483660131 0.006535947712418301 0.027777777777777776
1 0.5588235294117647 0.5857843137254902 0.013071895424836602 0.0392156862745098
1 0.545751633986928 0.5866013071895425 0.017973856209150325 0.04411764705882353
1 0.42401960784313725 0.7924836601307189 0.021241830065359478 0.10620915032679738
1 0.4387254901960784 0.9640522875816994 0.024509803921568627 0.0718954248366013
1 0.4362745098039216 0.9828431372549019 0.016339869281045753 0.03431372549019608
1 0.4362745098039216 0.9722222222222222 0.0196078431372549 0.05555555555555555
1 0.43790849673202614 0.951797385620915 0.026143790849673203 0.09640522875816994
1 0.4264705882352941 0.8014705882352942 0.021241830065359478 0.07352941176470588
1 0.41830065359477125 0.7303921568627451 0.016339869281045753 0.08169934640522876
1 0.440359477124183 0.5718954248366013 0.02287581699346405 0.05555555555555555
1 0.4991830065359477 0.5776143790849673 0.02287581699346405 0.06372549019607843
1 0.5106209150326797 0.7573529411764706 0.021241830065359478 0.0718954248366013
1 0.5506535947712419 0.8799019607843137 0.027777777777777776 0.08333333333333333
1 0.5163398692810458 0.8504901960784313 0.024509803921568627 0.07352941176470588
1 0.5580065359477124 0.9673202614379085 0.021241830065359478 0.06045751633986928
1 0.43137254901960786 0.9019607843137255 0.0196078431372549 0.08333333333333333
1 0.4305555555555556 0.8962418300653595 0.016339869281045753 0.06535947712418301
1 0.4215686274509804 0.7647058823529411 0.017973856209150325 0.06372549019607843
1 0.42320261437908496 0.795751633986928 0.016339869281045753 0.07679738562091504
1 0.44362745098039214 0.803921568627451 0.032679738562091505 0.08986928104575163
1 0.4272875816993464 0.8488562091503268 0.017973856209150325 0.0915032679738562
1 0.6772875816993464 0.7189542483660131 0.021241830065359478 0.06209150326797386
1 0.6290849673202614 0.7393790849673203 0.026143790849673203 0.07026143790849673
1 0.47875816993464054 0.826797385620915 0.042483660130718956 0.10620915032679738
1 0.7777777777777778 0.5686274509803921 0.013071895424836602 0.05228758169934641
1 0.7900326797385621 0.5718954248366013 0.014705882352941176 0.05228758169934641
1 0.8366013071895425 0.6683006535947712 0.016339869281045753 0.03758169934640523
1 0.803921568627451 0.8333333333333334 0.026143790849673203 0.08006535947712418
1 0.7834967320261438 0.803921568627451 0.024509803921568627 0.06535947712418301
1 0.7263071895424836 0.8790849673202614 0.029411764705882353 0.0718954248366013
1 0.7009803921568627 0.8619281045751634 0.029411764705882353 0.07679738562091504
1 0.6797385620915033 0.8357843137254902 0.029411764705882353 0.06862745098039216
1 0.6339869281045751 0.8545751633986928 0.0196078431372549 0.05718954248366013
1 0.5988562091503268 0.9035947712418301 0.03431372549019608 0.07679738562091504
1 0.6053921568627451 0.9689542483660131 0.017973856209150325 0.05065359477124183
1 0.869281045751634 0.8284313725490197 0.021241830065359478 0.058823529411764705
1 0.8562091503267973 0.8006535947712419 0.027777777777777776 0.07516339869281045
1 0.809640522875817 0.7908496732026143 0.02287581699346405 0.05228758169934641
1 0.8284313725490197 0.7883986928104575 0.016339869281045753 0.04411764705882353
1 0.7622549019607843 0.8357843137254902 0.026143790849673203 0.08006535947712418
1 0.7279411764705882 0.7826797385620915 0.0196078431372549 0.07352941176470588
1 0.7941176470588235 0.7467320261437909 0.016339869281045753 0.05555555555555555
1 0.8578431372549019 0.7393790849673203 0.027777777777777776 0.05228758169934641
1 0.8537581699346405 0.6527777777777778 0.013071895424836602 0.027777777777777776
1 0.9983660130718954 0.6045751633986928 0.0032679738562091504 0.0457516339869281
1 0.43790849673202614 0.9640522875816994 0.02287581699346405 0.0718954248366013
1 0.43300653594771243 0.9354575163398693 0.016339869281045753 0.0784313725490196
1 0.6021241830065359 0.8137254901960784 0.021241830065359478 0.05718954248366013
1 0.5890522875816994 0.8357843137254902 0.021241830065359478 0.04411764705882353
1 0.5743464052287581 0.8676470588235294 0.027777777777777776 0.06209150326797386
1 0.5800653594771242 0.7908496732026143 0.026143790849673203 0.07352941176470588
1 0.6560457516339869 0.6650326797385621 0.016339869281045753 0.05555555555555555
1 0.5359477124183006 0.7083333333333334 0.024509803921568627 0.07679738562091504
1 0.5522875816993464 0.6928104575163399 0.02287581699346405 0.06535947712418301
1 0.8055555555555556 0.6413398692810458 0.021241830065359478 0.05228758169934641
1 0.8848039215686274 0.7459150326797386 0.024509803921568627 0.08496732026143791
1 0.4223856209150327 0.7818627450980392 0.016339869281045753 0.06209150326797386
1 0.4738562091503268 0.7009803921568627 0.024509803921568627 0.08169934640522876
1 0.7467320261437909 0.7320261437908496 0.032679738562091505 0.08169934640522876
1 0.809640522875817 0.7369281045751634 0.02287581699346405 0.058823529411764705
1 0.9975490196078431 0.5694444444444444 0.004901960784313725 0.03758169934640523