1 0.08442622950819673 0.18442622950819673 0.15245901639344261 0.36885245901639346
1 0.35327868852459016 0.09344262295081968 0.17540983606557378 0.18688524590163935
1 0.16475409836065574 0.11311475409836065 0.18524590163934426 0.2262295081967213
1 0.07049180327868852 0.06885245901639345 0.09180327868852459 0.1377049180327869
1 0.4819672131147541 0.08688524590163935 0.05901639344262295 0.1737704918032787
1 0.9360655737704918 0.25163934426229506 0.12786885245901639 0.45081967213114754
1 0.8098360655737705 0.3221311475409836 0.23278688524590163 0.2983606557377049
1 0.8163934426229508 0.040983606557377046 0.16557377049180327 0.05081967213114754
1 0.10901639344262296 0.6827868852459016 0.2180327868852459 0.5491803278688525
1 0.3262295081967213 0.7098360655737705 0.30983606557377047 0.5754098360655737
1 0.9532786885245902 0.9278688524590164 0.04426229508196721 0.14426229508196722
1 0.7655737704918033 0.9770491803278688 0.04590163934426229 0.04590163934426229
1 0.8098360655737705 0.9729508196721312 0.04262295081967213 0.054098360655737705
1 0.8368852459016394 0.9319672131147541 0.040983606557377046 0.07049180327868852
1 0.8524590163934426 0.8737704918032787 0.04426229508196721 0.10327868852459017
1 0.8770491803278688 0.9442622950819672 0.04262295081967213 0.11147540983606558
1 0.9270491803278689 0.8524590163934426 0.03934426229508197 0.10163934426229508
1 0.9565573770491803 0.8213114754098361 0.027868852459016394 0.04918032786885246
1 0.9713114754098361 0.7762295081967213 0.02622950819672131 0.06393442622950819
1 0.8622950819672132 0.7631147540983606 0.03278688524590164 0.06393442622950819
1 0.8803278688524591 0.7008196721311475 0.03442622950819672 0.07540983606557378
1 0.7991803278688525 0.7729508196721312 0.03278688524590164 0.06557377049180328
1 0.7934426229508197 0.8745901639344262 0.05245901639344262 0.13278688524590163
1 0.7270491803278688 0.8360655737704918 0.03114754098360656 0.06721311475409836
1 0.7377049180327869 0.8942622950819672 0.03770491803278689 0.08196721311475409
1 0.6754098360655738 0.9155737704918033 0.04918032786885246 0.08688524590163935
1 0.6672131147540984 0.9745901639344262 0.05245901639344262 0.05081967213114754
1 0.6155737704918033 0.8663934426229508 0.05081967213114754 0.09344262295081968
1 0.6901639344262295 0.8180327868852459 0.05245901639344262 0.07868852459016394
1 0.7647540983606558 0.7893442622950819 0.04426229508196721 0.12459016393442623
1 0.7319672131147541 0.7680327868852459 0.03278688524590164 0.05901639344262295
1 0.7426229508196721 0.7139344262295082 0.03934426229508197 0.05737704918032787
1 0.6196721311475409 0.7918032786885246 0.04262295081967213 0.06885245901639345
1 0.5901639344262295 0.7459016393442623 0.03278688524590164 0.05081967213114754
1 0.5614754098360656 0.719672131147541 0.03934426229508197 0.09672131147540984
1 0.46885245901639344 0.8442622950819673 0.040983606557377046 0.14590163934426228
1 0.5229508196721312 0.9573770491803278 0.07868852459016394 0.08524590163934426
1 0.6450819672131147 0.6663934426229509 0.04262295081967213 0.07049180327868852