1 0.052901023890784986 0.19112627986348124 0.10238907849829351 0.3822525597269625
1 0.31143344709897613 0.08873720136518772 0.17235494880546076 0.17747440273037543
1 0.11689419795221843 0.11433447098976109 0.17918088737201365 0.22866894197952217
1 0.031569965870307165 0.07167235494880546 0.052901023890784986 0.14334470989761092
1 0.4445392491467577 0.07935153583617748 0.052901023890784986 0.15870307167235495
1 0.9368600682593856 0.22696245733788395 0.12627986348122866 0.4402730375426621
1 0.7986348122866894 0.2960750853242321 0.22696245733788395 0.2986348122866894
1 0.7901023890784983 0.014505119453924915 0.17064846416382254 0.02218430034129693
1 0.09556313993174062 0.7107508532423208 0.19112627986348124 0.5614334470989761
1 0.3174061433447099 0.7158703071672355 0.2935153583617747 0.5665529010238908
1 0.9778156996587031 0.9223549488054608 0.030716723549488054 0.1552901023890785
1 0.7892491467576792 0.9786689419795221 0.042662116040955635 0.042662116040955635
1 0.8344709897610921 0.9726962457337884 0.040955631399317405 0.05460750853242321
1 0.8600682593856656 0.9283276450511946 0.03924914675767918 0.07167235494880546
1 0.8737201365187713 0.8677474402730375 0.040955631399317405 0.10580204778156997
1 0.9044368600682594 0.9411262798634812 0.03754266211604096 0.11774744027303755
1 0.9496587030716723 0.841296928327645 0.03583617747440273 0.10409556313993173
1 0.9786689419795221 0.8071672354948806 0.027303754266211604 0.04948805460750853
1 0.9880546075085325 0.7593856655290102 0.017064846416382253 0.06484641638225255
1 0.8771331058020477 0.7517064846416383 0.030716723549488054 0.06484641638225255
1 0.8924914675767918 0.6860068259385665 0.032423208191126277 0.07679180887372014
1 0.8122866894197952 0.765358361774744 0.030716723549488054 0.06655290102389079
1 0.8114334470989761 0.871160409556314 0.04778156996587031 0.1348122866894198
1 0.7406143344709898 0.8353242320819113 0.02901023890784983 0.06825938566552901
1 0.7551194539249146 0.8950511945392492 0.03583617747440273 0.08361774744027303
1 0.6911262798634812 0.9206484641638225 0.04778156996587031 0.08703071672354949
1 0.6868600682593856 0.9778156996587031 0.04948805460750853 0.04436860068259386
1 0.6262798634812287 0.8728668941979523 0.04778156996587031 0.09385665529010238
1 0.7022184300341296 0.818259385665529 0.051194539249146756 0.07849829351535836
1 0.7773037542662116 0.7849829351535836 0.03924914675767918 0.12798634812286688
1 0.742320819112628 0.7636518771331058 0.032423208191126277 0.059726962457337884
1 0.7508532423208191 0.7073378839590444 0.03924914675767918 0.05802047781569966
1 0.6262798634812287 0.7952218430034129 0.040955631399317405 0.06825938566552901
1 0.5938566552901023 0.7491467576791809 0.032423208191126277 0.051194539249146756
1 0.5622866894197952 0.7226962457337884 0.03583617747440273 0.09897610921501707
1 0.4726962457337884 0.8575085324232082 0.03583617747440273 0.15017064846416384
1 0.5349829351535836 0.9650170648464164 0.07679180887372014 0.06996587030716724
1 0.6467576791808873 0.6629692832764505 0.040955631399317405 0.06996587030716724