1 0.07674050632911393 0.2824367088607595 0.15348101265822786 0.5395569620253164
1 0.370253164556962 0.2879746835443038 0.16772151898734178 0.34177215189873417
1 0.1875 0.23734177215189872 0.1787974683544304 0.4572784810126582
1 0.06882911392405064 0.32674050632911394 0.13765822784810128 0.23259493670886075
1 0.509493670886076 0.34572784810126583 0.07911392405063292 0.17721518987341772
1 0.7879746835443038 0.40585443037974683 0.1439873417721519 0.48575949367088606
1 0.8370253164556962 0.3583860759493671 0.11550632911392406 0.21677215189873417
1 0.7555379746835443 0.3623417721518987 0.07120253164556962 0.17721518987341772
1 0.9833860759493671 0.37183544303797467 0.030063291139240507 0.14873417721518986
1 0.928006329113924 0.39794303797468356 0.08860759493670886 0.1661392405063291
1 0.7444620253164557 0.37420886075949367 0.04746835443037975 0.17563291139240506
1 0.22468354430379747 0.8299050632911392 0.3639240506329114 0.3401898734177215
1 0.5727848101265823 0.8243670886075949 0.34177215189873417 0.3512658227848101
1 0.8662974683544303 0.8156645569620253 0.2674050632911392 0.3528481012658228
1 0.7531645569620253 0.7911392405063291 0.03322784810126582 0.10126582278481013
1 0.7689873417721519 0.8813291139240507 0.06329113924050633 0.2199367088607595
1 0.7610759493670886 0.8686708860759493 0.0490506329113924 0.2468354430379747