1 0.07515822784810126 0.2990506329113924 0.15031645569620253 0.5727848101265823
1 0.370253164556962 0.2887658227848101 0.16930379746835442 0.5727848101265823
1 0.17484177215189872 0.3504746835443038 0.25316455696202533 0.4651898734177215
1 0.0490506329113924 0.5 0.09177215189873418 0.17088607594936708
1 0.4525316455696203 0.1962025316455696 0.02531645569620253 0.12658227848101267
1 0.44699367088607594 0.15822784810126583 0.015822784810126583 0.08544303797468354
1 0.46677215189873417 0.22784810126582278 0.055379746835443035 0.21835443037974683
1 0.4501582278481013 0.16455696202531644 0.022151898734177215 0.11075949367088607
1 0.4525316455696203 0.19145569620253164 0.02531645569620253 0.0981012658227848
1 0.44462025316455694 0.0925632911392405 0.014240506329113924 0.06487341772151899
1 0.7151898734177216 0.310126582278481 0.37183544303797467 0.5126582278481012
1 0.9754746835443038 0.38924050632911394 0.04588607594936709 0.1360759493670886
1 0.9699367088607594 0.28955696202531644 0.05063291139240506 0.1360759493670886
1 0.9248417721518988 0.3512658227848101 0.055379746835443035 0.09968354430379747
1 0.8734177215189873 0.2998417721518987 0.055379746835443035 0.10126582278481013
1 0.821993670886076 0.31408227848101267 0.08544303797468354 0.1787974683544304
1 0.7650316455696202 0.2555379746835443 0.04113924050632911 0.11234177215189874
1 0.07357594936708861 0.8037974683544303 0.14082278481012658 0.3924050632911392
1 0.40348101265822783 0.7848101265822784 0.13291139240506328 0.43037974683544306
1 0.19224683544303797 0.7863924050632911 0.34651898734177217 0.4272151898734177
1 0.939873417721519 0.5965189873417721 0.12025316455696203 0.09177215189873418
1 0.6756329113924051 0.5775316455696202 0.05221518987341772 0.03322784810126582
1 0.47072784810126583 0.5996835443037974 0.03164556962025317 0.06329113924050633