1 0.3927272727272727 0.24272727272727274 0.44 0.48545454545454547
1 0.05090909090909091 0.29454545454545455 0.10181818181818182 0.4109090909090909
1 0.8663636363636363 0.31727272727272726 0.26 0.26
1 0.02909090909090909 0.7672727272727272 0.045454545454545456 0.3145454545454546
1 0.031818181818181815 0.8454545454545455 0.038181818181818185 0.3090909090909091
1 0.09909090909090909 0.7436363636363637 0.19818181818181818 0.5127272727272727
1 0.6218181818181818 0.79 0.3381818181818182 0.42
1 0.7327272727272728 0.7454545454545455 0.11454545454545455 0.4818181818181818
1 0.39 0.7418181818181818 0.19454545454545455 0.5163636363636364
1 0.2545454545454545 0.7990909090909091 0.15636363636363637 0.4018181818181818
1 0.8763636363636363 0.5936363636363636 0.24727272727272728 0.32545454545454544
1 0.7990909090909091 0.65 0.06727272727272728 0.06545454545454546
1 0.7972727272727272 0.6372727272727273 0.06727272727272728 0.07818181818181819