1 0.4263636363636364 0.23272727272727273 0.4090909090909091 0.46545454545454545
1 0.05909090909090909 0.26272727272727275 0.11818181818181818 0.40545454545454546
1 0.8854545454545455 0.34363636363636363 0.2290909090909091 0.24363636363636362
1 0.019090909090909092 0.7336363636363636 0.038181818181818185 0.3145454545454546
1 0.014545454545454545 0.8290909090909091 0.02909090909090909 0.3418181818181818
1 0.0890909090909091 0.7327272727272728 0.1781818181818182 0.5345454545454545
1 0.6154545454545455 0.7990909090909091 0.3109090909090909 0.4018181818181818
1 0.73 0.7609090909090909 0.08181818181818182 0.4781818181818182
1 0.3881818181818182 0.74 0.15818181818181817 0.52
1 0.24909090909090909 0.7918181818181819 0.12727272727272726 0.4163636363636364
1 0.8854545454545455 0.62 0.2290909090909091 0.3090909090909091
1 0.8027272727272727 0.6709090909090909 0.06363636363636363 0.06181818181818182
1 0.8018181818181818 0.6572727272727272 0.06181818181818182 0.07454545454545454