1 0.2111111111111111 0.39444444444444443 0.3126984126984127 0.6047619047619047
1 0.031746031746031744 0.2857142857142857 0.050793650793650794 0.14285714285714285
1 0.3817460317460317 0.2253968253968254 0.06507936507936508 0.4507936507936508
1 0.3825396825396825 0.21428571428571427 0.06349206349206349 0.42857142857142855
1 0.4111111111111111 0.2261904761904762 0.09841269841269841 0.4523809523809524
1 0.3880952380952381 0.21587301587301588 0.0746031746031746 0.43174603174603177
1 0.75 0.23809523809523808 0.09841269841269841 0.45396825396825397
1 0.8531746031746031 0.24603174603174602 0.1253968253968254 0.4603174603174603
1 0.5023809523809524 0.23412698412698413 0.1126984126984127 0.46825396825396826
1 0.5666666666666667 0.21825396825396826 0.10634920634920635 0.43333333333333335
1 0.6436507936507937 0.2222222222222222 0.11746031746031746 0.43492063492063493
1 0.9547619047619048 0.2523809523809524 0.09047619047619047 0.4603174603174603
1 0.3968253968253968 0.20238095238095238 0.08888888888888889 0.40476190476190477
1 0.0373015873015873 0.7412698412698413 0.0746031746031746 0.12698412698412698
1 0.7777777777777778 0.8547619047619047 0.41904761904761906 0.2904761904761905
1 0.4666666666666667 0.8476190476190476 0.28888888888888886 0.3047619047619048
1 0.35 0.7817460317460317 0.044444444444444446 0.16984126984126985
1 0.38492063492063494 0.7777777777777778 0.06825396825396825 0.16031746031746033