1 0.2441860465116279 0.2217607973421927 0.4883720930232558 0.4435215946843854
1 0.022425249169435217 0.2724252491694352 0.044850498338870434 0.24584717607973422
1 0.9825581395348837 0.2857142857142857 0.02823920265780731 0.23255813953488372
1 0.7109634551495017 0.35299003322259137 0.05149501661129568 0.1345514950166113
1 0.8214285714285714 0.3488372093023256 0.046511627906976744 0.1345514950166113
1 0.7873754152823921 0.3372093023255814 0.04152823920265781 0.132890365448505
1 0.9352159468438538 0.3496677740863787 0.07475083056478406 0.12624584717607973
1 0.8737541528239202 0.34717607973421927 0.0681063122923588 0.1345514950166113
1 0.7192691029900332 0.36295681063122925 0.07641196013289037 0.11461794019933555
1 0.5988372093023255 0.37790697674418605 0.06312292358803986 0.09302325581395349
1 0.5365448504983389 0.37375415282392027 0.04817275747508306 0.10465116279069768
1 0.53156146179402 0.3795681063122924 0.03820598006644518 0.0946843853820598
1 0.6553156146179402 0.37209302325581395 0.06312292358803986 0.09966777408637874
1 0.3803986710963455 0.6503322259136213 0.2009966777408638 0.4418604651162791
1 0.20764119601328904 0.6827242524916943 0.21428571428571427 0.4983388704318937
1 0.06229235880398671 0.7200996677740864 0.12458471760797342 0.5598006644518272
1 0.4750830564784053 0.6445182724252492 0.1079734219269103 0.35714285714285715
1 0.436046511627907 0.6478405315614618 0.18604651162790697 0.33056478405315615
1 0.022425249169435217 0.8164451827242525 0.03820598006644518 0.36710963455149503
1 0.9078073089700996 0.6378737541528239 0.18438538205980065 0.4584717607973422