1 0.21660649819494585 0.22111913357400723 0.4296028880866426 0.44223826714801445
1 0.973826714801444 0.32581227436823107 0.052346570397111915 0.2545126353790614
1 0.6633574007220217 0.37906137184115524 0.05595667870036101 0.14620938628158844
1 0.7833935018050542 0.3835740072202166 0.05054151624548736 0.14620938628158844
1 0.7472924187725631 0.36732851985559567 0.04512635379061372 0.1444043321299639
1 0.9061371841155235 0.3925992779783393 0.0812274368231047 0.1371841155234657
1 0.8402527075812274 0.38537906137184114 0.0740072202166065 0.14620938628158844
1 0.6714801444043321 0.3907942238267148 0.08303249097472924 0.12454873646209386
1 0.5397111913357401 0.3971119133574007 0.06859205776173286 0.10108303249097472
1 0.4720216606498195 0.38898916967509023 0.052346570397111915 0.11371841155234658
1 0.4666064981949459 0.3944043321299639 0.04151624548736462 0.10288808664259928
1 0.6010830324909747 0.39620938628158847 0.06859205776173286 0.10830324909747292
1 0.2824909747292419 0.6768953068592057 0.2184115523465704 0.48014440433212996
1 0.10469314079422383 0.6985559566787004 0.20938628158844766 0.5415162454873647
1 0.38537906137184114 0.677797833935018 0.11732851985559567 0.388086642599278
1 0.34296028880866425 0.677797833935018 0.20216606498194944 0.3592057761732852
1 0.8772563176895307 0.703971119133574 0.24548736462093862 0.4981949458483754