1 0.27090909090909093 0.31545454545454543 0.03636363636363636 0.42363636363636364
1 0.11727272727272728 0.3209090909090909 0.23454545454545456 0.4672727272727273
1 0.025454545454545455 0.3209090909090909 0.05090909090909091 0.46
1 0.9818181818181818 0.30454545454545456 0.03636363636363636 0.5254545454545455
1 0.35818181818181816 0.28909090909090907 0.15454545454545454 0.5381818181818182
1 0.6554545454545454 0.25 0.12727272727272726 0.24727272727272728
1 0.5045454545454545 0.24909090909090909 0.15272727272727274 0.20363636363636364
1 0.92 0.24727272727272728 0.09454545454545454 0.1781818181818182
1 0.8436363636363636 0.27454545454545454 0.07454545454545454 0.1709090909090909
1 0.7572727272727273 0.3009090909090909 0.09818181818181818 0.1890909090909091
1 0.39181818181818184 0.26 0.09818181818181818 0.2018181818181818
1 0.04727272727272727 0.7927272727272727 0.09454545454545454 0.4
1 0.8463636363636363 0.7427272727272727 0.24727272727272728 0.16727272727272727