1 0.18583333333333332 0.17916666666666667 0.36833333333333335 0.35833333333333334
1 0.04083333333333333 0.16916666666666666 0.075 0.24666666666666667
1 0.4375 0.12166666666666667 0.095 0.15
1 0.5883333333333334 0.21166666666666667 0.155 0.30666666666666664
1 0.955 0.2816666666666667 0.09 0.17666666666666667
1 0.7875 0.18583333333333332 0.17 0.365
1 0.5275 0.21 0.09666666666666666 0.30666666666666664
1 0.5225 0.05 0.07833333333333334 0.1
1 0.5033333333333333 0.016666666666666666 0.03666666666666667 0.03333333333333333
1 0.5091666666666667 0.15333333333333332 0.058333333333333334 0.30666666666666664
1 0.5183333333333333 0.030833333333333334 0.07 0.06166666666666667
1 0.9516666666666667 0.030833333333333334 0.09333333333333334 0.04833333333333333
1 0.815 0.056666666666666664 0.13666666666666666 0.10333333333333333
1 0.9425 0.10333333333333333 0.115 0.19333333333333333
1 0.6866666666666666 0.08666666666666667 0.105 0.16833333333333333
1 0.5891666666666666 0.03666666666666667 0.09333333333333334 0.07166666666666667
1 0.5083333333333333 0.024166666666666666 0.05 0.04833333333333333
1 0.5158333333333334 0.029166666666666667 0.065 0.058333333333333334
1 0.5958333333333333 0.035 0.07333333333333333 0.06833333333333333
1 0.5091666666666667 0.02 0.04833333333333333 0.04
1 0.14166666666666666 0.6733333333333333 0.2833333333333333 0.6433333333333333
1 0.88 0.41583333333333333 0.058333333333333334 0.09666666666666666
1 0.965 0.99 0.05333333333333334 0.02
1 0.88 0.3925 0.03833333333333333 0.04833333333333333
1 0.9541666666666667 0.6325 0.04666666666666667 0.11
1 0.9191666666666667 0.425 0.06666666666666667 0.11333333333333333
1 0.935 0.4066666666666667 0.051666666666666666 0.07666666666666666
1 0.7766666666666666 0.39416666666666667 0.041666666666666664 0.055
1 0.8291666666666667 0.4008333333333333 0.05 0.06833333333333333
1 0.8175 0.39166666666666666 0.04 0.04833333333333333
1 0.88 0.5158333333333334 0.05 0.115
1 0.8283333333333334 0.3933333333333333 0.03833333333333333 0.051666666666666666
1 0.8066666666666666 0.5641666666666667 0.058333333333333334 0.11
1 0.6775 0.4141666666666667 0.056666666666666664 0.1
1 0.7283333333333334 0.39 0.051666666666666666 0.05
1 0.98 0.4058333333333333 0.04 0.07166666666666667
1 0.7266666666666667 0.385 0.043333333333333335 0.03833333333333333
1 0.7491666666666666 0.3958333333333333 0.03 0.06
1 0.9216666666666666 0.7758333333333334 0.07 0.15666666666666668
1 0.6166666666666667 0.4083333333333333 0.09166666666666666 0.09166666666666666
1 0.7525 0.3983333333333333 0.08333333333333333 0.06666666666666667
1 0.7208333333333333 0.5183333333333333 0.07333333333333333 0.13333333333333333
1 0.5258333333333334 0.4583333333333333 0.09833333333333333 0.13333333333333333
1 0.6208333333333333 0.6416666666666667 0.10166666666666667 0.10833333333333334
1 0.8291666666666667 0.9266666666666666 0.051666666666666666 0.11833333333333333
1 0.8266666666666667 0.8041666666666667 0.05 0.13333333333333333
1 0.8716666666666667 0.845 0.04833333333333333 0.14
1 0.6183333333333333 0.3883333333333333 0.058333333333333334 0.051666666666666666
1 0.49916666666666665 0.38416666666666666 0.041666666666666664 0.045
1 0.9866666666666667 0.4033333333333333 0.02666666666666667 0.06666666666666667