1 0.2863036303630363 0.2739273927392739 0.039603960396039604 0.3844884488448845
1 0.12953795379537955 0.2764026402640264 0.2590759075907591 0.429042904290429
1 0.0462046204620462 0.2755775577557756 0.0924092409240924 0.41914191419141916
1 0.03135313531353135 0.2764026402640264 0.0627062706270627 0.4158415841584158
1 0.033003300330033 0.27145214521452143 0.066006600660066 0.42574257425742573
1 0.9562706270627063 0.2764026402640264 0.08745874587458746 0.4801980198019802
1 0.36633663366336633 0.25165016501650167 0.1485148514851485 0.49174917491749176
1 0.636963696369637 0.22112211221122113 0.12046204620462046 0.22607260726072606
1 0.5 0.21782178217821782 0.1419141914191419 0.18811881188118812
1 0.8770627062706271 0.22277227722772278 0.08745874587458746 0.16336633663366337
1 0.8077557755775577 0.24587458745874588 0.06930693069306931 0.1551155115511551
1 0.7285478547854786 0.26815181518151815 0.0924092409240924 0.17326732673267325
1 0.3976897689768977 0.22524752475247525 0.0924092409240924 0.1848184818481848
1 0.06105610561056106 0.7524752475247525 0.12211221122112212 0.46534653465346537
1 0.8028052805280528 0.6707920792079208 0.22607260726072606 0.15676567656765678