1 0.022727272727272728 0.10363636363636364 0.045454545454545456 0.1781818181818182
1 0.06363636363636363 0.14545454545454545 0.12727272727272726 0.26545454545454544
1 0.25727272727272726 0.16818181818181818 0.28 0.3290909090909091
1 0.5672727272727273 0.1781818181818182 0.18545454545454546 0.3563636363636364
1 0.21 0.5154545454545455 0.20363636363636364 0.2290909090909091
1 0.5354545454545454 0.5081818181818182 0.16727272727272727 0.2109090909090909
1 0.2909090909090909 0.5118181818181818 0.14 0.19090909090909092
1 0.6409090909090909 0.519090909090909 0.05818181818181818 0.20545454545454545
1 0.40545454545454546 0.6845454545454546 0.1509090909090909 0.1690909090909091
1 0.6845454545454546 0.6045454545454545 0.04 0.24909090909090909
1 0.6818181818181818 0.6345454545454545 0.03090909090909091 0.20909090909090908
1 0.6909090909090909 0.83 0.034545454545454546 0.18545454545454546
1 0.6854545454545454 0.7563636363636363 0.034545454545454546 0.3509090909090909
1 0.6845454545454546 0.7609090909090909 0.025454545454545455 0.1781818181818182
1 0.6890909090909091 0.7245454545454545 0.038181818181818185 0.20545454545454545
1 0.6845454545454546 0.8418181818181818 0.01818181818181818 0.1
1 0.6963636363636364 0.8418181818181818 0.04727272727272727 0.2581818181818182
1 0.6927272727272727 0.9018181818181819 0.03272727272727273 0.18363636363636363
1 0.6909090909090909 0.96 0.02 0.06727272727272728
1 0.6690909090909091 0.3836363636363636 0.016363636363636365 0.045454545454545456
1 0.6736363636363636 0.41 0.025454545454545455 0.09818181818181818
1 0.6681818181818182 0.40636363636363637 0.014545454545454545 0.08
1 0.6672727272727272 0.3981818181818182 0.012727272727272728 0.07272727272727272
1 0.6736363636363636 0.39181818181818184 0.025454545454545455 0.06181818181818182
1 0.6663636363636364 0.37545454545454543 0.012727272727272728 0.02727272727272727
1 0.6727272727272727 0.4027272727272727 0.025454545454545455 0.08363636363636363
1 0.6754545454545454 0.4072727272727273 0.02909090909090909 0.09272727272727273
1 0.6681818181818182 0.4536363636363636 0.01090909090909091 0.06727272727272728
1 0.6809090909090909 0.43 0.04181818181818182 0.14
1 0.6754545454545454 0.48727272727272725 0.025454545454545455 0.15454545454545454
1 0.6754545454545454 0.5327272727272727 0.023636363636363636 0.1509090909090909
1 0.6772727272727272 0.5681818181818182 0.023636363636363636 0.16
1 0.730909090909091 0.4409090909090909 0.11090909090909092 0.16727272727272727
1 0.8418181818181818 0.5081818181818182 0.09272727272727273 0.30727272727272725
1 0.9745454545454545 0.6118181818181818 0.05090909090909091 0.24545454545454545
1 0.9327272727272727 0.41818181818181815 0.04727272727272727 0.13454545454545455
1 0.8981818181818182 0.6990909090909091 0.07454545454545454 0.18363636363636363
1 0.9709090909090909 0.8154545454545454 0.05818181818181818 0.2381818181818182
1 0.8954545454545455 0.9509090909090909 0.04727272727272727 0.07272727272727272
1 0.8027272727272727 0.8636363636363636 0.03636363636363636 0.18363636363636363
1 0.73 0.7118181818181818 0.06363636363636363 0.3236363636363636
1 0.7963636363636364 0.6636363636363637 0.06727272727272728 0.21636363636363637
1 0.6918181818181818 0.7209090909090909 0.04363636363636364 0.2018181818181818
1 0.6790909090909091 0.51 0.03090909090909091 0.18181818181818182
1 0.9 0.8490909090909091 0.07454545454545454 0.16545454545454547
1 0.8390909090909091 0.8463636363636363 0.06363636363636363 0.2381818181818182
1 0.6836363636363636 0.7609090909090909 0.023636363636363636 0.15636363636363637
1 0.69 0.8963636363636364 0.02727272727272727 0.16545454545454547
1 0.6854545454545454 0.7936363636363636 0.025454545454545455 0.15636363636363637
1 0.8090909090909091 0.9754545454545455 0.034545454545454546 0.02909090909090909
1 0.69 0.9736363636363636 0.01818181818181818 0.04
1 0.6881818181818182 0.9054545454545454 0.02181818181818182 0.13272727272727272
1 0.69 0.9190909090909091 0.025454545454545455 0.14909090909090908
1 0.69 0.9327272727272727 0.02181818181818182 0.12181818181818181
1 0.6809090909090909 0.56 0.034545454545454546 0.22
1 0.6763636363636364 0.5463636363636364 0.023636363636363636 0.16