1 0.19557195571955718 0.2444649446494465 0.39114391143911437 0.48154981549815495
1 0.055350553505535055 0.29059040590405905 0.11070110701107011 0.5553505535055351
1 0.9059040590405905 0.5747232472324724 0.033210332103321034 0.042435424354243544
1 0.9345018450184502 0.48154981549815495 0.02029520295202952 0.03690036900369004
1 0.816420664206642 0.5027675276752768 0.02029520295202952 0.023985239852398525
1 0.7370848708487084 0.5046125461254612 0.012915129151291513 0.023985239852398525
1 0.3800738007380074 0.6660516605166051 0.04059040590405904 0.1070110701107011
1 0.3874538745387454 0.7370848708487084 0.03136531365313653 0.1088560885608856
1 0.3551660516605166 0.8496309963099631 0.07749077490774908 0.18265682656826568
1 0.33302583025830257 0.6881918819188192 0.06088560885608856 0.14944649446494465
1 0.39022140221402213 0.955719557195572 0.03874538745387454 0.08856088560885608
1 0.275830258302583 0.6771217712177122 0.05904059040590406 0.12177121771217712
1 0.2047970479704797 0.940959409594096 0.0996309963099631 0.11808118081180811
1 0.14944649446494465 0.8321033210332104 0.1033210332103321 0.15313653136531366
1 0.08302583025830258 0.9474169741697417 0.11439114391143912 0.10516605166051661
1 0.08579335793357934 0.6964944649446494 0.16051660516605165 0.15129151291512916
1 0.21125461254612546 0.6789667896678967 0.07011070110701106 0.12177121771217712
1 0.0507380073800738 0.9012915129151291 0.07933579335793357 0.14575645756457564
1 0.26845018450184505 0.8293357933579336 0.05350553505535055 0.12915129151291513
1 0.8560885608856088 0.790590405904059 0.2878228782287823 0.4003690036900369