1 0.22049180327868853 0.18442622950819673 0.44098360655737706 0.36885245901639346
1 0.6131147540983607 0.1483606557377049 0.25901639344262295 0.2967213114754098
1 0.02622950819672131 0.9672131147540983 0.03934426229508197 0.06557377049180328
1 0.021311475409836064 0.8852459016393442 0.03278688524590164 0.19344262295081968
1 0.3557377049180328 0.9540983606557377 0.3016393442622951 0.09180327868852459
1 0.5122950819672131 0.9336065573770492 0.11639344262295082 0.13278688524590163
1 0.6081967213114754 0.9336065573770492 0.06885245901639345 0.13114754098360656
1 0.6704918032786885 0.9327868852459016 0.07213114754098361 0.12950819672131147
1 0.7540983606557377 0.9401639344262295 0.09508196721311475 0.11311475409836065
1 0.6295081967213115 0.7901639344262295 0.05901639344262295 0.13114754098360656
1 0.5426229508196722 0.8368852459016394 0.04262295081967213 0.06557377049180328
1 0.6737704918032786 0.7467213114754099 0.03934426229508197 0.1180327868852459
1 0.7532786885245901 0.7311475409836066 0.09016393442622951 0.10491803278688525
1 0.740983606557377 0.8270491803278689 0.054098360655737705 0.060655737704918035
1 0.4344262295081967 0.9016393442622951 0.05573770491803279 0.09508196721311475
1 0.054098360655737705 0.9122950819672131 0.040983606557377046 0.07377049180327869
1 0.07868852459016394 0.898360655737705 0.022950819672131147 0.03442622950819672
1 0.18442622950819673 0.8581967213114754 0.03278688524590164 0.047540983606557376
1 0.22131147540983606 0.839344262295082 0.04590163934426229 0.06885245901639345
1 0.022950819672131147 0.9918032786885246 0.029508196721311476 0.01639344262295082
1 0.3950819672131147 0.7639344262295082 0.03278688524590164 0.04590163934426229
1 0.3475409836065574 0.7975409836065573 0.02622950819672131 0.040983606557377046
1 0.12786885245901639 0.9221311475409836 0.04918032786885246 0.060655737704918035
1 0.17950819672131146 0.9180327868852459 0.04426229508196721 0.047540983606557376
1 0.8745901639344262 0.8377049180327869 0.1557377049180328 0.31475409836065577