1 0.2278688524590164 0.1180327868852459 0.4557377049180328 0.2360655737704918
1 0.16393442622950818 0.6073770491803279 0.06557377049180328 0.1737704918032787
1 0.21475409836065573 0.6262295081967213 0.047540983606557376 0.1540983606557377
1 0.26721311475409837 0.6188524590163934 0.06229508196721312 0.13934426229508196
1 0.3254098360655738 0.5991803278688524 0.047540983606557376 0.1360655737704918
1 0.19754098360655736 0.2680327868852459 0.07049180327868852 0.07213114754098361
1 0.2647540983606557 0.2639344262295082 0.047540983606557376 0.06393442622950819
1 0.31475409836065577 0.2581967213114754 0.04590163934426229 0.054098360655737705
1 0.43278688524590164 0.26639344262295084 0.04918032786885246 0.07540983606557378
1 0.37131147540983606 0.2860655737704918 0.06721311475409836 0.11311475409836065
1 0.43278688524590164 0.29262295081967216 0.05081967213114754 0.12950819672131147
1 0.45081967213114754 0.5311475409836065 0.022950819672131147 0.11639344262295082
1 0.4024590163934426 0.4639344262295082 0.07704918032786885 0.16885245901639345
1 0.319672131147541 0.4139344262295082 0.07049180327868852 0.23934426229508196
1 0.20901639344262296 0.27459016393442626 0.040983606557377046 0.08360655737704918
1 0.004918032786885246 0.26639344262295084 0.009836065573770493 0.060655737704918035
1 0.01639344262295082 0.3221311475409836 0.03278688524590164 0.1721311475409836
1 0.011475409836065573 0.3016393442622951 0.022950819672131147 0.13114754098360656
1 0.14098360655737704 0.3368852459016393 0.07213114754098361 0.20655737704918034
1 0.06311475409836066 0.3188524590163934 0.07377049180327869 0.16885245901639345
1 0.06311475409836066 0.26229508196721313 0.03442622950819672 0.054098360655737705
1 0.023770491803278688 0.44754098360655736 0.047540983606557376 0.15737704918032788
1 0.08852459016393442 0.48278688524590163 0.06557377049180328 0.18360655737704917
1 0.14508196721311475 0.4565573770491803 0.060655737704918035 0.14918032786885246
1 0.2 0.41885245901639345 0.054098360655737705 0.2
1 0.24098360655737705 0.44344262295081965 0.04590163934426229 0.21967213114754097
1 0.002459016393442623 0.2573770491803279 0.004918032786885246 0.04262295081967213
1 0.054098360655737705 0.5573770491803278 0.04262295081967213 0.1180327868852459
1 0.006557377049180328 0.5008196721311475 0.013114754098360656 0.16229508196721312
1 0.006557377049180328 0.6622950819672131 0.011475409836065573 0.15245901639344261
1 0.07459016393442623 0.730327868852459 0.05573770491803279 0.25081967213114753
1 0.022950819672131147 0.7131147540983607 0.04262295081967213 0.2098360655737705
1 0.13442622950819672 0.7147540983606557 0.04590163934426229 0.13934426229508196
1 0.18032786885245902 0.7245901639344262 0.04262295081967213 0.11475409836065574
1 0.35655737704918034 0.6475409836065574 0.03442622950819672 0.09672131147540984
1 0.38278688524590165 0.5729508196721311 0.047540983606557376 0.09344262295081968
1 0.3942622950819672 0.6377049180327868 0.03114754098360656 0.07868852459016394
1 0.4204918032786885 0.65 0.029508196721311476 0.10327868852459017
1 0.44426229508196724 0.6647540983606557 0.03114754098360656 0.11147540983606558
1 0.4524590163934426 0.6942622950819672 0.02459016393442623 0.10819672131147541
1 0.4540983606557377 0.7729508196721312 0.02459016393442623 0.08852459016393442
1 0.010655737704918032 0.8459016393442623 0.011475409836065573 0.13442622950819672
1 0.22213114754098362 0.7975409836065573 0.03278688524590164 0.13114754098360656
1 0.27377049180327867 0.7172131147540983 0.04590163934426229 0.08196721311475409
1 0.3516393442622951 0.7295081967213115 0.03278688524590164 0.07704918032786885
1 0.40327868852459015 0.7180327868852459 0.03114754098360656 0.09016393442622951
1 0.41475409836065574 0.7909836065573771 0.029508196721311476 0.06885245901639345
1 0.3663934426229508 0.7770491803278688 0.03442622950819672 0.06721311475409836
1 0.3885245901639344 0.7909836065573771 0.02622950819672131 0.08524590163934426
1 0.33278688524590166 0.7983606557377049 0.03114754098360656 0.08852459016393442
1 0.29262295081967216 0.7934426229508197 0.047540983606557376 0.09508196721311475
1 0.26311475409836066 0.8237704918032787 0.04590163934426229 0.13278688524590163
1 0.1721311475409836 0.8377049180327869 0.04918032786885246 0.11475409836065574
1 0.13114754098360656 0.8483606557377049 0.036065573770491806 0.12295081967213115
1 0.10245901639344263 0.9049180327868852 0.04262295081967213 0.11639344262295082
1 0.06721311475409836 0.8926229508196721 0.03278688524590164 0.08196721311475409
1 0.021311475409836064 0.8467213114754099 0.03278688524590164 0.08032786885245902
1 0.036065573770491806 0.9311475409836065 0.03770491803278689 0.09016393442622951
1 0.14426229508196722 0.9450819672131148 0.027868852459016394 0.08196721311475409
1 0.23688524590163934 0.940983606557377 0.03770491803278689 0.08688524590163935
1 0.37459016393442623 0.8811475409836066 0.03770491803278689 0.11147540983606558
1 0.2942622950819672 0.9057377049180327 0.03442622950819672 0.09508196721311475
1 0.32704918032786884 0.9401639344262295 0.03442622950819672 0.07868852459016394
1 0.2934426229508197 0.978688524590164 0.03278688524590164 0.04262295081967213
1 0.41147540983606556 0.9270491803278689 0.04262295081967213 0.12131147540983607
1 0.4418032786885246 0.8475409836065574 0.03278688524590164 0.06229508196721312
1 0.45737704918032784 0.9008196721311476 0.022950819672131147 0.05245901639344262
1 0.4336065573770492 0.9393442622950819 0.021311475409836064 0.04918032786885246
1 0.4081967213114754 0.989344262295082 0.022950819672131147 0.021311475409836064
1 0.36065573770491804 0.9852459016393442 0.029508196721311476 0.029508196721311476
1 0.9852459016393442 0.9114754098360656 0.029508196721311476 0.13114754098360656
1 0.47295081967213115 0.5524590163934426 0.02459016393442623 0.11967213114754098
1 0.578688524590164 0.4672131147540984 0.047540983606557376 0.13114754098360656
1 0.5057377049180328 0.6327868852459017 0.03278688524590164 0.08196721311475409
1 0.7254098360655737 0.29180327868852457 0.03770491803278689 0.10491803278688525
1 0.6827868852459016 0.44754098360655736 0.04262295081967213 0.08524590163934426
1 0.6647540983606557 0.28442622950819674 0.054098360655737705 0.12131147540983607
1 0.5631147540983606 0.5762295081967214 0.05081967213114754 0.11639344262295082
1 0.719672131147541 0.4098360655737705 0.03934426229508197 0.11147540983606558
1 0.7680327868852459 0.3581967213114754 0.03934426229508197 0.10163934426229508
1 0.6122950819672132 0.3983606557377049 0.04590163934426229 0.11475409836065574
1 0.5631147540983606 0.28770491803278686 0.054098360655737705 0.12295081967213115
1 0.6434426229508197 0.25 0.040983606557377046 0.04918032786885246
1 0.5147540983606558 0.3262295081967213 0.04426229508196721 0.11311475409836065
1 0.47950819672131145 0.4565573770491803 0.040983606557377046 0.11967213114754098
1 0.4680327868852459 0.2827868852459016 0.02459016393442623 0.10819672131147541
1 0.660655737704918 0.49918032786885247 0.04426229508196721 0.08360655737704918
1 0.509016393442623 0.4540983606557377 0.10655737704918032 0.4540983606557377
1 0.4786885245901639 0.3336065573770492 0.04590163934426229 0.21147540983606558
1 0.4745901639344262 0.3655737704918033 0.036065573770491806 0.20163934426229507
1 0.8877049180327868 0.6073770491803279 0.22459016393442624 0.7754098360655738
1 0.48278688524590163 0.8934426229508197 0.03442622950819672 0.1901639344262295
1 0.47950819672131145 0.7877049180327869 0.03114754098360656 0.1885245901639344
1 0.47704918032786886 0.819672131147541 0.02459016393442623 0.15245901639344261