1 0.3464163822525597 0.21416382252559726 0.6928327645051194 0.4283276450511945
1 0.9633105802047781 0.19795221843003413 0.06655290102389079 0.39590443686006827
1 0.07508532423208192 0.8011945392491467 0.08532423208191127 0.3037542662116041
1 0.6535836177474402 0.4564846416382253 0.06143344709897611 0.10238907849829351
1 0.21416382252559726 0.4641638225255973 0.04607508532423208 0.08703071672354949
1 0.09812286689419795 0.5784982935153583 0.04778156996587031 0.17064846416382254
1 0.5588737201365188 0.4539249146757679 0.06313993174061433 0.09044368600682594
1 0.008532423208191127 0.46331058020477817 0.017064846416382253 0.06996587030716724
1 0.3796928327645051 0.8267918088737202 0.04607508532423208 0.12286689419795221
1 0.31143344709897613 0.46928327645051193 0.06143344709897611 0.10409556313993173
1 0.017064846416382253 0.9274744027303754 0.010238907849829351 0.14505119453924914
1 0.47952218430034127 0.7713310580204779 0.05460750853242321 0.17918088737201365
1 0.41552901023890787 0.4709897610921502 0.07508532423208192 0.11604095563139932
1 0.4931740614334471 0.9343003412969283 0.051194539249146756 0.13139931740614336
1 0.43686006825938567 0.5264505119453925 0.08191126279863481 0.22696245733788395
1 0.02303754266211604 0.8489761092150171 0.03583617747440273 0.30204778156996587
1 0.26621160409556316 0.9505119453924915 0.07849829351535836 0.09897610921501707
1 0.13651877133105803 0.5563139931740614 0.04607508532423208 0.17064846416382254
1 0.25 0.7755972696245734 0.06484641638225255 0.19795221843003413
1 0.3532423208191126 0.5443686006825939 0.06996587030716724 0.257679180887372
1 0.33361774744027306 0.9360068259385665 0.059726962457337884 0.12798634812286688
1 0.13225255972696245 0.4641638225255973 0.042662116040955635 0.08191126279863481
1 0.013651877133105802 0.7807167235494881 0.013651877133105802 0.14846416382252559
1 0.6203071672354948 0.8762798634812287 0.034129692832764506 0.10921501706484642
1 0.6339590443686007 0.454778156996587 0.08703071672354949 0.10068259385665529
1 0.052901023890784986 0.5895904436860068 0.04607508532423208 0.13139931740614336
1 0.17064846416382254 0.8984641638225256 0.11262798634812286 0.1825938566552901
1 0.18003412969283278 0.9820819112627986 0.09385665529010238 0.03583617747440273
1 0.01962457337883959 0.6484641638225256 0.03924914675767918 0.39590443686006827
1 0.011945392491467578 0.5520477815699659 0.023890784982935155 0.23037542662116042
1 0.011092150170648464 0.4872013651877133 0.02218430034129693 0.11774744027303755
1 0.008532423208191127 0.4735494880546075 0.017064846416382253 0.09044368600682594
1 0.014505119453924915 0.48293515358361777 0.02901023890784983 0.11262798634812286
1 0.09044368600682594 0.4880546075085324 0.07167235494880546 0.12627986348122866
1 0.17320819112627986 0.49402730375426623 0.06825938566552901 0.14505119453924914
1 0.5511945392491467 0.4684300341296928 0.052901023890784986 0.11945392491467577
1 0.45051194539249145 0.46331058020477817 0.09215017064846416 0.10409556313993173
1 0.5972696245733788 0.9598976109215017 0.09215017064846416 0.07679180887372014
1 0.6774744027303754 0.931740614334471 0.07337883959044368 0.12627986348122866
1 0.6766211604095563 0.7457337883959044 0.06313993174061433 0.19795221843003413
1 0.4283276450511945 0.9931740614334471 0.08191126279863481 0.013651877133105802
1 0.5204778156996587 0.8156996587030717 0.05460750853242321 0.27303754266211605
1 0.5930034129692833 0.6715017064846417 0.1075085324232082 0.2508532423208191
1 0.8037542662116041 0.7482935153583617 0.2150170648464164 0.48976109215017066
1 0.9274744027303754 0.7209897610921502 0.14505119453924914 0.5307167235494881
1 0.7312286689419796 0.681740614334471 0.06143344709897611 0.1416382252559727