1 0.35701438848920863 0.24640287769784172 0.7140287769784173 0.49280575539568344
1 0.06924460431654676 0.862410071942446 0.09532374100719425 0.2751798561151079
1 0.6735611510791367 0.5116906474820144 0.06654676258992806 0.10971223021582734
1 0.210431654676259 0.5278776978417267 0.050359712230215826 0.09172661870503597
1 0.08992805755395683 0.6510791366906474 0.0539568345323741 0.17985611510791366
1 0.5737410071942446 0.5107913669064749 0.0683453237410072 0.09712230215827339
1 0.3920863309352518 0.9073741007194245 0.052158273381294966 0.12949640287769784
1 0.3129496402877698 0.5314748201438849 0.06654676258992806 0.11151079136690648
1 0.49550359712230213 0.8471223021582733 0.05935251798561151 0.18884892086330934
1 0.4226618705035971 0.5323741007194245 0.08093525179856115 0.12410071942446044
1 0.5107913669064749 0.9739208633093526 0.050359712230215826 0.052158273381294966
1 0.4460431654676259 0.5890287769784173 0.08992805755395683 0.24100719424460432
1 0.1303956834532374 0.6267985611510791 0.052158273381294966 0.17985611510791366
1 0.25359712230215825 0.8561151079136691 0.07194244604316546 0.210431654676259
1 0.3579136690647482 0.6097122302158273 0.07913669064748201 0.2733812949640288
1 0.3426258992805755 0.9775179856115108 0.05935251798561151 0.044964028776978415
1 0.12410071942446044 0.5296762589928058 0.044964028776978415 0.08633093525179857
1 0.64568345323741 0.9451438848920863 0.03776978417266187 0.09712230215827339
1 0.6528776978417267 0.5107913669064749 0.09352517985611511 0.10611510791366907
1 0.04316546762589928 0.6636690647482014 0.050359712230215826 0.13848920863309352
1 0.17086330935251798 0.9442446043165468 0.11870503597122302 0.11151079136690648
1 0.01618705035971223 0.7248201438848921 0.03237410071942446 0.4172661870503597
1 0.008093525179856115 0.5512589928057554 0.01618705035971223 0.11690647482014388
1 0.08093525179856115 0.5548561151079137 0.07733812949640288 0.13489208633093525
1 0.1672661870503597 0.560251798561151 0.0737410071942446 0.15467625899280577
1 0.5656474820143885 0.5260791366906474 0.05935251798561151 0.12589928057553956
1 0.4595323741007194 0.5224820143884892 0.09892086330935251 0.11151079136690648
1 0.7050359712230215 0.9685251798561151 0.0737410071942446 0.046762589928057555
1 0.7032374100719424 0.8165467625899281 0.07014388489208633 0.210431654676259
1 0.5377697841726619 0.8741007194244604 0.05935251798561151 0.25
1 0.6133093525179856 0.7401079136690647 0.11870503597122302 0.26618705035971224
1 0.8345323741007195 0.7724820143884892 0.2302158273381295 0.4316546762589928
1 0.9433453237410072 0.7428057553956835 0.11330935251798561 0.4712230215827338
1 0.7589928057553957 0.7473021582733813 0.06654676258992806 0.1510791366906475