1 0.13364779874213836 0.6415094339622641 0.06446540880503145 0.21540880503144655
1 0.07468553459119497 0.6116352201257862 0.05188679245283019 0.18238993710691823
1 0.06761006289308176 0.44261006289308175 0.055031446540880505 0.1619496855345912
1 0.02358490566037736 0.5031446540880503 0.04716981132075472 0.3050314465408805
1 0.17688679245283018 0.5070754716981132 0.0440251572327044 0.15566037735849056
1 0.2908805031446541 0.5448113207547169 0.06446540880503145 0.1792452830188679
1 0.2916666666666667 0.44339622641509435 0.029874213836477988 0.0880503144654088
1 0.22248427672955975 0.43946540880503143 0.07861635220125786 0.2248427672955975
1 0.13128930817610063 0.3812893081761006 0.05345911949685535 0.1650943396226415
1 0.036163522012578615 0.3136792452830189 0.036163522012578615 0.0880503144654088
1 0.027515723270440252 0.9378930817610063 0.029874213836477988 0.0770440251572327
1 0.0809748427672956 0.8954402515723271 0.04716981132075472 0.16823899371069181
1 0.11006289308176101 0.8113207547169812 0.0220125786163522 0.07075471698113207
1 0.12342767295597484 0.845125786163522 0.026729559748427674 0.11320754716981132
1 0.1619496855345912 0.9300314465408805 0.04716981132075472 0.1069182389937107
1 0.22248427672955975 0.9630503144654088 0.0220125786163522 0.04716981132075472
1 0.21540880503144655 0.8388364779874213 0.0440251572327044 0.11006289308176101
1 0.1650943396226415 0.8238993710691824 0.04874213836477988 0.10377358490566038
1 0.1871069182389937 0.7751572327044025 0.020440251572327043 0.059748427672955975
1 0.3058176100628931 0.8616352201257862 0.07547169811320754 0.24213836477987422
1 0.2775157232704403 0.7507861635220126 0.04245283018867924 0.13522012578616352
1 0.2688679245283019 0.7099056603773585 0.03773584905660377 0.1320754716981132
1 0.3199685534591195 0.6823899371069182 0.040880503144654086 0.139937106918239
1 0.5416666666666666 0.8647798742138365 0.10534591194968554 0.27044025157232704
1 0.6383647798742138 0.8066037735849056 0.09119496855345911 0.3867924528301887
1 0.7696540880503144 0.6588050314465409 0.06761006289308176 0.2138364779874214
1 0.7185534591194969 0.85062893081761 0.04559748427672956 0.16823899371069181
1 0.6941823899371069 0.5825471698113207 0.06761006289308176 0.16037735849056603
1 0.8011006289308176 0.7767295597484277 0.06446540880503145 0.23742138364779874
1 0.7877358490566038 0.9363207547169812 0.05660377358490566 0.12735849056603774
1 0.8726415094339622 0.7578616352201258 0.07075471698113207 0.22955974842767296
1 0.9716981132075472 0.7374213836477987 0.040880503144654086 0.1619496855345912
1 0.9716981132075472 0.5935534591194969 0.05660377358490566 0.19025157232704404
1 0.949685534591195 0.449685534591195 0.08490566037735849 0.2688679245283019
1 0.7633647798742138 0.4827044025157233 0.059748427672955975 0.20754716981132076
1 0.8231132075471698 0.47091194968553457 0.07861635220125786 0.32547169811320753
1 0.949685534591195 0.27908805031446543 0.04245283018867924 0.1509433962264151
1 0.9827044025157232 0.27122641509433965 0.03459119496855346 0.2279874213836478
1 0.9732704402515723 0.12342767295597484 0.05345911949685535 0.16823899371069181
1 0.8915094339622641 0.19339622641509435 0.07075471698113207 0.15566037735849056
1 0.6965408805031447 0.3356918238993711 0.04559748427672956 0.11949685534591195
1 0.7264150943396226 0.235062893081761 0.04559748427672956 0.12264150943396226
1 0.6863207547169812 0.23349056603773585 0.040880503144654086 0.0959119496855346
1 0.6139937106918238 0.4386792452830189 0.03459119496855346 0.15880503144654087
1 0.5495283018867925 0.5683962264150944 0.059748427672955975 0.279874213836478
1 0.6061320754716981 0.6116352201257862 0.06132075471698113 0.18867924528301888
1 0.5133647798742138 0.559748427672956 0.04716981132075472 0.17452830188679244
1 0.3915094339622642 0.7366352201257862 0.05188679245283019 0.15880503144654087
1 0.6973270440251572 0.4528301886792453 0.06761006289308176 0.14465408805031446
1 0.6446540880503144 0.45440251572327045 0.05817610062893082 0.2059748427672956
1 0.3694968553459119 0.5172955974842768 0.03930817610062893 0.13679245283018868
1 0.3718553459119497 0.4009433962264151 0.04716981132075472 0.14465408805031446
1 0.40408805031446543 0.4913522012578616 0.040880503144654086 0.13679245283018868
1 0.625 0.300314465408805 0.03459119496855346 0.10849056603773585
1 0.6438679245283019 0.2468553459119497 0.0330188679245283 0.0959119496855346
1 0.610062893081761 0.17452830188679244 0.04716981132075472 0.1540880503144654
1 0.654874213836478 0.12106918238993711 0.04245283018867924 0.14779874213836477
1 0.43946540880503143 0.1650943396226415 0.03930817610062893 0.10377358490566038
1 0.4944968553459119 0.31446540880503143 0.03459119496855346 0.0880503144654088
1 0.4889937106918239 0.39858490566037735 0.03459119496855346 0.11635220125786164
1 0.5809748427672956 0.21619496855345913 0.031446540880503145 0.11635220125786164
1 0.8427672955974843 0.20361635220125787 0.036163522012578615 0.11006289308176101
1 0.9205974842767296 0.12264150943396226 0.025157232704402517 0.08490566037735849
1 0.45361635220125784 0.3812893081761006 0.040880503144654086 0.13679245283018868
1 0.29323899371069184 0.2641509433962264 0.025157232704402517 0.0660377358490566
1 0.13050314465408805 0.2468553459119497 0.0330188679245283 0.09276729559748427
1 0.34276729559748426 0.3522012578616352 0.03930817610062893 0.13836477987421383
1 0.44025157232704404 0.6949685534591195 0.05660377358490566 0.19339622641509435
1 0.21069182389937108 0.6949685534591195 0.040880503144654086 0.139937106918239
1 0.5424528301886793 0.1139937106918239 0.04716981132075472 0.12421383647798742
1 0.8435534591194969 0.09669811320754718 0.026729559748427674 0.10849056603773585
1 0.7963836477987422 0.20518867924528303 0.025157232704402517 0.0770440251572327