1 0.011980830670926517 0.04472843450479233 0.023961661341853034 0.08945686900958466
1 0.00878594249201278 0.035942492012779555 0.01757188498402556 0.07188498402555911
1 0.010383386581469648 0.134185303514377 0.020766773162939296 0.16293929712460065
1 0.007987220447284345 0.11182108626198083 0.01597444089456869 0.22364217252396165
1 0.00718849840255591 0.07587859424920128 0.01437699680511182 0.15175718849840256
1 0.011980830670926517 0.06549520766773163 0.023961661341853034 0.13099041533546327
1 0.004792332268370607 0.14456869009584664 0.009584664536741214 0.0878594249201278
1 0.015175718849840255 0.14456869009584664 0.03035143769968051 0.22523961661341854
1 0.009584664536741214 0.19968051118210864 0.019169329073482427 0.16613418530351437
1 0.006389776357827476 0.26277955271565495 0.012779552715654952 0.0878594249201278
1 0.004792332268370607 0.010383386581469648 0.009584664536741214 0.020766773162939296
1 0.007987220447284345 0.03354632587859425 0.01597444089456869 0.0670926517571885
1 0.003194888178913738 0.007987220447284345 0.006389776357827476 0.01597444089456869
1 0.003194888178913738 0.018370607028753993 0.006389776357827476 0.036741214057507986
1 0.00878594249201278 0.01757188498402556 0.01757188498402556 0.03514376996805112
1 0.007987220447284345 0.01757188498402556 0.01597444089456869 0.03514376996805112
1 0.009584664536741214 0.01597444089456869 0.019169329073482427 0.03194888178913738
1 0.0023961661341853034 0.004792332268370607 0.004792332268370607 0.009584664536741214
1 0.01437699680511182 0.051118210862619806 0.02875399361022364 0.10223642172523961
1 0.00718849840255591 0.023961661341853034 0.01437699680511182 0.04792332268370607
1 0.006389776357827476 0.0231629392971246 0.012779552715654952 0.0463258785942492
1 0.006389776357827476 0.025559105431309903 0.012779552715654952 0.051118210862619806
1 0.1869009584664537 0.05990415335463259 0.0926517571884984 0.11980830670926518
1 0.2819488817891374 0.09105431309904154 0.07188498402555911 0.18210862619808307
1 0.35543130990415334 0.03274760383386582 0.01757188498402556 0.06549520766773163
1 0.3258785942492013 0.052715654952076675 0.06070287539936102 0.10543130990415335
1 0.31549520766773165 0.2763578274760383 0.039936102236421724 0.11980830670926518
1 0.3402555910543131 0.3801916932907348 0.039936102236421724 0.12300319488817892
1 0.2995207667731629 0.3793929712460064 0.036741214057507986 0.09584664536741214
1 0.23722044728434505 0.16693290734824281 0.027156549520766772 0.1597444089456869
1 0.1781150159744409 0.08626198083067092 0.0463258785942492 0.17252396166134185
1 0.23722044728434505 0.04233226837060703 0.052715654952076675 0.08466453674121406
1 0.14057507987220447 0.06309904153354633 0.038338658146964855 0.12619808306709265
1 0.027156549520766772 0.03035143769968051 0.04472843450479233 0.06070287539936102
1 0.3226837060702875 0.1573482428115016 0.06070287539936102 0.14376996805111822
1 0.26916932907348246 0.15335463258785942 0.04792332268370607 0.20766773162939298
1 0.006389776357827476 0.07348242811501597 0.012779552715654952 0.13738019169329074
1 0.007987220447284345 0.19249201277955272 0.01597444089456869 0.14536741214057508
1 0.027156549520766772 0.10303514376996806 0.03514376996805112 0.13738019169329074
1 0.24041533546325877 0.3083067092651757 0.02875399361022364 0.10862619808306709
1 0.2571884984025559 0.3634185303514377 0.02875399361022364 0.09584664536741214
1 0.21884984025559107 0.4353035143769968 0.039936102236421724 0.15495207667731628
1 0.26038338658146964 0.48003194888178913 0.03514376996805112 0.12619808306709265
1 0.04552715654952077 0.4353035143769968 0.03514376996805112 0.10383386581469649
1 0.10942492012779553 0.28674121405750796 0.03035143769968051 0.0878594249201278
1 0.10782747603833866 0.2012779552715655 0.02875399361022364 0.11661341853035144
1 0.19169329073482427 0.3913738019169329 0.025559105431309903 0.11661341853035144
1 0.07108626198083066 0.21725239616613418 0.03514376996805112 0.1389776357827476
1 0.003993610223642172 0.3266773162939297 0.007987220447284345 0.06549520766773163
1 0.005591054313099041 0.3354632587859425 0.011182108626198083 0.0926517571884984
1 0.006389776357827476 0.24041533546325877 0.012779552715654952 0.1389776357827476
1 0.07348242811501597 0.038338658146964855 0.04792332268370607 0.07667731629392971
1 0.14696485623003194 0.48642172523961663 0.04153354632587859 0.1134185303514377
1 0.16134185303514376 0.7715654952076677 0.3226837060702875 0.45686900958466453