1 0.11916666666666667 0.31583333333333335 0.07666666666666666 0.23
1 0.05333333333333334 0.33916666666666667 0.06166666666666667 0.195
1 0.025833333333333333 0.515 0.051666666666666666 0.17333333333333334
1 0.145 0.4633333333333333 0.051666666666666666 0.16666666666666666
1 0.27 0.44083333333333335 0.075 0.19166666666666668
1 0.25666666666666665 0.5475 0.035 0.09333333333333334
1 0.1825 0.5408333333333334 0.09166666666666666 0.24
1 0.07916666666666666 0.5883333333333334 0.06333333333333334 0.17666666666666667
1 0.05333333333333334 0.015 0.03 0.03
1 0.10083333333333333 0.06583333333333333 0.055 0.13166666666666665
1 0.11916666666666667 0.135 0.02666666666666667 0.075
1 0.13916666666666666 0.10083333333333333 0.03166666666666667 0.12
1 0.19166666666666668 0.0375 0.05333333333333334 0.075
1 0.26 0.008333333333333333 0.023333333333333334 0.016666666666666666
1 0.23416666666666666 0.12166666666666667 0.05 0.11833333333333333
1 0.17916666666666667 0.12916666666666668 0.055 0.11
1 0.19583333333333333 0.18416666666666667 0.023333333333333334 0.06333333333333334
1 0.3325 0.12 0.08833333333333333 0.24
1 0.2866666666666667 0.2225 0.05 0.145
1 0.27166666666666667 0.26416666666666666 0.045 0.14
1 0.32083333333333336 0.3 0.04833333333333333 0.14833333333333334
1 0.5816666666666667 0.14416666666666667 0.12 0.2833333333333333
1 0.6741666666666667 0.2175 0.11 0.4116666666666667
1 0.79 0.39166666666666666 0.08 0.22833333333333333
1 0.7641666666666667 0.1825 0.05333333333333334 0.18
1 0.6991666666666667 0.4608333333333333 0.07833333333333334 0.17166666666666666
1 0.84 0.2733333333333333 0.07666666666666666 0.25166666666666665
1 0.8508333333333333 0.09916666666666667 0.06333333333333334 0.14333333333333334
1 0.9133333333333333 0.3025 0.08333333333333333 0.245
1 0.9941666666666666 0.3358333333333333 0.011666666666666667 0.17166666666666666
1 0.9791666666666666 0.48833333333333334 0.041666666666666664 0.20333333333333334
1 0.9483333333333334 0.6375 0.1 0.28833333333333333
1 0.7566666666666667 0.575 0.07 0.22
1 0.8183333333333334 0.5966666666666667 0.095 0.34833333333333333
1 0.9225 0.8175 0.05 0.16166666666666665
1 0.9591666666666666 0.8283333333333334 0.04833333333333333 0.24166666666666667
1 0.9258333333333333 0.9458333333333333 0.058333333333333334 0.10833333333333334
1 0.8491666666666666 0.8983333333333333 0.08 0.16666666666666666
1 0.6658333333333334 0.72 0.051666666666666666 0.12833333333333333
1 0.6816666666666666 0.8308333333333333 0.05333333333333334 0.13166666666666665
1 0.64 0.8258333333333333 0.04666666666666667 0.10333333333333333
1 0.5941666666666666 0.5991666666666666 0.043333333333333335 0.16833333333333333
1 0.545 0.4533333333333333 0.07333333333333333 0.29833333333333334
1 0.6108333333333333 0.4166666666666667 0.07166666666666667 0.2
1 0.5058333333333334 0.4575 0.055 0.18666666666666668
1 0.4041666666666667 0.25416666666666665 0.06166666666666667 0.17
1 0.6841666666666667 0.5975 0.07666666666666666 0.155
1 0.6283333333333333 0.5883333333333334 0.06833333333333333 0.22
1 0.34833333333333333 0.48083333333333333 0.04666666666666667 0.14666666666666667
1 0.33416666666666667 0.6033333333333334 0.055 0.155
1 0.38166666666666665 0.5141666666666667 0.04833333333333333 0.14666666666666667
1 0.585 0.7466666666666667 0.04 0.115
1 0.5966666666666667 0.8058333333333333 0.03833333333333333 0.10166666666666667
1 0.5508333333333333 0.8766666666666667 0.055 0.165
1 0.5883333333333334 0.9291666666666667 0.05 0.14166666666666666
1 0.37083333333333335 0.8608333333333333 0.04666666666666667 0.11166666666666666
1 0.4508333333333333 0.7125 0.04 0.09333333333333334
1 0.45666666666666667 0.6233333333333333 0.04 0.12333333333333334
1 0.5266666666666666 0.8283333333333334 0.03666666666666667 0.12333333333333334
1 0.8 0.88 0.041666666666666664 0.11833333333333333
1 0.8683333333333333 0.9658333333333333 0.03 0.06833333333333333
1 0.4166666666666667 0.6366666666666667 0.04833333333333333 0.14833333333333334
1 0.23166666666666666 0.7358333333333333 0.03 0.07
1 0.058333333333333334 0.73 0.03833333333333333 0.09833333333333333
1 0.29583333333333334 0.65 0.04666666666666667 0.14666666666666667
1 0.44916666666666666 0.305 0.06666666666666667 0.205
1 0.20833333333333334 0.2708333333333333 0.04833333333333333 0.14833333333333334
1 0.4708333333333333 0.93 0.055 0.135
1 0.785 0.9666666666666667 0.03 0.06666666666666667
1 0.7508333333333334 0.8716666666666667 0.03 0.08166666666666667