1 0.14523809523809525 0.6825396825396826 0.06825396825396825 0.21746031746031746
1 0.08253968253968254 0.6595238095238095 0.05555555555555555 0.18571428571428572
1 0.05476190476190476 0.49126984126984125 0.05873015873015873 0.16507936507936508
1 0.02142857142857143 0.5571428571428572 0.04285714285714286 0.30793650793650795
1 0.17222222222222222 0.5428571428571428 0.047619047619047616 0.15714285714285714
1 0.2904761904761905 0.5666666666666667 0.06825396825396825 0.18095238095238095
1 0.27936507936507937 0.4642857142857143 0.031746031746031744 0.08888888888888889
1 0.20873015873015874 0.46904761904761905 0.08412698412698413 0.22857142857142856
1 0.1111111111111111 0.4222222222222222 0.05714285714285714 0.16825396825396827
1 0.012698412698412698 0.36507936507936506 0.025396825396825397 0.08888888888888889
1 0.0746031746031746 0.976984126984127 0.031746031746031744 0.046031746031746035
1 0.12301587301587301 0.9285714285714286 0.049206349206349205 0.14285714285714285
1 0.14206349206349206 0.8555555555555555 0.023809523809523808 0.07142857142857142
1 0.16031746031746033 0.8873015873015873 0.02857142857142857 0.11428571428571428
1 0.20793650793650795 0.9563492063492064 0.050793650793650794 0.0873015873015873
1 0.273015873015873 0.984920634920635 0.022222222222222223 0.03015873015873016
1 0.2515873015873016 0.8698412698412699 0.046031746031746035 0.1126984126984127
1 0.1992063492063492 0.861904761904762 0.050793650793650794 0.10634920634920635
1 0.2150793650793651 0.8095238095238095 0.022222222222222223 0.06031746031746032
1 0.34365079365079365 0.8793650793650793 0.08095238095238096 0.24126984126984127
1 0.30238095238095236 0.7738095238095238 0.046031746031746035 0.1365079365079365
1 0.28888888888888886 0.7341269841269841 0.04126984126984127 0.13333333333333333
1 0.33650793650793653 0.7007936507936507 0.04285714285714286 0.14126984126984127
1 0.5825396825396826 0.8587301587301587 0.1111111111111111 0.27936507936507937
1 0.6722222222222223 0.7904761904761904 0.09841269841269841 0.4015873015873016
1 0.7849206349206349 0.6214285714285714 0.07142857142857142 0.21587301587301588
1 0.7571428571428571 0.8198412698412698 0.047619047619047616 0.16984126984126985
1 0.6992063492063492 0.5547619047619048 0.07142857142857142 0.1619047619047619
1 0.830952380952381 0.7357142857142858 0.06825396825396825 0.2396825396825397
1 0.8380952380952381 0.9063492063492063 0.05873015873015873 0.14603174603174604
1 0.9007936507936508 0.707936507936508 0.0761904761904762 0.23174603174603176
1 0.9873015873015873 0.6753968253968254 0.025396825396825397 0.1634920634920635
1 0.9746031746031746 0.5317460317460317 0.050793650793650794 0.19365079365079366
1 0.9396825396825397 0.3896825396825397 0.09047619047619047 0.273015873015873
1 0.7563492063492063 0.44603174603174606 0.06349206349206349 0.2111111111111111
1 0.8158730158730159 0.42698412698412697 0.08412698412698413 0.32857142857142857
1 0.9182539682539682 0.21825396825396826 0.046031746031746035 0.1523809523809524
1 0.9603174603174603 0.20714285714285716 0.05714285714285714 0.23015873015873015
1 0.9230158730158731 0.07301587301587302 0.05555555555555555 0.14603174603174604
1 0.8492063492063492 0.13968253968253969 0.0746031746031746 0.15873015873015872
1 0.6722222222222223 0.30634920634920637 0.047619047619047616 0.12222222222222222
1 0.6888888888888889 0.2015873015873016 0.047619047619047616 0.1253968253968254
1 0.6492063492063492 0.20555555555555555 0.04285714285714286 0.09682539682539683
1 0.6015873015873016 0.42063492063492064 0.0380952380952381 0.16031746031746033
1 0.5523809523809524 0.5587301587301587 0.06507936507936508 0.2841269841269841
1 0.6150793650793651 0.5944444444444444 0.06507936507936508 0.19047619047619047
1 0.5158730158730159 0.553968253968254 0.050793650793650794 0.1761904761904762
1 0.4150793650793651 0.746031746031746 0.05555555555555555 0.1619047619047619
1 0.6873015873015873 0.4238095238095238 0.06984126984126984 0.14603174603174604
1 0.6341269841269841 0.43174603174603177 0.06190476190476191 0.20952380952380953
1 0.36587301587301585 0.5293650793650794 0.04285714285714286 0.1380952380952381
1 0.3547619047619048 0.4126984126984127 0.049206349206349205 0.14761904761904762
1 0.3984126984126984 0.4984126984126984 0.044444444444444446 0.1380952380952381
1 0.5952380952380952 0.28015873015873016 0.03650793650793651 0.10952380952380952
1 0.6079365079365079 0.2246031746031746 0.03492063492063492 0.09682539682539683
1 0.5650793650793651 0.15555555555555556 0.050793650793650794 0.15714285714285714
1 0.6031746031746031 0.09682539682539683 0.044444444444444446 0.1492063492063492
1 0.39285714285714285 0.16746031746031745 0.04126984126984127 0.10476190476190476
1 0.4666666666666667 0.3103174603174603 0.03650793650793651 0.08888888888888889
1 0.4714285714285714 0.3952380952380952 0.03650793650793651 0.11746031746031746
1 0.5412698412698412 0.2007936507936508 0.03333333333333333 0.11746031746031746
1 0.8023809523809524 0.15634920634920635 0.0380952380952381 0.1111111111111111
1 0.8698412698412699 0.06587301587301587 0.026984126984126985 0.08571428571428572
1 0.43333333333333335 0.3817460317460317 0.044444444444444446 0.1380952380952381
1 0.25873015873015875 0.2849206349206349 0.026984126984126985 0.06666666666666667
1 0.09365079365079365 0.2873015873015873 0.03492063492063492 0.09365079365079365
1 0.319047619047619 0.3674603174603175 0.04126984126984127 0.13968253968253969
1 0.4587301587301587 0.6984126984126984 0.06031746031746032 0.19682539682539682
1 0.22857142857142856 0.726984126984127 0.04285714285714286 0.14126984126984127
1 0.48968253968253966 0.10396825396825397 0.049206349206349205 0.12698412698412698
1 0.7888888888888889 0.051587301587301584 0.02857142857142857 0.10317460317460317
1 0.7555555555555555 0.1634920634920635 0.026984126984126985 0.07777777777777778