1 0.02421875 0.18671875 0.034375 0.2125
1 0.021875 0.16015625 0.0265625 0.1796875
1 0.02734375 0.03671875 0.0265625 0.0734375
1 0.02265625 0.103125 0.0265625 0.20625
1 0.0234375 0.0640625 0.021875 0.128125
1 0.02734375 0.0859375 0.0328125 0.171875
1 0.02265625 0.0125 0.0140625 0.025
1 0.03203125 0.046875 0.0359375 0.09375
1 0.0265625 0.03203125 0.025 0.0640625
1 0.02421875 0.0125 0.0171875 0.025
1 0.01015625 0.31484375 0.009375 0.0546875
1 0.015625 0.28203125 0.021875 0.1203125
1 0.01640625 0.24765625 0.0203125 0.1296875
1 0.0171875 0.21875 0.0203125 0.1375
1 0.1765625 0.3046875 0.09375 0.0890625
1 0.271875 0.24765625 0.078125 0.209375
1 0.39609375 0.18515625 0.0640625 0.2109375
1 0.35078125 0.3234375 0.0375 0.0625
1 0.31953125 0.1109375 0.0640625 0.1578125
1 0.43046875 0.27109375 0.0578125 0.1734375
1 0.50078125 0.2640625 0.065625 0.1921875
1 0.553125 0.0671875 0.046875 0.1328125
1 0.384375 0.05703125 0.053125 0.1140625
1 0.44296875 0.07890625 0.0671875 0.1578125
1 0.559375 0.03828125 0.0359375 0.075
1 0.5640625 0.04375 0.025 0.0828125
1 0.496875 0.0375 0.065625 0.075
1 0.3125 0.02578125 0.040625 0.0515625
1 0.3359375 0.0265625 0.040625 0.053125
1 0.296875 0.0203125 0.0375 0.040625
1 0.23515625 0.034375 0.0296875 0.06875
1 0.17421875 0.11875 0.0546875 0.2375
1 0.2328125 0.14140625 0.0578125 0.1859375
1 0.13984375 0.09140625 0.04375 0.1734375
1 0.02578125 0.2671875 0.040625 0.153125
1 0.31875 0.03203125 0.0625 0.0640625
1 0.265625 0.046875 0.05 0.09375
1 0.02265625 0.059375 0.0203125 0.11875
1 0.025 0.0265625 0.021875 0.053125
1 0.03125 0.04609375 0.034375 0.0921875
1 0.23828125 0.021875 0.0296875 0.04375
1 0.25546875 0.01953125 0.0296875 0.0390625
1 0.21640625 0.0328125 0.0421875 0.065625
1 0.2578125 0.03203125 0.0375 0.0640625
1 0.04765625 0.0171875 0.0359375 0.034375
1 0.1109375 0.0140625 0.03125 0.028125
1 0.10859375 0.02109375 0.0296875 0.0421875
1 0.19140625 0.02265625 0.0265625 0.0453125
1 0.45 0.02578125 0.03125 0.0515625
1 0.5234375 0.02109375 0.021875 0.040625
1 0.07265625 0.0265625 0.0359375 0.053125
1 0.021875 0.00703125 0.0125 0.0140625
1 0.0234375 0.0140625 0.015625 0.028125
1 0.02421875 0.025 0.0171875 0.05
1 0.06953125 0.22734375 0.053125 0.1921875
1 0.01640625 0.2359375 0.0203125 0.1375
1 0.14765625 0.02421875 0.0421875 0.0484375
1 0.4453125 0.025 0.021875 0.05
1 0.40390625 0.01640625 0.0234375 0.0328125
1 0.68125 0.1859375 0.234375 0.3671875
1 0.48984375 0.90546875 0.1171875 0.1890625
1 0.48046875 0.5625 0.159375 0.178125
1 0.11015625 0.525 0.2203125 0.36875
1 0.25 0.50078125 0.2609375 0.3078125
1 0.0453125 0.88671875 0.090625 0.1609375
1 0.16015625 0.84609375 0.146875 0.240625
1 0.02109375 0.6109375 0.0421875 0.0625
1 0.675 0.58984375 0.253125 0.45625