1 0.14376996805111822 0.33226837060702874 0.05750798722044728 0.21884984025559107
1 0.08146964856230032 0.3586261980830671 0.0463258785942492 0.18370607028753994
1 0.06230031948881789 0.5287539936102237 0.051118210862619806 0.1645367412140575
1 0.019968051118210862 0.46246006389776356 0.039936102236421724 0.3083067092651757
1 0.1781150159744409 0.4712460063897764 0.039936102236421724 0.15654952076677317
1 0.2955271565495208 0.4416932907348243 0.05910543130990415 0.1805111821086262
1 0.28993610223642174 0.5439297124600639 0.027156549520766772 0.0878594249201278
1 0.21884984025559107 0.5431309904153354 0.07188498402555911 0.2268370607028754
1 0.12300319488817892 0.5958466453674122 0.04952076677316294 0.16613418530351437
1 0.020766773162939296 0.65814696485623 0.03354632587859425 0.0878594249201278
1 0.05591054313099041 0.031150159744408944 0.02875399361022364 0.06230031948881789
1 0.10702875399361023 0.07747603833865814 0.04153354632587859 0.15495207667731628
1 0.13099041533546327 0.15894568690095848 0.020766773162939296 0.07028753993610223
1 0.1477635782747604 0.1253993610223642 0.022364217252396165 0.1134185303514377
1 0.19169329073482427 0.04712460063897764 0.04472843450479233 0.09424920127795527
1 0.25559105431309903 0.01757188498402556 0.019169329073482427 0.03514376996805112
1 0.24041533546325877 0.13817891373801916 0.039936102236421724 0.11022364217252396
1 0.18849840255591055 0.14936102236421725 0.0463258785942492 0.10223642172523961
1 0.20686900958466453 0.2012779552715655 0.019169329073482427 0.05910543130990415
1 0.3330670926517572 0.12140575079872204 0.06869009584664537 0.24281150159744408
1 0.2971246006389776 0.23242811501597443 0.038338658146964855 0.13578274760383385
1 0.28514376996805113 0.2723642172523962 0.03354632587859425 0.13258785942492013
1 0.33466453674121405 0.3035143769968051 0.036741214057507986 0.14057507987220447
1 0.5734824281150159 0.13578274760383385 0.09744408945686901 0.26996805111821087
1 0.6677316293929713 0.19968051118210864 0.07827476038338659 0.39456869009584666
1 0.7891373801916933 0.35942492012779553 0.06070287539936102 0.21565495207667731
1 0.7507987220447284 0.16134185303514376 0.039936102236421724 0.16932907348242812
1 0.707667731629393 0.43210862619808305 0.06389776357827476 0.16134185303514376
1 0.8298722044728435 0.24281150159744408 0.05750798722044728 0.23961661341853036
1 0.8274760383386581 0.0742811501597444 0.051118210862619806 0.1389776357827476
1 0.9009584664536742 0.26677316293929715 0.06549520766773163 0.23162939297124602
1 0.9904153354632588 0.29233226837060705 0.019169329073482427 0.16293929712460065
1 0.981629392971246 0.43849840255591055 0.036741214057507986 0.19329073482428116
1 0.9568690095846646 0.5846645367412141 0.07667731629392971 0.2731629392971246
1 0.7699680511182109 0.5375399361022364 0.052715654952076675 0.20926517571884984
1 0.8306709265175719 0.5535143769968051 0.06869009584664537 0.3306709265175719
1 0.9440894568690096 0.7579872204472844 0.038338658146964855 0.15175718849840256
1 0.9808306709265175 0.7659744408945687 0.03354632587859425 0.23003194888178913
1 0.9584664536741214 0.9153354632587859 0.04792332268370607 0.16932907348242812
1 0.8801916932907349 0.8402555910543131 0.0670926517571885 0.15654952076677317
1 0.6924920127795527 0.6821086261980831 0.04153354632587859 0.11980830670926518
1 0.7156549520766773 0.786741214057508 0.04153354632587859 0.12300319488817892
1 0.6749201277955271 0.7851437699680511 0.038338658146964855 0.09584664536741214
1 0.615814696485623 0.5718849840255591 0.03035143769968051 0.1597444089456869
1 0.5591054313099042 0.4353035143769968 0.051118210862619806 0.2827476038338658
1 0.6198083067092651 0.3961661341853035 0.05591054313099041 0.1900958466453674
1 0.5223642172523961 0.4416932907348243 0.04153354632587859 0.1757188498402556
1 0.41134185303514376 0.2539936102236422 0.04792332268370607 0.1597444089456869
1 0.702076677316294 0.5630990415335463 0.06389776357827476 0.14536741214057508
1 0.6485623003194888 0.5583067092651757 0.051118210862619806 0.20926517571884984
1 0.3738019169329074 0.4744408945686901 0.03514376996805112 0.13738019169329074
1 0.3682108626198083 0.5926517571884984 0.04313099041533546 0.14536741214057508
1 0.4073482428115016 0.5039936102236422 0.036741214057507986 0.13738019169329074
1 0.6166134185303515 0.713258785942492 0.03035143769968051 0.10862619808306709
1 0.6325878594249201 0.768370607028754 0.03035143769968051 0.09584664536741214
1 0.5934504792332268 0.8394568690095847 0.04313099041533546 0.15495207667731628
1 0.634185303514377 0.896964856230032 0.038338658146964855 0.1485623003194888
1 0.42012779552715657 0.8362619808306709 0.036741214057507986 0.10383386581469649
1 0.48642172523961663 0.689297124600639 0.03194888178913738 0.0878594249201278
1 0.48642172523961663 0.6038338658146964 0.03035143769968051 0.11661341853035144
1 0.5670926517571885 0.7955271565495208 0.027156549520766772 0.11661341853035144
1 0.8314696485623003 0.8258785942492013 0.03194888178913738 0.11182108626198083
1 0.9041533546325878 0.9137380191693291 0.022364217252396165 0.08466453674121406
1 0.4488817891373802 0.6190095846645367 0.038338658146964855 0.1389776357827476
1 0.2787539936102236 0.7260383386581469 0.023961661341853034 0.06549520766773163
1 0.11261980830670927 0.7324281150159745 0.03035143769968051 0.0926517571884984
1 0.33466453674121405 0.639776357827476 0.03514376996805112 0.1389776357827476
1 0.45766773162939295 0.2995207667731629 0.051118210862619806 0.19488817891373802
1 0.22523961661341854 0.28354632587859424 0.036741214057507986 0.14057507987220447
1 0.5199680511182109 0.8961661341853036 0.04313099041533546 0.12619808306709265
1 0.8250798722044729 0.9345047923322684 0.022364217252396165 0.10862619808306709
1 0.7843450479233227 0.8210862619808307 0.023961661341853034 0.07667731629392971