1 0.12713310580204779 0.6834470989761092 0.07849829351535836 0.23378839590443687
1 0.05887372013651877 0.6604095563139932 0.06313993174061433 0.19965870307167236
1 0.029863481228668942 0.47952218430034127 0.059726962457337884 0.17747440273037543
1 0.15358361774744028 0.5332764505119454 0.052901023890784986 0.17064846416382254
1 0.2815699658703072 0.5563139931740614 0.07679180887372014 0.1962457337883959
1 0.26791808873720135 0.447098976109215 0.03583617747440273 0.09556313993174062
1 0.19197952218430034 0.45307167235494883 0.09385665529010238 0.24573378839590443
1 0.08532423208191127 0.4044368600682594 0.06484641638225255 0.18088737201365188
1 0.05631399317406143 0.9880546075085325 0.034129692832764506 0.023890784982935155
1 0.1075085324232082 0.9360068259385665 0.05460750853242321 0.12798634812286688
1 0.12713310580204779 0.8694539249146758 0.027303754266211604 0.07679180887372014
1 0.1476109215017065 0.9035836177474402 0.032423208191126277 0.12286689419795221
1 0.19965870307167236 0.9650170648464164 0.05460750853242321 0.06996587030716724
1 0.2696245733788396 0.9948805460750854 0.023890784982935155 0.010238907849829351
1 0.24488054607508533 0.8831058020477816 0.051194539249146756 0.12116040955631399
1 0.1885665529010239 0.8745733788395904 0.05802047781569966 0.11433447098976109
1 0.20477815699658702 0.8191126279863481 0.023890784982935155 0.06484641638225255
1 0.3438566552901024 0.8805460750853242 0.09044368600682594 0.23890784982935154
1 0.2986348122866894 0.7790102389078498 0.051194539249146756 0.14846416382252559
1 0.28242320819112626 0.7363481228668942 0.04607508532423208 0.14334470989761092
1 0.33361774744027306 0.6996587030716723 0.04948805460750853 0.15187713310580206
1 0.5998293515358362 0.8549488054607508 0.12286689419795221 0.2815699658703072
1 0.6945392491467577 0.7798634812286689 0.11262798634812286 0.4129692832764505
1 0.8131399317406144 0.60580204778157 0.08191126279863481 0.23378839590443687
1 0.787542662116041 0.8199658703071673 0.05460750853242321 0.18430034129692832
1 0.7209897610921502 0.5358361774744027 0.08020477815699659 0.1757679180887372
1 0.8651877133105802 0.7278156996587031 0.07849829351535836 0.257679180887372
1 0.8754266211604096 0.9010238907849829 0.06484641638225255 0.13822525597269625
1 0.939419795221843 0.697098976109215 0.08532423208191127 0.2508532423208191
1 0.96160409556314 0.35409556313993173 0.07679180887372014 0.29180887372013653
1 0.7798634812286689 0.4180887372013652 0.07167235494880546 0.22696245733788395
1 0.8430034129692833 0.3967576791808874 0.09726962457337884 0.35494880546075086
1 0.9488054607508533 0.17064846416382254 0.051194539249146756 0.16552901023890784
1 0.9445392491467577 0.04522184300341297 0.042662116040955635 0.09044368600682594
1 0.8737201365187713 0.08703071672354949 0.08191126279863481 0.17064846416382254
1 0.6860068259385665 0.2696245733788396 0.052901023890784986 0.13139931740614336
1 0.7030716723549488 0.15699658703071673 0.05460750853242321 0.1348122866894198
1 0.659556313993174 0.1612627986348123 0.04778156996587031 0.10580204778156997
1 0.613481228668942 0.39334470989761094 0.04436860068259386 0.17235494880546076
1 0.5631399317406144 0.5426621160409556 0.07508532423208192 0.3054607508532423
1 0.6305460750853242 0.5802047781569966 0.07337883959044368 0.20477815699658702
1 0.523037542662116 0.53839590443686 0.05631399317406143 0.19112627986348124
1 0.4189419795221843 0.7465870307167235 0.06313993174061433 0.17406143344709898
1 0.7047781569965871 0.39590443686006827 0.07849829351535836 0.15870307167235495
1 0.6484641638225256 0.4044368600682594 0.06996587030716724 0.22525597269624573
1 0.36177474402730375 0.514505119453925 0.04778156996587031 0.15017064846416384
1 0.34726962457337884 0.3890784982935154 0.05631399317406143 0.15870307167235495
1 0.39590443686006827 0.4812286689419795 0.04948805460750853 0.15017064846416384
1 0.6032423208191127 0.24232081911262798 0.040955631399317405 0.11774744027303755
1 0.6160409556313993 0.1825938566552901 0.03924914675767918 0.10409556313993173
1 0.568259385665529 0.10921501706484642 0.05631399317406143 0.1689419795221843
1 0.6083617747440273 0.06228668941979522 0.04948805460750853 0.12457337883959044
1 0.3839590443686007 0.12542662116040956 0.04778156996587031 0.11433447098976109
1 0.4658703071672355 0.2773037542662116 0.040955631399317405 0.09556313993174062
1 0.4718430034129693 0.36860068259385664 0.040955631399317405 0.12627986348122866
1 0.5435153583617748 0.15870307167235495 0.03754266211604096 0.12627986348122866
1 0.8233788395904437 0.10580204778156997 0.042662116040955635 0.11945392491467577
1 0.8950511945392492 0.026450511945392493 0.02901023890784983 0.052901023890784986
1 0.431740614334471 0.35494880546075086 0.04948805460750853 0.15017064846416384
1 0.24232081911262798 0.25341296928327645 0.030716723549488054 0.07167235494880546
1 0.06484641638225255 0.2593856655290102 0.03924914675767918 0.10068259385665529
1 0.30802047781569963 0.3412969283276451 0.04778156996587031 0.15017064846416384
1 0.46501706484641636 0.6945392491467577 0.06996587030716724 0.21160409556313994
1 0.2175767918088737 0.7295221843003413 0.04948805460750853 0.15187713310580206
1 0.4863481228668942 0.060580204778156996 0.05460750853242321 0.12116040955631399
1 0.8080204778156996 0.023890784982935155 0.02901023890784983 0.04778156996587031
1 0.7738907849829352 0.11433447098976109 0.030716723549488054 0.08361774744027303