1 0.11696428571428572 0.32857142857142857 0.08214285714285714 0.24642857142857144
1 0.045535714285714284 0.35267857142857145 0.06607142857142857 0.20892857142857144
1 0.022321428571428572 0.5410714285714285 0.044642857142857144 0.18571428571428572
1 0.14464285714285716 0.4857142857142857 0.055357142857142855 0.17857142857142858
1 0.2785714285714286 0.4616071428571429 0.08035714285714286 0.20535714285714285
1 0.2642857142857143 0.5758928571428571 0.0375 0.1
1 0.18482142857142858 0.5696428571428571 0.09821428571428571 0.2571428571428571
1 0.07321428571428572 0.6205357142857143 0.06785714285714285 0.18928571428571428
1 0.05 0.010714285714285714 0.02142857142857143 0.02142857142857143
1 0.09642857142857143 0.06517857142857143 0.05714285714285714 0.13035714285714287
1 0.11696428571428572 0.13392857142857142 0.02857142857142857 0.08035714285714286
1 0.13839285714285715 0.09821428571428571 0.033928571428571426 0.12857142857142856
1 0.19285714285714287 0.03482142857142857 0.05714285714285714 0.06964285714285715
1 0.2669642857142857 0.0035714285714285713 0.023214285714285715 0.007142857142857143
1 0.24017857142857144 0.11964285714285715 0.05357142857142857 0.12678571428571428
1 0.18125 0.12767857142857142 0.05892857142857143 0.11785714285714285
1 0.1982142857142857 0.18660714285714286 0.025 0.06785714285714285
1 0.34285714285714286 0.12321428571428572 0.09285714285714286 0.24642857142857144
1 0.29642857142857143 0.22857142857142856 0.05357142857142857 0.15535714285714286
1 0.2794642857142857 0.2732142857142857 0.048214285714285716 0.15
1 0.33303571428571427 0.31160714285714286 0.05178571428571429 0.15892857142857142
1 0.6116071428571429 0.15 0.12857142857142856 0.2910714285714286
1 0.7107142857142857 0.22857142857142856 0.11607142857142858 0.42857142857142855
1 0.8348214285714286 0.4089285714285714 0.08571428571428572 0.24464285714285713
1 0.8080357142857143 0.18571428571428572 0.05714285714285714 0.19285714285714287
1 0.7383928571428572 0.4830357142857143 0.08392857142857142 0.18392857142857144
1 0.8892857142857142 0.28214285714285714 0.08214285714285714 0.26964285714285713
1 0.9 0.10178571428571428 0.06785714285714285 0.14107142857142857
1 0.9607142857142857 0.31339285714285714 0.07857142857142857 0.2625
1 0.975 0.6705357142857142 0.05 0.30357142857142855
1 0.8 0.60625 0.075 0.2357142857142857
1 0.8660714285714286 0.6285714285714286 0.10178571428571428 0.3732142857142857
1 0.9633928571428572 0.8642857142857143 0.026785714285714284 0.16964285714285715
1 0.8982142857142857 0.93125 0.08571428571428572 0.1375
1 0.7017857142857142 0.7616071428571428 0.055357142857142855 0.1375
1 0.7196428571428571 0.8794642857142857 0.05714285714285714 0.14107142857142857
1 0.6741071428571429 0.875 0.05 0.11071428571428571
1 0.6258928571428571 0.6321428571428571 0.04642857142857143 0.18035714285714285
1 0.5732142857142857 0.4758928571428571 0.07857142857142857 0.3196428571428571
1 0.64375 0.43660714285714286 0.07678571428571429 0.21428571428571427
1 0.53125 0.48035714285714287 0.05892857142857143 0.2
1 0.42232142857142857 0.26160714285714287 0.06607142857142857 0.18214285714285713
1 0.7214285714285714 0.6294642857142857 0.08214285714285714 0.16607142857142856
1 0.6625 0.6196428571428572 0.07321428571428572 0.2357142857142857
1 0.3625 0.5053571428571428 0.05 0.15714285714285714
1 0.34732142857142856 0.6366071428571428 0.05892857142857143 0.16607142857142856
1 0.3982142857142857 0.5401785714285714 0.05178571428571429 0.15714285714285714
1 0.6151785714285715 0.7892857142857143 0.04285714285714286 0.12321428571428572
1 0.6285714285714286 0.8526785714285714 0.04107142857142857 0.10892857142857143
1 0.5776785714285714 0.9196428571428571 0.05892857142857143 0.16071428571428573
1 0.6223214285714286 0.9553571428571429 0.048214285714285716 0.08928571428571429
1 0.38571428571428573 0.9125 0.05 0.11964285714285715
1 0.4714285714285714 0.7526785714285714 0.04285714285714286 0.1
1 0.4785714285714286 0.6580357142857143 0.04285714285714286 0.13214285714285715
1 0.5526785714285715 0.8776785714285714 0.039285714285714285 0.13214285714285715
1 0.8455357142857143 0.9330357142857143 0.044642857142857144 0.12678571428571428
1 0.9223214285714286 0.99375 0.026785714285714284 0.0125
1 0.4357142857142857 0.6714285714285714 0.05178571428571429 0.15892857142857142
1 0.2375 0.7785714285714286 0.03214285714285714 0.075
1 0.05178571428571429 0.7714285714285715 0.04107142857142857 0.10535714285714286
1 0.30625 0.6866071428571429 0.05 0.15714285714285714
1 0.4705357142857143 0.31607142857142856 0.07142857142857142 0.21964285714285714
1 0.21160714285714285 0.28035714285714286 0.05178571428571429 0.15892857142857142
1 0.49464285714285716 0.9571428571428572 0.05357142857142857 0.08571428571428572
1 0.8330357142857143 0.9955357142857143 0.026785714285714284 0.008928571428571428
1 0.79375 0.9232142857142858 0.03214285714285714 0.0875