1 0.0023734177215189874 0.06962025316455696 0.004746835443037975 0.10443037974683544
1 0.0031645569620253164 0.1661392405063291 0.006329113924050633 0.16139240506329114
1 0.0031645569620253164 0.09018987341772151 0.006329113924050633 0.14556962025316456
1 0.00870253164556962 0.1764240506329114 0.01740506329113924 0.2231012658227848
1 0.003955696202531646 0.2310126582278481 0.007911392405063292 0.16455696202531644
1 0.005537974683544304 0.0759493670886076 0.011075949367088608 0.11708860759493671
1 0.16534810126582278 0.07832278481012658 0.09651898734177215 0.13765822784810128
1 0.2602848101265823 0.1060126582278481 0.07753164556962025 0.19778481012658228
1 0.3314873417721519 0.04588607594936709 0.020569620253164556 0.08069620253164557
1 0.30300632911392406 0.06645569620253164 0.06487341772151899 0.12183544303797468
1 0.30063291139240506 0.29667721518987344 0.04430379746835443 0.12025316455696203
1 0.32832278481012656 0.39794303797468356 0.04430379746835443 0.12341772151898735
1 0.2879746835443038 0.3987341772151899 0.03955696202531646 0.09651898734177215
1 0.21914556962025317 0.1906645569620253 0.03164556962025317 0.15981012658227847
1 0.1574367088607595 0.10522151898734178 0.05221518987341772 0.18829113924050633
1 0.2143987341772152 0.05933544303797468 0.055379746835443035 0.10126582278481013
1 0.1194620253164557 0.08306962025316456 0.04272151898734177 0.14240506329113925
1 0.015031645569620253 0.05458860759493671 0.030063291139240507 0.07753164556962025
1 0.3037974683544304 0.17800632911392406 0.06487341772151899 0.1439873417721519
1 0.25079113924050633 0.1764240506329114 0.055379746835443035 0.20727848101265822
1 0.0015822784810126582 0.22389240506329114 0.0031645569620253164 0.1439873417721519
1 0.014240506329113924 0.1337025316455696 0.028481012658227847 0.13765822784810128
1 0.22705696202531644 0.33069620253164556 0.03164556962025317 0.10917721518987342
1 0.24604430379746836 0.38449367088607594 0.03164556962025317 0.09651898734177215
1 0.21044303797468356 0.4572784810126582 0.04430379746835443 0.1550632911392405
1 0.25316455696202533 0.5 0.03955696202531646 0.12658227848101267
1 0.038765822784810125 0.46281645569620256 0.0379746835443038 0.10443037974683544
1 0.09651898734177215 0.31408227848101267 0.03322784810126582 0.08860759493670886
1 0.0925632911392405 0.22943037974683544 0.03322784810126582 0.11708860759493671
1 0.1819620253164557 0.41455696202531644 0.030063291139240507 0.11708860759493671
1 0.05617088607594937 0.24604430379746836 0.03955696202531646 0.13924050632911392
1 0.0015822784810126582 0.36550632911392406 0.0031645569620253164 0.09177215189873418
1 0.05221518987341772 0.06091772151898734 0.05063291139240506 0.09335443037974683
1 0.14082278481012658 0.5102848101265823 0.04430379746835443 0.11392405063291139
1 0.16693037974683544 0.7800632911392406 0.33069620253164556 0.439873417721519