1 0.1098993288590604 0.25419463087248323 0.0587248322147651 0.18791946308724833
1 0.10570469798657718 0.14597315436241612 0.026845637583892617 0.09228187919463088
1 0.03355704697986577 0.14513422818791946 0.06711409395973154 0.23657718120805368
1 0.012583892617449664 0.4983221476510067 0.018456375838926176 0.050335570469798654
1 0.14261744966442952 0.49328859060402686 0.06711409395973154 0.06040268456375839
1 0.10654362416107382 0.46308724832214765 0.03859060402684564 0.12080536912751678
1 0.09563758389261745 0.4312080536912752 0.03355704697986577 0.13926174496644295
1 0.14848993288590603 0.39932885906040266 0.03523489932885906 0.1476510067114094
1 0.3959731543624161 0.4815436241610738 0.09731543624161074 0.08389261744966443
1 0.49580536912751677 0.4161073825503356 0.07550335570469799 0.21476510067114093
1 0.6266778523489933 0.348993288590604 0.06040268456375839 0.22483221476510068
1 0.5830536912751678 0.4949664429530201 0.03859060402684564 0.05704697986577181
1 0.5419463087248322 0.27181208053691275 0.06375838926174497 0.16778523489932887
1 0.6484899328859061 0.4354026845637584 0.018456375838926176 0.1761744966442953
1 0.6098993288590604 0.16191275167785235 0.05201342281879195 0.2197986577181208
1 0.6493288590604027 0.15855704697986578 0.016778523489932886 0.31711409395973156
1 0.5310402684563759 0.03523489932885906 0.04194630872483222 0.07046979865771812
1 0.5562080536912751 0.009228187919463088 0.04194630872483222 0.018456375838926176
1 0.4488255033557047 0.12332214765100671 0.028523489932885907 0.16778523489932887
1 0.38674496644295303 0.2651006711409396 0.04865771812080537 0.29697986577181207
1 0.44966442953020136 0.30788590604026844 0.05536912751677853 0.19798657718120805
1 0.34815436241610737 0.2575503355704698 0.040268456375838924 0.18456375838926176
1 0.22818791946308725 0.4463087248322148 0.04697986577181208 0.15436241610738255
1 0.5385906040268457 0.13338926174496643 0.06375838926174497 0.15100671140939598
1 0.4823825503355705 0.13758389261744966 0.050335570469798654 0.2181208053691275
1 0.19211409395973153 0.22063758389261745 0.03523489932885906 0.14429530201342283
1 0.18875838926174496 0.0964765100671141 0.04194630872483222 0.15268456375838926
1 0.22818791946308725 0.19043624161073824 0.03691275167785235 0.14429530201342283
1 0.4513422818791946 0.015939597315436243 0.030201342281879196 0.031879194630872486
1 0.4286912751677852 0.01761744966442953 0.04194630872483222 0.03523489932885906
1 0.47315436241610737 0.015939597315436243 0.03691275167785235 0.031879194630872486
1 0.3145973154362416 0.02181208053691275 0.031879194630872486 0.0436241610738255
1 0.31291946308724833 0.087248322147651 0.030201342281879196 0.12248322147651007
1 0.401006711409396 0.007550335570469799 0.026845637583892617 0.015100671140939598
1 0.27348993288590606 0.07130872483221476 0.03691275167785235 0.14261744966442952
1 0.15436241610738255 0.05956375838926174 0.03355704697986577 0.11912751677852348
1 0.27768456375838924 0.40604026845637586 0.050335570469798654 0.20469798657718122
1 0.03271812080536913 0.4186241610738255 0.03523489932885906 0.1476510067114094
1 0.3540268456375839 0.010067114093959731 0.0436241610738255 0.020134228187919462
1 0.8288590604026845 0.3087248322147651 0.3422818791946309 0.42953020134228187
1 0.25 0.761744966442953 0.5 0.47651006711409394
1 0.8968120805369127 0.8447986577181208 0.2063758389261745 0.3104026845637584