1 0.14140625 0.653125 0.05625 0.2125
1 0.08125 0.62578125 0.0453125 0.1796875
1 0.06875 0.4578125 0.05 0.1609375
1 0.0234375 0.51953125 0.0421875 0.3015625
1 0.1796875 0.51875 0.0390625 0.153125
1 0.29375 0.5515625 0.0578125 0.1765625
1 0.29140625 0.45078125 0.0265625 0.0859375
1 0.221875 0.45 0.0703125 0.221875
1 0.1296875 0.3953125 0.0484375 0.1625
1 0.0328125 0.33125 0.0328125 0.0859375
1 0.04609375 0.953125 0.028125 0.078125
1 0.0984375 0.90859375 0.040625 0.16875
1 0.1234375 0.82265625 0.0203125 0.06875
1 0.13828125 0.85546875 0.021875 0.1109375
1 0.17890625 0.940625 0.04375 0.1078125
1 0.23984375 0.97109375 0.0203125 0.0484375
1 0.22890625 0.84609375 0.0390625 0.1078125
1 0.178125 0.83359375 0.0453125 0.1015625
1 0.19921875 0.78359375 0.01875 0.0578125
1 0.31953125 0.865625 0.0671875 0.2390625
1 0.2875 0.75625 0.0375 0.1328125
1 0.27734375 0.71640625 0.0328125 0.1296875
1 0.32734375 0.6875 0.0359375 0.1375
1 0.55546875 0.8640625 0.0953125 0.271875
1 0.64921875 0.80390625 0.0765625 0.3921875
1 0.7734375 0.6484375 0.059375 0.2109375
1 0.72890625 0.840625 0.0390625 0.165625
1 0.6953125 0.575 0.0625 0.1578125
1 0.80859375 0.7640625 0.05625 0.234375
1 0.80078125 0.93046875 0.0515625 0.1390625
1 0.8796875 0.74375 0.0640625 0.2265625
1 0.978125 0.7203125 0.0390625 0.159375
1 0.9734375 0.578125 0.053125 0.1890625
1 0.9453125 0.434375 0.075 0.265625
1 0.7609375 0.47421875 0.0515625 0.20625
1 0.8203125 0.46015625 0.0671875 0.321875
1 0.93828125 0.26484375 0.0375 0.1484375
1 0.97890625 0.2578125 0.0421875 0.225
1 0.9578125 0.11015625 0.046875 0.165625
1 0.878125 0.18125 0.065625 0.153125
1 0.68984375 0.3296875 0.040625 0.1171875
1 0.715625 0.22890625 0.040625 0.1203125
1 0.67578125 0.22890625 0.0375 0.09375
1 0.6109375 0.43515625 0.0296875 0.15625
1 0.5515625 0.56640625 0.05 0.2765625
1 0.609375 0.60703125 0.0546875 0.1859375
1 0.515625 0.55859375 0.040625 0.171875
1 0.40078125 0.7390625 0.046875 0.15625
1 0.69453125 0.44609375 0.0625 0.1421875
1 0.6421875 0.44921875 0.05 0.2046875
1 0.3703125 0.521875 0.034375 0.134375
1 0.36953125 0.40625 0.0421875 0.1421875
1 0.4046875 0.49453125 0.0359375 0.134375
1 0.6171875 0.29765625 0.0296875 0.10625
1 0.634375 0.24375 0.0296875 0.09375
1 0.59765625 0.17265625 0.0421875 0.1515625
1 0.640625 0.11796875 0.0375 0.1453125
1 0.428125 0.16953125 0.0359375 0.1015625
1 0.48828125 0.31640625 0.03125 0.0859375
1 0.48515625 0.4 0.0296875 0.1140625
1 0.5703125 0.215625 0.0265625 0.1140625
1 0.83046875 0.19375 0.03125 0.1078125
1 0.9046875 0.1109375 0.021875 0.0828125
1 0.45 0.38359375 0.0359375 0.134375
1 0.28671875 0.27265625 0.0234375 0.0640625
1 0.12421875 0.26171875 0.0296875 0.090625
1 0.33828125 0.35859375 0.034375 0.1359375
1 0.44765625 0.69609375 0.05 0.1921875
1 0.21875 0.70390625 0.0359375 0.1375
1 0.52890625 0.115625 0.0421875 0.121875
1 0.82734375 0.0875 0.021875 0.10625
1 0.784375 0.196875 0.0234375 0.075