1 0.1318181818181818 0.32272727272727275 0.06545454545454546 0.24909090909090909
1 0.06181818181818182 0.3527272727272727 0.05272727272727273 0.20909090909090908
1 0.04 0.5463636363636364 0.05818181818181818 0.18727272727272729
1 0.006363636363636364 0.4718181818181818 0.012727272727272728 0.3509090909090909
1 0.1709090909090909 0.4809090909090909 0.045454545454545456 0.1781818181818182
1 0.3054545454545455 0.44636363636363635 0.06727272727272728 0.20545454545454545
1 0.2990909090909091 0.5636363636363636 0.03090909090909091 0.1
1 0.21818181818181817 0.5627272727272727 0.08181818181818182 0.2581818181818182
1 0.10909090909090909 0.6227272727272727 0.056363636363636366 0.1890909090909091
1 0.005454545454545455 0.6918181818181818 0.01090909090909091 0.1
1 0.031818181818181815 0.007272727272727273 0.03090909090909091 0.014545454545454545
1 0.09 0.060909090909090906 0.045454545454545456 0.12181818181818181
1 0.11818181818181818 0.12545454545454546 0.023636363636363636 0.08
1 0.13727272727272727 0.08727272727272728 0.025454545454545455 0.1290909090909091
1 0.18727272727272729 0.026363636363636363 0.05090909090909091 0.05272727272727273
1 0.24272727272727274 0.10181818181818182 0.045454545454545456 0.12545454545454546
1 0.18272727272727274 0.11454545454545455 0.05272727272727273 0.11636363636363636
1 0.20454545454545456 0.17272727272727273 0.02181818181818182 0.06727272727272728
1 0.34545454545454546 0.11090909090909092 0.07636363636363637 0.22181818181818183
1 0.30727272727272725 0.2081818181818182 0.04363636363636364 0.15454545454545454
1 0.29363636363636364 0.2545454545454545 0.038181818181818185 0.1509090909090909
1 0.35 0.29 0.04181818181818182 0.16
1 0.6209090909090909 0.12636363636363637 0.10909090909090909 0.2509090909090909
1 0.7281818181818182 0.1990909090909091 0.0890909090909091 0.3927272727272727
1 0.8672727272727273 0.35363636363636364 0.06909090909090909 0.24545454545454545
1 0.8236363636363636 0.12818181818181817 0.045454545454545456 0.19272727272727272
1 0.7736363636363637 0.4354545454545454 0.07272727272727272 0.18363636363636363
1 0.9127272727272727 0.22090909090909092 0.06545454545454546 0.2727272727272727
1 0.9109090909090909 0.057272727272727274 0.05818181818181818 0.10181818181818182
1 0.9781818181818182 0.24545454545454545 0.04363636363636364 0.26181818181818184
1 0.8454545454545455 0.5563636363636364 0.06 0.2381818181818182
1 0.9145454545454546 0.5745454545454546 0.07818181818181819 0.37636363636363634
1 0.9627272727272728 0.9 0.06363636363636363 0.1781818181818182
1 0.7572727272727273 0.7209090909090909 0.04727272727272727 0.13636363636363635
1 0.7836363636363637 0.8390909090909091 0.04727272727272727 0.14
1 0.7372727272727273 0.8381818181818181 0.04363636363636364 0.10909090909090909
1 0.67 0.5945454545454546 0.034545454545454546 0.18181818181818182
1 0.6054545454545455 0.44 0.05818181818181818 0.32181818181818184
1 0.6745454545454546 0.39454545454545453 0.06363636363636363 0.21636363636363637
1 0.5636363636363636 0.44727272727272727 0.04727272727272727 0.2
1 0.43727272727272726 0.23363636363636364 0.05454545454545454 0.18181818181818182
1 0.7672727272727272 0.5854545454545454 0.07272727272727272 0.16545454545454547
1 0.7063636363636364 0.58 0.05818181818181818 0.2381818181818182
1 0.3936363636363636 0.48454545454545456 0.04 0.15636363636363637
1 0.3881818181818182 0.6190909090909091 0.04909090909090909 0.16545454545454547
1 0.43272727272727274 0.5181818181818182 0.04181818181818182 0.15636363636363637
1 0.6709090909090909 0.7554545454545455 0.034545454545454546 0.12363636363636364
1 0.6890909090909091 0.8190909090909091 0.034545454545454546 0.10909090909090909
1 0.6436363636363637 0.9 0.04909090909090909 0.17636363636363636
1 0.69 0.94 0.04181818181818182 0.12
1 0.44636363636363635 0.8963636363636364 0.04181818181818182 0.11818181818181818
1 0.5227272727272727 0.7281818181818182 0.03636363636363636 0.1
1 0.5218181818181818 0.6309090909090909 0.034545454545454546 0.13272727272727272
1 0.6136363636363636 0.8490909090909091 0.03090909090909091 0.13272727272727272
1 0.9154545454545454 0.8845454545454545 0.03636363636363636 0.12727272727272726
1 0.48 0.649090909090909 0.04363636363636364 0.15818181818181817
1 0.2863636363636364 0.7709090909090909 0.02727272727272727 0.07454545454545454
1 0.09727272727272727 0.7772727272727272 0.034545454545454546 0.10545454545454545
1 0.35 0.6727272727272727 0.04 0.15818181818181817
1 0.49 0.28545454545454546 0.05818181818181818 0.22181818181818183
1 0.22454545454545455 0.2672727272727273 0.04181818181818182 0.16
1 0.5609090909090909 0.9454545454545454 0.04909090909090909 0.10909090909090909
1 0.9072727272727272 0.9727272727272728 0.025454545454545455 0.05454545454545454
1 0.8618181818181818 0.8790909090909091 0.02727272727272727 0.08727272727272728