1 0.02042483660130719 0.37826797385620914 0.0392156862745098 0.22058823529411764
1 0.007352941176470588 0.34967320261437906 0.013071895424836602 0.18790849673202614
1 0.012254901960784314 0.17647058823529413 0.016339869281045753 0.16666666666666666
1 0.008169934640522876 0.24019607843137256 0.013071895424836602 0.315359477124183
1 0.05065359477124183 0.23774509803921567 0.04084967320261438 0.16013071895424835
1 0.16993464052287582 0.272875816993464 0.06045751633986928 0.184640522875817
1 0.16748366013071894 0.16748366013071894 0.027777777777777776 0.08986928104575163
1 0.09477124183006536 0.16584967320261437 0.07352941176470588 0.23202614379084968
1 0.013888888888888888 0.10947712418300654 0.017973856209150325 0.16993464052287582
1 0.00980392156862745 0.04330065359477124 0.006535947712418301 0.08660130718954248
1 0.07107843137254902 0.5089869281045751 0.0196078431372549 0.049019607843137254
1 0.1977124183006536 0.5065359477124183 0.06699346405228758 0.06045751633986928
1 0.16258169934640523 0.47630718954248363 0.0392156862745098 0.11764705882352941
1 0.1527777777777778 0.4452614379084967 0.03431372549019608 0.13562091503267973
1 0.20506535947712418 0.4150326797385621 0.03758169934640523 0.1437908496732026
1 0.4444444444444444 0.4991830065359477 0.09640522875816994 0.08333333333333333
1 0.5424836601307189 0.43709150326797386 0.07679738562091504 0.2107843137254902
1 0.6715686274509803 0.3741830065359477 0.06209150326797386 0.22058823529411764
1 0.6266339869281046 0.5155228758169934 0.0392156862745098 0.05555555555555555
1 0.5898692810457516 0.2973856209150327 0.06535947712418301 0.1650326797385621
1 0.6911764705882353 0.4583333333333333 0.021241830065359478 0.1715686274509804
1 0.6584967320261438 0.19117647058823528 0.05392156862745098 0.21568627450980393
1 0.6968954248366013 0.17565359477124182 0.02287581699346405 0.3349673202614379
1 0.5841503267973857 0.051470588235294115 0.042483660130718956 0.09967320261437909
1 0.6086601307189542 0.026143790849673203 0.042483660130718956 0.049019607843137254
1 0.5678104575163399 0.018790849673202614 0.03758169934640523 0.03594771241830065
1 0.5016339869281046 0.1511437908496732 0.03104575163398693 0.16339869281045752
1 0.4395424836601307 0.2883986928104575 0.05228758169934641 0.28921568627450983
1 0.5 0.33088235294117646 0.05718954248366013 0.19444444444444445
1 0.4019607843137255 0.28022875816993464 0.042483660130718956 0.17973856209150327
1 0.2818627450980392 0.4616013071895425 0.049019607843137254 0.1503267973856209
1 0.5890522875816994 0.16258169934640523 0.06535947712418301 0.14869281045751634
1 0.5343137254901961 0.16584967320261437 0.05228758169934641 0.21405228758169934
1 0.25 0.24183006535947713 0.03594771241830065 0.14052287581699346
1 0.24918300653594772 0.12091503267973856 0.04411764705882353 0.14869281045751634
1 0.28594771241830064 0.21241830065359477 0.03758169934640523 0.14052287581699346
1 0.5065359477124183 0.03104575163398693 0.03104575163398693 0.06209150326797386
1 0.5245098039215687 0.017973856209150325 0.029411764705882353 0.03594771241830065
1 0.48447712418300654 0.032679738562091505 0.042483660130718956 0.06535947712418301
1 0.5277777777777778 0.031862745098039214 0.03758169934640523 0.06209150326797386
1 0.30718954248366015 0.017973856209150325 0.03594771241830065 0.03594771241830065
1 0.37254901960784315 0.035130718954248366 0.032679738562091505 0.07026143790849673
1 0.3700980392156863 0.11356209150326797 0.03104575163398693 0.119281045751634
1 0.45751633986928103 0.022058823529411766 0.026143790849673203 0.04411764705882353
1 0.3333333333333333 0.09640522875816994 0.03758169934640523 0.14052287581699346
1 0.16176470588235295 0.006535947712418301 0.02287581699346405 0.013071895424836602
1 0.21650326797385622 0.07107843137254902 0.03594771241830065 0.14215686274509803
1 0.33088235294117646 0.42320261437908496 0.05228758169934641 0.20098039215686275
1 0.0915032679738562 0.43137254901960786 0.03758169934640523 0.1437908496732026
1 0.41094771241830064 0.024509803921568627 0.04411764705882353 0.049019607843137254
1 0.6797385620915033 0.016339869281045753 0.02287581699346405 0.026143790849673203
1 0.8496732026143791 0.3374183006535948 0.3006535947712418 0.42320261437908496
1 0.27205882352941174 0.7655228758169934 0.5441176470588235 0.46895424836601307
1 0.9084967320261438 0.8537581699346405 0.17320261437908496 0.29248366013071897