1 0.08892617449664429 0.3011744966442953 0.06543624161073826 0.22986577181208054
1 0.026006711409395974 0.3263422818791946 0.04697986577181208 0.19463087248322147
1 0.013422818791946308 0.5067114093959731 0.026845637583892617 0.17114093959731544
1 0.12248322147651007 0.4471476510067114 0.0436241610738255 0.16610738255033558
1 0.24664429530201343 0.41778523489932884 0.06543624161073826 0.18959731543624161
1 0.23909395973154363 0.5260067114093959 0.030201342281879196 0.09395973154362416
1 0.1644295302013423 0.5234899328859061 0.08053691275167785 0.23825503355704697
1 0.06208053691275168 0.5771812080536913 0.05536912751677853 0.1761744966442953
1 0.05453020134228188 0.057885906040268456 0.04530201342281879 0.11577181208053691
1 0.0796979865771812 0.11828859060402684 0.02348993288590604 0.0738255033557047
1 0.09731543624161074 0.08389261744966443 0.025167785234899327 0.11912751677852348
1 0.14429530201342283 0.026845637583892617 0.04697986577181208 0.053691275167785234
1 0.19379194630872484 0.09899328859060402 0.0436241610738255 0.1174496644295302
1 0.13926174496644295 0.1098993288590604 0.050335570469798654 0.10906040268456375
1 0.15855704697986578 0.1644295302013423 0.020134228187919462 0.06208053691275168
1 0.28942953020134227 0.10570469798657718 0.07550335570469799 0.21140939597315436
1 0.2516778523489933 0.19798657718120805 0.0436241610738255 0.14429530201342283
1 0.23909395973154363 0.2407718120805369 0.03859060402684564 0.14093959731543623
1 0.2902684563758389 0.27432885906040266 0.040268456375838924 0.1493288590604027
1 0.5436241610738255 0.12248322147651007 0.10570469798657718 0.24496644295302014
1 0.6409395973154363 0.1912751677852349 0.08892617449664429 0.37416107382550334
1 0.7667785234899329 0.3414429530201342 0.06879194630872483 0.22651006711409397
1 0.7298657718120806 0.1325503355704698 0.04530201342281879 0.17953020134228187
1 0.6795302013422819 0.4152684563758389 0.06879194630872483 0.16946308724832215
1 0.8112416107382551 0.2197986577181208 0.06375838926174497 0.2516778523489933
1 0.8112416107382551 0.06291946308724833 0.05536912751677853 0.10570469798657718
1 0.8859060402684564 0.24580536912751677 0.07214765100671142 0.24328859060402686
1 0.9840604026845637 0.27432885906040266 0.031879194630872486 0.17281879194630873
1 0.9731543624161074 0.4278523489932886 0.053691275167785234 0.20469798657718122
1 0.9387583892617449 0.5805369127516778 0.08557046979865772 0.28691275167785235
1 0.7432885906040269 0.5276845637583892 0.06040268456375839 0.2197986577181208
1 0.8062080536912751 0.5461409395973155 0.07718120805369127 0.34731543624161076
1 0.9219798657718121 0.7625838926174496 0.04194630872483222 0.1610738255033557
1 0.9681208053691275 0.7718120805369127 0.053691275167785234 0.24328859060402686
1 0.9328859060402684 0.9186241610738255 0.053691275167785234 0.16275167785234898
1 0.8531879194630873 0.8481543624161074 0.07214765100671142 0.1644295302013423
1 0.6593959731543624 0.6786912751677853 0.04697986577181208 0.12751677852348994
1 0.6812080536912751 0.7885906040268457 0.04697986577181208 0.13087248322147652
1 0.6384228187919463 0.7860738255033557 0.04194630872483222 0.10234899328859061
1 0.5813758389261745 0.5604026845637584 0.03355704697986577 0.16946308724832215
1 0.5234899328859061 0.41694630872483224 0.0587248322147651 0.2986577181208054
1 0.5880872483221476 0.3766778523489933 0.06208053691275168 0.19966442953020133
1 0.4848993288590604 0.4228187919463087 0.04697986577181208 0.18624161073825504
1 0.3716442953020134 0.2231543624161074 0.05201342281879195 0.16946308724832215
1 0.6711409395973155 0.5536912751677853 0.06879194630872483 0.15268456375838926
1 0.6149328859060402 0.5478187919463087 0.0587248322147651 0.2197986577181208
1 0.32802013422818793 0.4546979865771812 0.040268456375838924 0.14597315436241612
1 0.32046979865771813 0.5788590604026845 0.04697986577181208 0.15436241610738255
1 0.3624161073825503 0.48573825503355705 0.04194630872483222 0.14597315436241612
1 0.5788590604026845 0.7088926174496645 0.03355704697986577 0.11577181208053691
1 0.5947986577181208 0.7676174496644296 0.03355704697986577 0.10234899328859061
1 0.552013422818792 0.8414429530201343 0.04697986577181208 0.1644295302013423
1 0.5939597315436241 0.9026845637583892 0.04194630872483222 0.15771812080536912
1 0.3699664429530201 0.8355704697986577 0.040268456375838924 0.11073825503355705
1 0.44211409395973156 0.6820469798657718 0.03523489932885906 0.09395973154362416
1 0.4437919463087248 0.5922818791946308 0.03523489932885906 0.12416107382550336
1 0.5251677852348994 0.7944630872483222 0.031879194630872486 0.12416107382550336
1 0.802013422818792 0.8322147651006712 0.03523489932885906 0.11912751677852348
1 0.87751677852349 0.9253355704697986 0.025167785234899327 0.08892617449664429
1 0.40436241610738255 0.6073825503355704 0.04194630872483222 0.1476510067114094
1 0.22399328859060402 0.7172818791946308 0.025167785234899327 0.06879194630872483
1 0.04949664429530201 0.7197986577181208 0.03355704697986577 0.09899328859060402
1 0.28439597315436244 0.62751677852349 0.03859060402684564 0.1476510067114094
1 0.41946308724832215 0.27181208053691275 0.05704697986577181 0.20469798657718122
1 0.17533557046979867 0.25083892617449666 0.040268456375838924 0.1493288590604027
1 0.473993288590604 0.8993288590604027 0.04865771812080537 0.1342281879194631
1 0.7927852348993288 0.9446308724832215 0.025167785234899327 0.11073825503355705
1 0.7533557046979866 0.8263422818791947 0.026845637583892617 0.08053691275167785