1 0.11627906976744186 0.6910299003322259 0.05647840531561462 0.22425249169435216
1 0.05232558139534884 0.6627906976744186 0.044850498338870434 0.19102990033222592
1 0.03571428571428571 0.4850498338870432 0.04983388704318937 0.16943521594684385
1 0.004152823920265781 0.5506644518272426 0.008305647840531562 0.32059800664451826
1 0.15448504983388706 0.5473421926910299 0.03820598006644518 0.16279069767441862
1 0.276578073089701 0.5805647840531561 0.05813953488372093 0.18604651162790697
1 0.2724252491694352 0.473421926910299 0.026578073089700997 0.09136212624584718
1 0.19850498338870431 0.473421926910299 0.07142857142857142 0.23421926910299004
1 0.09966777408637874 0.4169435215946844 0.04817275747508306 0.17275747508305647
1 0.005813953488372093 0.3496677740863787 0.011627906976744186 0.09136212624584718
1 0.020764119601328904 0.9850498338870431 0.02823920265780731 0.029900332225913623
1 0.07475083056478406 0.9368770764119602 0.03986710963455149 0.12624584717607973
1 0.1004983388704319 0.8712624584717608 0.019933554817275746 0.07308970099667775
1 0.11710963455149502 0.9061461794019934 0.02159468438538206 0.11794019933554817
1 0.16196013289036545 0.9692691029900332 0.044850498338870434 0.061461794019933555
1 0.21345514950166114 0.8945182724252492 0.03986710963455149 0.11461794019933555
1 0.15946843853820597 0.8820598006644518 0.046511627906976744 0.1079734219269103
1 0.18023255813953487 0.8289036544850499 0.018272425249169437 0.061461794019933555
1 0.3089700996677741 0.893687707641196 0.0664451827242525 0.21262458471760798
1 0.27408637873754155 0.7981727574750831 0.03820598006644518 0.14119601328903655
1 0.26245847176079734 0.7558139534883721 0.03322259136212625 0.1378737541528239
1 0.31478405315614616 0.7242524916943521 0.03488372093023256 0.1461794019933555
1 0.5598006644518272 0.8820598006644518 0.09634551495016612 0.23588039867109634
1 0.6586378737541528 0.8172757475083057 0.07475083056478406 0.3654485049833887
1 0.7882059800664452 0.6744186046511628 0.059800664451827246 0.22259136212624583
1 0.7450166112956811 0.8795681063122923 0.03820598006644518 0.1760797342192691
1 0.7043189368770764 0.5980066445182725 0.06312292358803986 0.16611295681063123
1 0.8280730897009967 0.7965116279069767 0.054817275747508304 0.24750830564784054
1 0.8230897009966778 0.9501661129568106 0.05149501661129568 0.09966777408637874
1 0.9028239202657807 0.7732558139534884 0.06312292358803986 0.23920265780730898
1 0.9941860465116279 0.7458471760797342 0.011627906976744186 0.16943521594684385
1 0.9867109634551495 0.5946843853820598 0.026578073089700997 0.19933554817275748
1 0.9642857142857143 0.4426910299003322 0.07142857142857142 0.2807308970099668
1 0.771594684385382 0.489202657807309 0.05149501661129568 0.21760797342192692
1 0.834717607973422 0.473421926910299 0.06478405315614617 0.34053156146179403
1 0.9568106312292359 0.2632890365448505 0.036544850498338874 0.15780730897009967
1 0.9900332225913622 0.2541528239202658 0.019933554817275746 0.23920265780730898
1 0.9742524916943521 0.09883720930232558 0.046511627906976744 0.1760797342192691
1 0.8911960132890365 0.1760797342192691 0.0664451827242525 0.1611295681063123
1 0.6935215946843853 0.3372093023255814 0.04152823920265781 0.12458471760797342
1 0.7192691029900332 0.2292358803986711 0.04152823920265781 0.12790697674418605
1 0.6769102990033222 0.23006644518272426 0.03820598006644518 0.09966777408637874
1 0.6121262458471761 0.45099667774086377 0.02823920265780731 0.16611295681063123
1 0.5506644518272426 0.5913621262458472 0.04817275747508306 0.29401993355481726
1 0.6129568106312292 0.6337209302325582 0.054817275747508304 0.19601328903654486
1 0.5124584717607974 0.5838870431893688 0.03986710963455149 0.18272425249169436
1 0.39368770764119604 0.7774086378737541 0.046511627906976744 0.16611295681063123
1 0.7009966777408638 0.46096345514950166 0.06312292358803986 0.14950166112956811
1 0.6453488372093024 0.46511627906976744 0.04983388704318937 0.2159468438538206
1 0.3579734219269103 0.5473421926910299 0.03488372093023256 0.14285714285714285
1 0.3546511627906977 0.42441860465116277 0.04152823920265781 0.1511627906976744
1 0.39368770764119604 0.5174418604651163 0.036544850498338874 0.14285714285714285
1 0.6154485049833887 0.30398671096345514 0.029900332225913623 0.11295681063122924
1 0.632890365448505 0.24667774086378738 0.029900332225913623 0.09966777408637874
1 0.5930232558139535 0.1719269102990033 0.04152823920265781 0.1611295681063123
1 0.6370431893687708 0.11295681063122924 0.036544850498338874 0.15448504983388706
1 0.4127906976744186 0.1719269102990033 0.036544850498338874 0.1079734219269103
1 0.4792358803986711 0.32641196013289037 0.03156146179401993 0.09136212624584718
1 0.4775747508305648 0.4152823920265781 0.029900332225913623 0.1212624584717608
1 0.5647840531561462 0.21760797342192692 0.026578073089700997 0.1212624584717608
1 0.840531561461794 0.19019933554817275 0.03156146179401993 0.11461794019933555
1 0.9177740863787376 0.1004983388704319 0.02159468438538206 0.08803986710963455
1 0.4393687707641196 0.39867109634551495 0.036544850498338874 0.14285714285714285
1 0.26411960132890366 0.2840531561461794 0.023255813953488372 0.0681063122923588
1 0.09136212624584718 0.2749169435215947 0.029900332225913623 0.09634551495016612
1 0.32059800664451826 0.3745847176079734 0.03322259136212625 0.14451827242524917
1 0.4426910299003322 0.7308970099667774 0.04983388704318937 0.2026578073089701
1 0.20016611295681064 0.7433554817275747 0.03488372093023256 0.1461794019933555
1 0.5182724252491694 0.11212624584717608 0.04318936877076412 0.12956810631229235
1 0.8355481727574751 0.07724252491694353 0.02159468438538206 0.11295681063122924
1 0.7915282392026578 0.19435215946843853 0.023255813953488372 0.07973421926910298