1 0.046703296703296704 0.21153846153846154 0.09340659340659341 0.36813186813186816
1 0.19230769230769232 0.33974358974358976 0.08241758241758242 0.2490842490842491
1 0.12912087912087913 0.11904761904761904 0.054945054945054944 0.19047619047619047
1 0.10531135531135531 0.4249084249084249 0.08058608058608059 0.17582417582417584
1 0.2271062271062271 0.20238095238095238 0.07875457875457875 0.2765567765567766
1 0.21062271062271062 0.05402930402930403 0.06227106227106227 0.07326007326007326
1 0.31043956043956045 0.22252747252747251 0.08791208791208792 0.2673992673992674
1 0.413003663003663 0.24358974358974358 0.02564102564102564 0.18681318681318682
1 0.4157509157509158 0.3946886446886447 0.04212454212454213 0.19047619047619047
1 0.3956043956043956 0.45787545787545786 0.08241758241758242 0.07142857142857142
1 0.18315018315018314 0.4652014652014652 0.06227106227106227 0.08424908424908426
1 0.25 0.434981684981685 0.08058608058608059 0.13736263736263737
1 0.019230769230769232 0.3965201465201465 0.038461538461538464 0.21794871794871795
1 0.04395604395604396 0.489010989010989 0.05860805860805861 0.056776556776556776
1 0.45787545787545786 0.024725274725274724 0.09523809523809523 0.04945054945054945
1 0.31227106227106227 0.902014652014652 0.06227106227106227 0.15018315018315018
1 0.4267399267399267 0.8745421245421245 0.05311355311355311 0.0989010989010989
1 0.3974358974358974 0.6868131868131868 0.0695970695970696 0.152014652014652
1 0.2967032967032967 0.9789377289377289 0.05860805860805861 0.04212454212454213
1 0.4523809523809524 0.8305860805860806 0.02564102564102564 0.12454212454212454
1 0.34523809523809523 0.8232600732600732 0.05860805860805861 0.13186813186813187
1 0.2847985347985348 0.7014652014652014 0.06776556776556776 0.14285714285714285
1 0.36813186813186816 0.597985347985348 0.05128205128205128 0.11355311355311355
1 0.2326007326007326 0.7481684981684982 0.056776556776556776 0.13003663003663005
1 0.19963369963369965 0.8974358974358975 0.056776556776556776 0.13736263736263737
1 0.1163003663003663 0.6043956043956044 0.0641025641025641 0.19047619047619047
1 0.4056776556776557 0.9322344322344323 0.05311355311355311 0.09706959706959707
1 0.06684981684981685 0.7554945054945055 0.1336996336996337 0.489010989010989
1 0.8681318681318682 0.717032967032967 0.26373626373626374 0.5311355311355311