1 0.08303249097472924 0.3348375451263538 0.10469314079422383 0.09927797833935018
1 0.19043321299638988 0.2644404332129964 0.0812274368231047 0.24007220216606498
1 0.3312274368231047 0.18772563176895307 0.06498194945848375 0.24187725631768953
1 0.2842960288808664 0.3492779783393502 0.04151624548736462 0.0703971119133574
1 0.24007220216606498 0.10469314079422383 0.06859205776173286 0.18050541516245489
1 0.37454873646209386 0.2851985559566787 0.05956678700361011 0.19855595667870035
1 0.4548736462093863 0.2743682310469314 0.06859205776173286 0.22021660649819494
1 0.5081227436823105 0.06046931407942238 0.048736462093862815 0.12093862815884476
1 0.3131768953068592 0.052346570397111915 0.05595667870036101 0.10469314079422383
1 0.38176895306859204 0.07671480144404332 0.0703971119133574 0.15342960288808663
1 0.5135379061371841 0.02707581227436823 0.03790613718411552 0.05415162454873646
1 0.51985559566787 0.032490974729241874 0.02527075812274368 0.06498194945848375
1 0.44223826714801445 0.027978339350180504 0.07220216606498195 0.05595667870036101
1 0.2283393501805054 0.018050541516245487 0.04512635379061372 0.036101083032490974
1 0.25541516245487367 0.01895306859205776 0.04512635379061372 0.03790613718411552
1 0.21028880866425992 0.011732851985559567 0.04151624548736462 0.023465703971119134
1 0.13989169675090252 0.029783393501805054 0.030685920577617327 0.05956678700361011
1 0.07310469314079422 0.12815884476534295 0.052346570397111915 0.2563176895306859
1 0.1407942238267148 0.14350180505415164 0.05956678700361011 0.21299638989169675
1 0.030685920577617327 0.09386281588447654 0.04332129963898917 0.18772563176895307
1 0.2364620938628159 0.02527075812274368 0.06859205776173286 0.05054151624548736
1 0.17509025270758122 0.04332129963898917 0.05415162454873646 0.08664259927797834
1 0.14259927797833935 0.015342960288808664 0.032490974729241874 0.030685920577617327
1 0.1624548736462094 0.011732851985559567 0.032490974729241874 0.023465703971119134
1 0.11823104693140794 0.027978339350180504 0.04512635379061372 0.05595667870036101
1 0.16606498194945848 0.026173285198555957 0.039711191335740074 0.052346570397111915
1 0.08844765342960288 0.017148014440433214 0.02888086642599278 0.03429602888086643
1 0.3871841155234657 0.015342960288808664 0.03429602888086643 0.030685920577617327
1 0.4720216606498195 0.008122743682310469 0.023465703971119134 0.016245487364620937
1 0.03790613718411552 0.019855595667870037 0.04693140794223827 0.039711191335740074
1 0.38176895306859204 0.015342960288808664 0.023465703971119134 0.030685920577617327
1 0.33393501805054154 0.00631768953068592 0.02527075812274368 0.01263537906137184
1 0.6606498194945848 0.19223826714801445 0.2563176895306859 0.3844765342960289
1 0.4684115523465704 0.953971119133574 0.12815884476534295 0.09205776173285199
1 0.44404332129963897 0.6200361010830325 0.17689530685920576 0.2003610108303249
1 0.06768953068592058 0.5929602888086642 0.13537906137184116 0.41696750902527074
1 0.17509025270758122 0.5577617328519856 0.2888086642599278 0.34657039711191334
1 0.08574007220216606 0.9115523465703971 0.16064981949458484 0.17689530685920576
1 0.6696750902527075 0.6435018050541517 0.2743682310469314 0.5180505415162455