1 0.43591772151898733 0.2911392405063291 0.08544303797468354 0.370253164556962
1 0.18829113924050633 0.2587025316455696 0.189873417721519 0.25949367088607594
1 0.029272151898734177 0.15110759493670886 0.0379746835443038 0.11550632911392406
1 0.942246835443038 0.06645569620253164 0.11550632911392406 0.10759493670886076
1 0.5846518987341772 0.03560126582278481 0.07753164556962025 0.06962025316455696
1 0.7697784810126582 0.058544303797468354 0.13449367088607594 0.10284810126582279
1 0.7025316455696202 0.05221518987341772 0.07911392405063292 0.09335443037974683
1 0.5031645569620253 0.12341772151898735 0.056962025316455694 0.2468354430379747
1 0.5063291139240507 0.11708860759493671 0.06329113924050633 0.23417721518987342
1 0.5126582278481012 0.07911392405063292 0.06962025316455696 0.15822784810126583
1 0.5126582278481012 0.06487341772151899 0.06962025316455696 0.12974683544303797
1 0.502373417721519 0.0245253164556962 0.04272151898734177 0.0490506329113924
1 0.5015822784810127 0.013449367088607595 0.04113924050632911 0.02689873417721519
1 0.8283227848101266 0.20253164556962025 0.1550632911392405 0.3876582278481013
1 0.9430379746835443 0.12974683544303797 0.11392405063291139 0.23417721518987342
1 0.6044303797468354 0.015822784810126583 0.04113924050632911 0.02689873417721519
1 0.23180379746835442 0.7515822784810127 0.46360759493670883 0.4936708860759494
1 0.029272151898734177 0.8686708860759493 0.058544303797468354 0.2310126582278481