1 0.4652542372881356 0.19406779661016949 0.19152542372881357 0.38813559322033897
1 0.15254237288135594 0.17796610169491525 0.20677966101694914 0.28135593220338984
1 0.5779661016949152 0.514406779661017 0.025423728813559324 0.11864406779661017
1 0.5745762711864407 0.49830508474576274 0.01864406779661017 0.09661016949152543
1 0.5669491525423729 0.36610169491525424 0.01694915254237288 0.09152542372881356
1 0.5694915254237288 0.37966101694915255 0.020338983050847456 0.10847457627118644
1 0.6728813559322034 0.42966101694915254 0.0288135593220339 0.0711864406779661
1 0.6669491525423729 0.1483050847457627 0.022033898305084745 0.04915254237288136
1 0.5669491525423729 0.3440677966101695 0.022033898305084745 0.1288135593220339
1 0.6533898305084745 0.5161016949152543 0.06779661016949153 0.12542372881355932
1 0.5644067796610169 0.28728813559322036 0.020338983050847456 0.09322033898305085
1 0.5627118644067797 0.28135593220338984 0.015254237288135594 0.07796610169491526
1 0.6169491525423729 0.43050847457627117 0.03220338983050847 0.10508474576271186
1 0.6983050847457627 0.38389830508474576 0.023728813559322035 0.07627118644067797
1 0.6161016949152542 0.2533898305084746 0.015254237288135594 0.03389830508474576
1 0.5644067796610169 0.3135593220338983 0.01694915254237288 0.0847457627118644
1 0.938135593220339 0.4449152542372881 0.015254237288135594 0.03898305084745763
1 0.7398305084745763 0.5033898305084745 0.030508474576271188 0.11016949152542373
1 0.7949152542372881 0.43050847457627117 0.09661016949152543 0.28135593220338984
1 0.9245762711864407 0.4847457627118644 0.013559322033898305 0.05084745762711865
1 0.9432203389830508 0.538135593220339 0.00847457627118644 0.023728813559322035
1 0.926271186440678 0.5271186440677966 0.011864406779661017 0.04406779661016949
1 0.964406779661017 0.5389830508474577 0.020338983050847456 0.04406779661016949
1 0.9796610169491525 0.5491525423728814 0.01864406779661017 0.022033898305084745
1 0.8669491525423729 0.5313559322033898 0.03389830508474576 0.06949152542372881
1 0.8949152542372881 0.5559322033898305 0.022033898305084745 0.01864406779661017
1 0.5966101694915255 0.4228813559322034 0.08305084745762711 0.3169491525423729
1 0.8788135593220339 0.46779661016949153 0.030508474576271188 0.1016949152542373
1 0.8491525423728814 0.46864406779661016 0.011864406779661017 0.04406779661016949
1 0.8550847457627119 0.4423728813559322 0.015254237288135594 0.059322033898305086
1 0.9042372881355932 0.4516949152542373 0.011864406779661017 0.04406779661016949
1 0.9169491525423729 0.44322033898305085 0.013559322033898305 0.04406779661016949
1 0.9347457627118644 0.4872881355932203 0.010169491525423728 0.03559322033898305
1 0.9491525423728814 0.47627118644067795 0.015254237288135594 0.04576271186440678
1 0.9593220338983051 0.4923728813559322 0.00847457627118644 0.0288135593220339
1 0.9661016949152542 0.5016949152542373 0.010169491525423728 0.01694915254237288
1 0.9720338983050848 0.4711864406779661 0.01694915254237288 0.0576271186440678
1 0.9779661016949153 0.5245762711864407 0.010169491525423728 0.03389830508474576
1 0.9822033898305085 0.5152542372881356 0.00847457627118644 0.03559322033898305
1 0.9949152542372881 0.5008474576271187 0.010169491525423728 0.04576271186440678
1 0.37457627118644066 0.7898305084745763 0.43728813559322033 0.42033898305084744
1 0.1152542372881356 0.8 0.22033898305084745 0.4
1 0.6533898305084745 0.7830508474576271 0.15593220338983052 0.3135593220338983