1 0.04929577464788732 0.1936619718309859 0.09859154929577464 0.3591549295774648
1 0.5563380281690141 0.17869718309859156 0.29225352112676056 0.3573943661971831
1 0.9137323943661971 0.17165492957746478 0.1619718309859155 0.34330985915492956
1 0.698943661971831 0.3987676056338028 0.06338028169014084 0.10211267605633803
1 0.698943661971831 0.3899647887323944 0.04225352112676056 0.08450704225352113
1 0.7931338028169014 0.727112676056338 0.051056338028169015 0.11795774647887323
1 0.7447183098591549 0.48327464788732394 0.07394366197183098 0.1742957746478873
1 0.7570422535211268 0.386443661971831 0.056338028169014086 0.08098591549295775
1 0.5889084507042254 0.38116197183098594 0.04401408450704225 0.05985915492957746
1 0.6452464788732394 0.39524647887323944 0.05457746478873239 0.09154929577464789
1 0.6320422535211268 0.3767605633802817 0.04225352112676056 0.0528169014084507
1 0.7077464788732394 0.608274647887324 0.05457746478873239 0.12323943661971831
1 0.6434859154929577 0.37764084507042256 0.040492957746478875 0.056338028169014086
1 0.6338028169014085 0.6637323943661971 0.06338028169014084 0.11619718309859155
1 0.4850352112676056 0.4084507042253521 0.061619718309859156 0.1056338028169014
1 0.5378521126760564 0.37940140845070425 0.05457746478873239 0.0528169014084507
1 0.8116197183098591 0.3829225352112676 0.05457746478873239 0.07746478873239436
1 0.5360915492957746 0.37411971830985913 0.04753521126760563 0.04225352112676056
1 0.5598591549295775 0.3855633802816901 0.03169014084507042 0.06514084507042253
1 0.766725352112676 0.8802816901408451 0.07570422535211267 0.16549295774647887
1 0.8952464788732394 0.6065140845070423 0.09859154929577464 0.20246478873239437
1 0.9383802816901409 0.45422535211267606 0.09859154929577464 0.14612676056338028
1 0.965669014084507 0.8072183098591549 0.06866197183098592 0.12852112676056338
1 0.4498239436619718 0.4498239436619718 0.05457746478873239 0.18661971830985916
1 0.5669014084507042 0.45686619718309857 0.09154929577464789 0.1426056338028169
1 0.5404929577464789 0.6188380281690141 0.08098591549295775 0.14084507042253522
1 0.4612676056338028 0.5625 0.06866197183098592 0.14084507042253522
1 0.46566901408450706 0.7535211267605634 0.061619718309859156 0.11443661971830986
1 0.977112676056338 0.6091549295774648 0.045774647887323945 0.19718309859154928
1 0.9577464788732394 0.40669014084507044 0.08450704225352113 0.13732394366197184
1 0.8723591549295775 0.386443661971831 0.06866197183098592 0.0897887323943662
1 0.8811619718309859 0.9330985915492958 0.06338028169014084 0.10915492957746478
1 0.6751760563380281 0.9876760563380281 0.0528169014084507 0.014084507042253521
1 0.6681338028169014 0.9154929577464789 0.056338028169014086 0.1426056338028169
1 0.715669014084507 0.9375 0.0528169014084507 0.11267605633802817
1 0.43838028169014087 0.38380281690140844 0.03169014084507042 0.05457746478873239
1 0.44630281690140844 0.4014084507042254 0.04753521126760563 0.0897887323943662
1 0.8257042253521126 0.4586267605633803 0.051056338028169015 0.12323943661971831