1 0.11234177215189874 0.2974683544303797 0.22468354430379747 0.34810126582278483
1 0.7626582278481012 0.2175632911392405 0.2848101265822785 0.3275316455696203
1 0.23734177215189872 0.6511075949367089 0.47468354430379744 0.375
1 0.5158227848101266 0.5419303797468354 0.09335443037974683 0.15822784810126583
1 0.5450949367088608 0.5316455696202531 0.11075949367088607 0.13924050632911392
1 0.5213607594936709 0.6819620253164557 0.09651898734177215 0.1962025316455696
1 0.5031645569620253 0.6447784810126582 0.06487341772151899 0.22151898734177214
1 0.7990506329113924 0.689873417721519 0.18670886075949367 0.3528481012658228
1 0.9604430379746836 0.5221518987341772 0.07911392405063292 0.1360759493670886
1 0.9501582278481012 0.6115506329113924 0.09968354430379747 0.314873417721519
1 0.5189873417721519 0.8718354430379747 0.09018987341772151 0.2389240506329114
1 0.9335443037974683 0.821993670886076 0.0680379746835443 0.18037974683544303
1 0.9082278481012658 0.9193037974683544 0.10917721518987342 0.14873417721518986
1 0.9825949367088608 0.9493670886075949 0.03481012658227848 0.08227848101265822