1 0.11093247588424437 0.30787781350482313 0.22186495176848875 0.35852090032154343
1 0.7636655948553055 0.21463022508038584 0.2942122186495177 0.33762057877813506
1 0.24115755627009647 0.6639871382636656 0.48231511254019294 0.3890675241157556
1 0.5184887459807074 0.5482315112540193 0.09646302250803858 0.16237942122186494
1 0.5482315112540193 0.5377813504823151 0.11414790996784566 0.14308681672025725
1 0.5265273311897106 0.6905144694533762 0.10128617363344052 0.20096463022508038
1 0.5080385852090032 0.6535369774919614 0.0707395498392283 0.22508038585209003
1 0.8094855305466238 0.6945337620578779 0.19614147909967847 0.3617363344051447
1 0.9638263665594855 0.5209003215434084 0.07234726688102894 0.1382636655948553
1 0.9533762057877814 0.612540192926045 0.0932475884244373 0.3215434083601286
1 0.5281350482315113 0.8802250803858521 0.09485530546623794 0.2395498392282958
1 0.9485530546623794 0.8263665594855305 0.07234726688102894 0.1832797427652733
1 0.9236334405144695 0.9180064308681672 0.11254019292604502 0.1382636655948553
1 0.9911575562700965 0.9485530546623794 0.017684887459807074 0.0707395498392283