1 0.08483754512635379 0.15342960288808663 0.15162454873646208 0.30685920577617326
1 0.628158844765343 0.16967509025270758 0.30324909747292417 0.33935018050541516
1 0.9548736462093863 0.18772563176895307 0.09025270758122744 0.33212996389891697
1 0.7554151624548736 0.3916967509025271 0.06678700361010831 0.10649819494584838
1 0.7554151624548736 0.38267148014440433 0.04332129963898917 0.08664259927797834
1 0.822202166064982 0.7346570397111913 0.05415162454873646 0.12093862815884476
1 0.7933212996389891 0.48194945848375453 0.07942238267148015 0.18050541516245489
1 0.8149819494584838 0.3835740072202166 0.05776173285198556 0.08483754512635379
1 0.644404332129964 0.3637184115523466 0.04693140794223827 0.061371841155234655
1 0.7003610108303249 0.38267148014440433 0.05776173285198556 0.09386281588447654
1 0.6886281588447654 0.3628158844765343 0.04332129963898917 0.05415162454873646
1 0.7454873646209387 0.605595667870036 0.05956678700361011 0.1263537906137184
1 0.7003610108303249 0.36462093862815886 0.04332129963898917 0.05776173285198556
1 0.6642599277978339 0.6561371841155235 0.06678700361010831 0.12093862815884476
1 0.5361010830324909 0.38176895306859204 0.06498194945848375 0.11010830324909747
1 0.592057761732852 0.3574007220216607 0.05595667870036101 0.05595667870036101
1 0.8709386281588448 0.3844765342960289 0.05776173285198556 0.0812274368231047
1 0.5911552346570397 0.351985559566787 0.048736462093862815 0.04332129963898917
1 0.6146209386281588 0.36462093862815886 0.03429602888086643 0.06678700361010831
1 0.7815884476534296 0.8889891696750902 0.0812274368231047 0.17148014440433212
1 0.9368231046931408 0.6209386281588448 0.10469314079422383 0.20938628158844766
1 0.9711191335740073 0.4666064981949459 0.05776173285198556 0.14981949458483754
1 0.4963898916967509 0.4214801444043321 0.05776173285198556 0.19133574007220217
1 0.6155234657039711 0.4395306859205776 0.09566787003610108 0.14620938628158844
1 0.5731046931407943 0.601985559566787 0.08483754512635379 0.14620938628158844
1 0.4981949458483754 0.5370036101083032 0.07220216606498195 0.14620938628158844
1 0.4855595667870036 0.7319494584837545 0.06498194945848375 0.11913357400722022
1 0.9332129963898917 0.3944043321299639 0.07220216606498195 0.09386281588447654
1 0.8925992779783394 0.9485559566787004 0.06678700361010831 0.10288808664259928
1 0.677797833935018 0.9909747292418772 0.05595667870036101 0.018050541516245487
1 0.6768953068592057 0.9160649819494585 0.05956678700361011 0.14620938628158844
1 0.723826714801444 0.9422382671480144 0.05776173285198556 0.11552346570397112
1 0.49097472924187724 0.3528880866425993 0.03429602888086643 0.05595667870036101
1 0.4963898916967509 0.37184115523465705 0.05054151624548736 0.09205776173285199
1 0.8790613718411552 0.463898916967509 0.05595667870036101 0.1263537906137184