1 0.11904761904761904 0.19413919413919414 0.2271062271062271 0.3882783882783883
1 0.31959706959706957 0.1978021978021978 0.16666666666666666 0.3956043956043956
1 0.6913919413919414 0.21428571428571427 0.6172161172161172 0.42857142857142855
1 0.4340659340659341 0.27197802197802196 0.10256410256410256 0.25824175824175827
1 0.08791208791208792 0.4816849816849817 0.10256410256410256 0.20512820512820512
1 0.4423076923076923 0.6978021978021978 0.1813186813186813 0.6043956043956044
1 0.40476190476190477 0.4981684981684982 0.06593406593406594 0.20146520146520147
1 0.43040293040293043 0.641941391941392 0.14652014652014653 0.4908424908424908
1 0.5622710622710623 0.5467032967032966 0.07875457875457875 0.1575091575091575
1 0.6684981684981685 0.5393772893772893 0.10073260073260074 0.10256410256410256
1 0.7490842490842491 0.5512820512820513 0.06593406593406594 0.1227106227106227
1 0.8379120879120879 0.5421245421245421 0.10256410256410256 0.19230769230769232
1 0.9441391941391941 0.5448717948717948 0.11172161172161173 0.24358974358974358