1 0.09340659340659341 0.5375457875457875 0.18681318681318682 0.7673992673992674
1 0.10531135531135531 0.5567765567765568 0.21062271062271062 0.7289377289377289
1 0.38461538461538464 0.5457875457875457 0.34615384615384615 0.7106227106227107
1 0.61996336996337 0.1804029304029304 0.05311355311355311 0.10256410256410256
1 0.6538461538461539 0.4981684981684982 0.0695970695970696 0.1575091575091575
1 0.6730769230769231 0.13553113553113552 0.05128205128205128 0.13186813186813187
1 0.6373626373626373 0.2948717948717949 0.056776556776556776 0.10256410256410256
1 0.8360805860805861 0.013736263736263736 0.038461538461538464 0.027472527472527472
1 0.5897435897435898 0.34706959706959706 0.06776556776556776 0.12087912087912088
1 0.9294871794871795 0.01098901098901099 0.04212454212454213 0.02197802197802198
1 0.7536630036630036 0.5018315018315018 0.054945054945054944 0.11172161172161173
1 0.8782051282051282 0.45787545787545786 0.06227106227106227 0.13553113553113552
1 0.73992673992674 0.6428571428571429 0.05860805860805861 0.14102564102564102
1 0.6364468864468864 0.7545787545787546 0.07142857142857142 0.11904761904761904
1 0.029304029304029304 0.9606227106227107 0.029304029304029304 0.07875457875457875
1 0.029304029304029304 0.9606227106227107 0.029304029304029304 0.07875457875457875
1 0.5228937728937729 0.9514652014652014 0.07692307692307693 0.09706959706959707
1 0.15842490842490842 0.9578754578754579 0.07509157509157509 0.08424908424908426
1 0.04212454212454213 0.9597069597069597 0.054945054945054944 0.08058608058608059
1 0.2774725274725275 0.9551282051282052 0.09340659340659341 0.08974358974358974
1 0.37637362637362637 0.9542124542124543 0.0641025641025641 0.09157509157509157
1 0.43864468864468864 0.9532967032967034 0.05311355311355311 0.09340659340659341
1 0.4807692307692308 0.9423076923076923 0.04212454212454213 0.07509157509157509
1 0.4249084249084249 0.9404761904761905 0.03296703296703297 0.06776556776556776
1 0.3708791208791209 0.9542124542124543 0.06043956043956044 0.09157509157509157
1 0.8543956043956044 0.9395604395604396 0.29120879120879123 0.10622710622710622