1 0.08647798742138364 0.26336477987421386 0.17295597484276728 0.5267295597484277
1 0.3168238993710692 0.25157232704402516 0.28144654088050314 0.5031446540880503
1 0.815251572327044 0.0220125786163522 0.06289308176100629 0.02358490566037736
1 0.6132075471698113 0.19811320754716982 0.07075471698113207 0.12735849056603774
1 0.4960691823899371 0.10220125786163523 0.0880503144654088 0.12264150943396226
1 0.5518867924528302 0.1918238993710692 0.05817610062893082 0.08176100628930817
1 0.6595911949685535 0.04874213836477988 0.08333333333333333 0.08962264150943396
1 0.7429245283018868 0.06839622641509434 0.0660377358490566 0.12106918238993711
1 0.845125786163522 0.06839622641509434 0.08176100628930817 0.11635220125786164
1 0.910377358490566 0.06446540880503145 0.09119496855345911 0.10377358490566038
1 0.9764150943396226 0.06525157232704402 0.04716981132075472 0.09905660377358491
1 0.8490566037735849 0.49528301886792453 0.06918238993710692 0.11477987421383648
1 0.910377358490566 0.44261006289308175 0.06289308176100629 0.1069182389937107
1 0.8569182389937107 0.3836477987421384 0.06132075471698113 0.09905660377358491
1 0.8836477987421384 0.28852201257861637 0.06761006289308176 0.10377358490566038
1 0.8977987421383647 0.17295597484276728 0.11163522012578617 0.10534591194968554
1 0.940251572327044 0.09984276729559749 0.11477987421383648 0.1289308176100629
1 0.8215408805031447 0.25235849056603776 0.06289308176100629 0.14150943396226415
1 0.764937106918239 0.2138364779874214 0.0770440251572327 0.139937106918239
1 0.7916666666666666 0.36242138364779874 0.0660377358490566 0.11635220125786164
1 0.7374213836477987 0.30660377358490565 0.06289308176100629 0.08490566037735849
1 0.7154088050314465 0.3710691823899371 0.05345911949685535 0.08647798742138364
1 0.664308176100629 0.4386792452830189 0.08176100628930817 0.12264150943396226
1 0.5998427672955975 0.3380503144654088 0.08333333333333333 0.0959119496855346
1 0.5102201257861635 0.27672955974842767 0.10220125786163523 0.139937106918239
1 0.4669811320754717 0.25471698113207547 0.03930817610062893 0.09905660377358491
1 0.5220125786163522 0.046383647798742135 0.11320754716981132 0.09276729559748427
1 0.7099056603773585 0.03459119496855346 0.07075471698113207 0.05817610062893082
1 0.7696540880503144 0.03852201257861635 0.08018867924528301 0.06132075471698113
1 0.47562893081761004 0.025943396226415096 0.03930817610062893 0.05188679245283019
1 0.4779874213836478 0.025943396226415096 0.0440251572327044 0.05188679245283019
1 0.47091194968553457 0.018081761006289308 0.029874213836477988 0.036163522012578615
1 0.48427672955974843 0.027515723270440252 0.05660377358490566 0.055031446540880505
1 0.4968553459119497 0.3812893081761006 0.11006289308176101 0.1179245283018868
1 0.46540880503144655 0.5495283018867925 0.05660377358490566 0.07232704402515723
1 0.5117924528301887 0.4992138364779874 0.06132075471698113 0.07232704402515723
1 0.5990566037735849 0.4827044025157233 0.1069182389937107 0.16981132075471697
1 0.7940251572327044 0.5259433962264151 0.06132075471698113 0.0959119496855346
1 0.7122641509433962 0.5110062893081762 0.07861635220125786 0.09276729559748427
1 0.60062893081761 0.5935534591194969 0.0770440251572327 0.06289308176100629
1 0.7460691823899371 0.5904088050314465 0.09276729559748427 0.07861635220125786
1 0.8278301886792453 0.6045597484276729 0.059748427672955975 0.055031446540880505
1 0.14544025157232704 0.7971698113207547 0.2908805031446541 0.389937106918239
1 0.34276729559748426 0.8042452830188679 0.18553459119496854 0.3867924528301887
1 0.05738993710691824 0.7932389937106918 0.11477987421383648 0.38522012578616355
1 0.03380503144654088 0.72562893081761 0.06761006289308176 0.25
1 0.5424528301886793 0.7012578616352201 0.18238993710691823 0.16666666666666666