1 0.40723270440251574 0.28773584905660377 0.28144654088050314 0.40723270440251574
1 0.12578616352201258 0.28773584905660377 0.25 0.3977987421383648
1 0.9095911949685535 0.05660377358490566 0.059748427672955975 0.10062893081761007
1 0.9261006289308176 0.04716981132075472 0.04559748427672956 0.08018867924528301
1 0.9677672955974843 0.06289308176100629 0.059748427672955975 0.11163522012578617
1 0.7413522012578616 0.02437106918238994 0.03773584905660377 0.040880503144654086
1 0.8254716981132075 0.0589622641509434 0.08647798742138364 0.10849056603773585
1 0.7594339622641509 0.049528301886792456 0.04559748427672956 0.08962264150943396
1 0.7932389937106918 0.02279874213836478 0.0220125786163522 0.036163522012578615
1 0.8364779874213837 0.07468553459119497 0.03773584905660377 0.13836477987421383
1 0.8820754716981132 0.03380503144654088 0.029874213836477988 0.055031446540880505
1 0.8223270440251572 0.02908805031446541 0.03773584905660377 0.04716981132075472
1 0.8797169811320755 0.07232704402515723 0.0440251572327044 0.1320754716981132
1 0.9095911949685535 0.10613207547169812 0.04559748427672956 0.16037735849056603
1 0.97562893081761 0.14622641509433962 0.04874213836477988 0.13522012578616352
1 0.6533018867924528 0.036163522012578615 0.059748427672955975 0.06918238993710692
1 0.7067610062893082 0.02830188679245283 0.03930817610062893 0.050314465408805034
1 0.7122641509433962 0.0330188679245283 0.04559748427672956 0.05817610062893082
1 0.5974842767295597 0.015723270440251572 0.0330188679245283 0.02830188679245283
1 0.559748427672956 0.0110062893081761 0.020440251572327043 0.020440251572327043
1 0.5691823899371069 0.04009433962264151 0.04245283018867924 0.07861635220125786
1 0.6014150943396226 0.031446540880503145 0.031446540880503145 0.059748427672955975
1 0.6312893081761006 0.030660377358490566 0.03459119496855346 0.05660377358490566
1 0.6682389937106918 0.02908805031446541 0.0330188679245283 0.05188679245283019
1 0.72562893081761 0.03380503144654088 0.03459119496855346 0.059748427672955975
1 0.7641509433962265 0.040880503144654086 0.036163522012578615 0.07232704402515723
1 0.5566037735849056 0.02908805031446541 0.01729559748427673 0.05660377358490566
1 0.5550314465408805 0.020440251572327043 0.0110062893081761 0.03930817610062893
1 0.5676100628930818 0.0440251572327044 0.03930817610062893 0.08647798742138364
1 0.5550314465408805 0.02830188679245283 0.014150943396226415 0.055031446540880505
1 0.5605345911949685 0.02908805031446541 0.025157232704402517 0.05660377358490566
1 0.5605345911949685 0.04009433962264151 0.025157232704402517 0.07861635220125786
1 0.6312893081761006 0.03380503144654088 0.03459119496855346 0.06289308176100629
1 0.5959119496855346 0.027515723270440252 0.040880503144654086 0.05188679245283019
1 0.6674528301886793 0.041666666666666664 0.03773584905660377 0.0770440251572327
1 0.7044025157232704 0.06918238993710692 0.0330188679245283 0.11006289308176101
1 0.7822327044025157 0.09827044025157233 0.05188679245283019 0.12421383647798742
1 0.8223270440251572 0.16666666666666666 0.040880503144654086 0.08962264150943396
1 0.9779874213836478 0.22327044025157233 0.0440251572327044 0.11320754716981132
1 0.5613207547169812 0.03852201257861635 0.026729559748427674 0.07547169811320754
1 0.5542452830188679 0.014150943396226415 0.009433962264150943 0.026729559748427674
1 0.5558176100628931 0.020440251572327043 0.012578616352201259 0.03930817610062893
1 0.559748427672956 0.030660377358490566 0.02358490566037736 0.059748427672955975
1 0.5534591194968553 0.03537735849056604 0.0110062893081761 0.06918238993710692
1 0.5542452830188679 0.03537735849056604 0.012578616352201259 0.06918238993710692
1 0.595125786163522 0.06918238993710692 0.03459119496855346 0.13522012578616352
1 0.6305031446540881 0.08490566037735849 0.03930817610062893 0.11949685534591195
1 0.5699685534591195 0.04716981132075472 0.0440251572327044 0.09276729559748427
1 0.559748427672956 0.0220125786163522 0.020440251572327043 0.04245283018867924
1 0.5621069182389937 0.04323899371069182 0.02830188679245283 0.08490566037735849
1 0.5558176100628931 0.0440251572327044 0.015723270440251572 0.08647798742138364
1 0.5605345911949685 0.06918238993710692 0.026729559748427674 0.13679245283018868
1 0.5550314465408805 0.06839622641509434 0.014150943396226415 0.06918238993710692
1 0.5550314465408805 0.26257861635220126 0.02358490566037736 0.14937106918238993
1 0.6650943396226415 0.20518867924528303 0.025157232704402517 0.10062893081761007
1 0.6155660377358491 0.17374213836477986 0.0330188679245283 0.0660377358490566
1 0.5982704402515723 0.2507861635220126 0.036163522012578615 0.10062893081761007
1 0.7845911949685535 0.2209119496855346 0.029874213836477988 0.09119496855345911
1 0.8199685534591195 0.2389937106918239 0.029874213836477988 0.07075471698113207
1 0.8844339622641509 0.2696540880503145 0.025157232704402517 0.08018867924528301
1 0.9316037735849056 0.20518867924528303 0.040880503144654086 0.10220125786163523
1 0.8663522012578616 0.1871069182389937 0.0330188679245283 0.08490566037735849
1 0.6894654088050315 0.3561320754716981 0.025157232704402517 0.08018867924528301
1 0.7075471698113207 0.39544025157232704 0.0220125786163522 0.05660377358490566
1 0.9300314465408805 0.48427672955974843 0.026729559748427674 0.02830188679245283
1 0.5581761006289309 0.11556603773584906 0.0220125786163522 0.10377358490566038
1 0.5495283018867925 0.35927672955974843 0.014150943396226415 0.10377358490566038
1 0.5558176100628931 0.17767295597484276 0.020440251572327043 0.09905660377358491
1 0.5534591194968553 0.14386792452830188 0.014150943396226415 0.09433962264150944
1 0.5628930817610063 0.16745283018867924 0.029874213836477988 0.09119496855345911
1 0.5558176100628931 0.20125786163522014 0.020440251572327043 0.09905660377358491
1 0.559748427672956 0.0959119496855346 0.026729559748427674 0.1619496855345912
1 0.5511006289308176 0.35141509433962265 0.01729559748427673 0.06918238993710692
1 0.5479559748427673 0.4190251572327044 0.012578616352201259 0.07861635220125786
1 0.6611635220125787 0.39072327044025157 0.01729559748427673 0.06761006289308176
1 0.6933962264150944 0.27044025157232704 0.02358490566037736 0.07861635220125786
1 0.6619496855345912 0.3011006289308176 0.020440251572327043 0.06761006289308176
1 0.6965408805031447 0.18396226415094338 0.018867924528301886 0.059748427672955975
1 0.5526729559748428 0.08962264150943396 0.0110062893081761 0.06761006289308176
1 0.5542452830188679 0.12106918238993711 0.015723270440251572 0.13050314465408805
1 0.5542452830188679 0.05267295597484277 0.012578616352201259 0.09119496855345911
1 0.5542452830188679 0.13757861635220126 0.015723270440251572 0.09433962264150944
1 0.5511006289308176 0.2531446540880503 0.014150943396226415 0.08018867924528301
1 0.550314465408805 0.2586477987421384 0.012578616352201259 0.06289308176100629
1 0.5495283018867925 0.3860062893081761 0.014150943396226415 0.059748427672955975
1 0.5613207547169812 0.35691823899371067 0.025157232704402517 0.07389937106918239
1 0.5943396226415094 0.3490566037735849 0.026729559748427674 0.08333333333333333
1 0.5495283018867925 0.30424528301886794 0.012578616352201259 0.0880503144654088
1 0.8238993710691824 0.4190251572327044 0.01729559748427673 0.05817610062893082
1 0.7759433962264151 0.40172955974842767 0.0220125786163522 0.0660377358490566
1 0.6273584905660378 0.32547169811320753 0.036163522012578615 0.10062893081761007
1 0.9795597484276729 0.45990566037735847 0.012578616352201259 0.03459119496855346
1 0.9394654088050315 0.3026729559748428 0.0220125786163522 0.07547169811320754
1 0.9213836477987422 0.33176100628930816 0.020440251572327043 0.06132075471698113
1 0.8624213836477987 0.26257861635220126 0.025157232704402517 0.06761006289308176
1 0.839622641509434 0.279874213836478 0.025157232704402517 0.07232704402515723
1 0.8199685534591195 0.30660377358490565 0.025157232704402517 0.06446540880503145
1 0.7751572327044025 0.2908805031446541 0.01729559748427673 0.05345911949685535
1 0.7389937106918238 0.24528301886792453 0.029874213836477988 0.07075471698113207
1 0.7429245283018868 0.17767295597484276 0.015723270440251572 0.05345911949685535
1 0.9960691823899371 0.3026729559748428 0.007861635220125786 0.055031446540880505
1 0.9897798742138365 0.33176100628930816 0.020440251572327043 0.07232704402515723
1 0.9473270440251572 0.34276729559748426 0.020440251572327043 0.050314465408805034
1 0.9654088050314465 0.3443396226415094 0.012578616352201259 0.04245283018867924
1 0.89937106918239 0.3026729559748428 0.0220125786163522 0.07547169811320754
1 0.8687106918238994 0.35455974842767296 0.015723270440251572 0.06918238993710692
1 0.934748427672956 0.3867924528301887 0.014150943396226415 0.05345911949685535
1 0.9913522012578616 0.38836477987421386 0.01729559748427673 0.050314465408805034
1 0.9952830188679245 0.4724842767295597 0.009433962264150943 0.026729559748427674
1 0.5550314465408805 0.19261006289308177 0.018867924528301886 0.07232704402515723
1 0.5511006289308176 0.22248427672955975 0.012578616352201259 0.07547169811320754
1 0.7468553459119497 0.3309748427672956 0.018867924528301886 0.05345911949685535
1 0.7327044025157232 0.31053459119496857 0.01729559748427673 0.040880503144654086
1 0.7169811320754716 0.28144654088050314 0.02358490566037736 0.05817610062893082
1 0.7264150943396226 0.35455974842767296 0.0220125786163522 0.06918238993710692
1 0.8058176100628931 0.470125786163522 0.014150943396226415 0.05188679245283019
1 0.6878930817610063 0.4363207547169811 0.020440251572327043 0.07389937106918239
1 0.7044025157232704 0.45047169811320753 0.018867924528301886 0.06132075471698113
1 0.9512578616352201 0.4803459119496855 0.01729559748427673 0.036163522012578615
1 0.5487421383647799 0.37028301886792453 0.012578616352201259 0.059748427672955975
1 0.6289308176100629 0.44654088050314467 0.020440251572327043 0.0770440251572327
1 0.8891509433962265 0.4033018867924528 0.02830188679245283 0.07547169811320754
1 0.949685534591195 0.3946540880503145 0.020440251572327043 0.055031446540880505
1 0.27044025157232704 0.7405660377358491 0.5408805031446541 0.5188679245283019
1 0.6265723270440252 0.7955974842767296 0.19025157232704404 0.4088050314465409
1 0.8419811320754716 0.7885220125786163 0.3128930817610063 0.4229559748427673