1 0.09219269102990033 0.27159468438538203 0.18438538205980065 0.5431893687707641
1 0.3272425249169435 0.26411960132890366 0.31561461794019935 0.5282392026578073
1 0.8621262458471761 0.03488372093023256 0.0681063122923588 0.026578073089700997
1 0.6428571428571429 0.21262458471760798 0.07807308970099668 0.1378737541528239
1 0.521594684385382 0.10714285714285714 0.09634551495016612 0.132890365448505
1 0.5772425249169435 0.20431893687707642 0.06312292358803986 0.08803986710963455
1 0.696843853820598 0.057308970099667775 0.09136212624584718 0.0946843853820598
1 0.7832225913621262 0.08139534883720931 0.07308970099667775 0.12956810631229235
1 0.8920265780730897 0.08554817275747509 0.09136212624584718 0.12292358803986711
1 0.9551495016611296 0.08222591362126246 0.08970099667774087 0.11129568106312292
1 0.8803986710963455 0.5348837209302325 0.07807308970099668 0.12458471760797342
1 0.946843853820598 0.48172757475083056 0.07142857142857142 0.11461794019933555
1 0.8928571428571429 0.41777408637873753 0.0681063122923588 0.10631229235880399
1 0.9244186046511628 0.3181063122923588 0.07475083056478406 0.11295681063122924
1 0.9410299003322259 0.19601328903654486 0.11794019933554817 0.11627906976744186
1 0.9642857142857143 0.11960132890365449 0.07142857142857142 0.13953488372093023
1 0.8604651162790697 0.2782392026578073 0.07142857142857142 0.1511627906976744
1 0.8014950166112956 0.2350498338870432 0.08637873754152824 0.14950166112956811
1 0.824750830564784 0.39285714285714285 0.07308970099667775 0.12624584717607973
1 0.7691029900332226 0.33222591362126247 0.06976744186046512 0.09302325581395349
1 0.7433554817275747 0.3995016611295681 0.059800664451827246 0.09302325581395349
1 0.6868770764119602 0.4692691029900332 0.08970099667774087 0.13122923588039867
1 0.6229235880398671 0.36046511627906974 0.09136212624584718 0.10299003322259136
1 0.5307308970099668 0.292358803986711 0.11295681063122924 0.1511627906976744
1 0.4850498338870432 0.26744186046511625 0.044850498338870434 0.10465116279069768
1 0.5514950166112956 0.050664451827242524 0.12292358803986711 0.10132890365448505
1 0.75 0.044850498338870434 0.07641196013289037 0.061461794019933555
1 0.8131229235880398 0.050664451827242524 0.08637873754152824 0.06478405315614617
1 0.5033222591362126 0.026578073089700997 0.04318936877076412 0.053156146179401995
1 0.5058139534883721 0.026578073089700997 0.04817275747508306 0.053156146179401995
1 0.4983388704318937 0.018272425249169437 0.03322259136212625 0.036544850498338874
1 0.5124584717607974 0.029069767441860465 0.061461794019933555 0.05813953488372093
1 0.5124584717607974 0.4019933554817276 0.11960132890365449 0.12790697674418605
1 0.47259136212624586 0.5789036544850499 0.061461794019933555 0.07807308970099668
1 0.5240863787375415 0.526578073089701 0.0664451827242525 0.07807308970099668
1 0.6162790697674418 0.5132890365448505 0.11794019933554817 0.18272425249169436
1 0.8205980066445183 0.5656146179401993 0.0681063122923588 0.10299003322259136
1 0.7350498338870431 0.5473421926910299 0.08637873754152824 0.09966777408637874
1 0.6137873754152824 0.6295681063122923 0.08471760797342193 0.0681063122923588
1 0.7682724252491694 0.6320598006644518 0.09966777408637874 0.08637873754152824
1 0.8529900332225914 0.6495016611295681 0.06478405315614617 0.059800664451827246
1 0.143687707641196 0.8014950166112956 0.287375415282392 0.36710963455149503
1 0.33637873754152825 0.8156146179401993 0.2059800664451827 0.3588039867109635
1 0.050664451827242524 0.7948504983388704 0.10132890365448505 0.3538205980066445
1 0.02574750830564784 0.75 0.05149501661129568 0.26411960132890366
1 0.5490033222591362 0.7416943521594684 0.19933554817275748 0.18272425249169436