1 0.36794019933554817 0.2915282392026578 0.2973421926910299 0.43023255813953487
1 0.10132890365448505 0.30066445182724255 0.2026578073089701 0.4186046511627907
1 0.8887043189368771 0.040697674418604654 0.06312292358803986 0.08139534883720931
1 0.9061461794019934 0.029900332225913623 0.04817275747508306 0.059800664451827246
1 0.9501661129568106 0.04568106312292359 0.06312292358803986 0.09136212624584718
1 0.7109634551495017 0.01079734219269103 0.03986710963455149 0.02159468438538206
1 0.7998338870431894 0.04568106312292359 0.09136212624584718 0.09136212624584718
1 0.7300664451827242 0.036544850498338874 0.04817275747508306 0.07308970099667775
1 0.7657807308970099 0.008305647840531562 0.023255813953488372 0.016611295681063124
1 0.8131229235880398 0.061461794019933555 0.03820598006644518 0.12292358803986711
1 0.8604651162790697 0.01744186046511628 0.029900332225913623 0.03488372093023256
1 0.7965116279069767 0.014119601328903655 0.03820598006644518 0.02823920265780731
1 0.8588039867109635 0.05813953488372093 0.046511627906976744 0.11627906976744186
1 0.8911960132890365 0.08305647840531562 0.04817275747508306 0.16611295681063123
1 0.9659468438538206 0.12043189368770764 0.05647840531561462 0.14285714285714285
1 0.6179401993355482 0.026578073089700997 0.06312292358803986 0.053156146179401995
1 0.6744186046511628 0.016611295681063124 0.03986710963455149 0.03322259136212625
1 0.6810631229235881 0.020764119601328904 0.046511627906976744 0.04152823920265781
1 0.5589700996677741 0.005813953488372093 0.03488372093023256 0.011627906976744186
1 0.5191029900332226 0.0024916943521594683 0.02159468438538206 0.0049833887043189366
1 0.5290697674418605 0.03239202657807309 0.044850498338870434 0.06478405315614617
1 0.563953488372093 0.022425249169435217 0.03156146179401993 0.044850498338870434
1 0.595514950166113 0.020764119601328904 0.03488372093023256 0.04152823920265781
1 0.6345514950166113 0.01744186046511628 0.03322259136212625 0.03488372093023256
1 0.6951827242524917 0.02159468438538206 0.03488372093023256 0.04318936877076412
1 0.7350498338870431 0.027408637873754152 0.03820598006644518 0.054817275747508304
1 0.5166112956810631 0.02159468438538206 0.016611295681063124 0.04318936877076412
1 0.5141196013289037 0.012458471760797342 0.011627906976744186 0.024916943521594685
1 0.5274086378737541 0.036544850498338874 0.04152823920265781 0.07308970099667775
1 0.5149501661129569 0.020764119601328904 0.013289036544850499 0.04152823920265781
1 0.520764119601329 0.020764119601328904 0.024916943521594685 0.04152823920265781
1 0.5199335548172758 0.03239202657807309 0.026578073089700997 0.06478405315614617
1 0.5946843853820598 0.02408637873754153 0.036544850498338874 0.04817275747508306
1 0.5573089700996677 0.018272425249169437 0.04152823920265781 0.036544850498338874
1 0.632890365448505 0.030730897009966777 0.03986710963455149 0.061461794019933555
1 0.6735880398671097 0.05398671096345515 0.03488372093023256 0.1079734219269103
1 0.7566445182724253 0.07807308970099668 0.054817275747508304 0.13122923588039867
1 0.8023255813953488 0.14867109634551495 0.04318936877076412 0.0946843853820598
1 0.9709302325581395 0.20182724252491693 0.04983388704318937 0.11794019933554817
1 0.520764119601329 0.030730897009966777 0.02823920265780731 0.061461794019933555
1 0.5132890365448505 0.005813953488372093 0.009966777408637873 0.011627906976744186
1 0.5149501661129569 0.012458471760797342 0.013289036544850499 0.024916943521594685
1 0.5199335548172758 0.022425249169435217 0.023255813953488372 0.044850498338870434
1 0.5132890365448505 0.02823920265780731 0.011627906976744186 0.05647840531561462
1 0.5141196013289037 0.02823920265780731 0.013289036544850499 0.05647840531561462
1 0.5581395348837209 0.06229235880398671 0.036544850498338874 0.12458471760797342
1 0.5963455149501661 0.06893687707641195 0.04152823920265781 0.12624584717607973
1 0.5299003322259136 0.03986710963455149 0.046511627906976744 0.07973421926910298
1 0.5191029900332226 0.014119601328903655 0.02159468438538206 0.02823920265780731
1 0.521594684385382 0.03571428571428571 0.029900332225913623 0.07142857142857142
1 0.5157807308970099 0.03737541528239203 0.016611295681063124 0.07475083056478406
1 0.521594684385382 0.06312292358803986 0.026578073089700997 0.12624584717607973
1 0.5157807308970099 0.054817275747508304 0.014950166112956811 0.07308970099667775
1 0.5232558139534884 0.2591362126245847 0.024916943521594685 0.15780730897009967
1 0.6370431893687708 0.19435215946843853 0.026578073089700997 0.10631229235880399
1 0.5838870431893688 0.16279069767441862 0.03488372093023256 0.06976744186046512
1 0.5681063122923588 0.24584717607973422 0.03820598006644518 0.10631229235880399
1 0.7641196013289037 0.20681063122923588 0.03156146179401993 0.09634551495016612
1 0.8014950166112956 0.22508305647840532 0.03156146179401993 0.07475083056478406
1 0.8712624584717608 0.2549833887043189 0.026578073089700997 0.08471760797342193
1 0.9177740863787376 0.18438538205980065 0.04318936877076412 0.1079734219269103
1 0.8488372093023255 0.1686046511627907 0.03488372093023256 0.08970099667774087
1 0.6686046511627907 0.35299003322259137 0.026578073089700997 0.08471760797342193
1 0.6893687707641196 0.39368770764119604 0.023255813953488372 0.059800664451827246
1 0.9277408637873754 0.4792358803986711 0.02823920265780731 0.029900332225913623
1 0.520764119601329 0.10382059800664452 0.023255813953488372 0.10963455149501661
1 0.520764119601329 0.36212624584717606 0.014950166112956811 0.10963455149501661
1 0.520764119601329 0.17026578073089702 0.02159468438538206 0.10465116279069768
1 0.5166112956810631 0.1345514950166113 0.014950166112956811 0.09966777408637874
1 0.5282392026578073 0.15863787375415284 0.03156146179401993 0.09634551495016612
1 0.521594684385382 0.19435215946843853 0.02159468438538206 0.10465116279069768
1 0.520764119601329 0.08388704318936877 0.02823920265780731 0.16777408637873753
1 0.5224252491694352 0.3538205980066445 0.018272425249169437 0.07308970099667775
1 0.520764119601329 0.42524916943521596 0.013289036544850499 0.08305647840531562
1 0.6403654485049833 0.3903654485049834 0.018272425249169437 0.07142857142857142
1 0.6694352159468439 0.26245847176079734 0.024916943521594685 0.08305647840531562
1 0.6378737541528239 0.2956810631229236 0.02159468438538206 0.07142857142857142
1 0.6694352159468439 0.17109634551495018 0.019933554817275746 0.06312292358803986
1 0.5141196013289037 0.07724252491694353 0.011627906976744186 0.07142857142857142
1 0.5174418604651163 0.11046511627906977 0.016611295681063124 0.1378737541528239
1 0.5141196013289037 0.04318936877076412 0.013289036544850499 0.08637873754152824
1 0.5174418604651163 0.12790697674418605 0.016611295681063124 0.09966777408637874
1 0.5191029900332226 0.25 0.014950166112956811 0.08471760797342193
1 0.5182724252491694 0.2558139534883721 0.013289036544850499 0.0664451827242525
1 0.521594684385382 0.3903654485049834 0.014950166112956811 0.06312292358803986
1 0.5332225913621262 0.3588039867109635 0.026578073089700997 0.07807308970099668
1 0.5681063122923588 0.3496677740863787 0.02823920265780731 0.08803986710963455
1 0.5191029900332226 0.30398671096345514 0.013289036544850499 0.09302325581395349
1 0.8122923588039868 0.41445182724252494 0.018272425249169437 0.061461794019933555
1 0.7616279069767442 0.3978405315614618 0.023255813953488372 0.06976744186046512
1 0.6013289036544851 0.3230897009966777 0.03820598006644518 0.10631229235880399
1 0.978405315614618 0.45182724252491696 0.013289036544850499 0.036544850498338874
1 0.9310631229235881 0.287375415282392 0.023255813953488372 0.07973421926910298
1 0.9119601328903655 0.31893687707641194 0.02159468438538206 0.06478405315614617
1 0.8480066445182725 0.24833887043189368 0.026578073089700997 0.07142857142857142
1 0.8239202657807309 0.26744186046511625 0.026578073089700997 0.07641196013289037
1 0.8048172757475083 0.29651162790697677 0.026578073089700997 0.0681063122923588
1 0.7558139534883721 0.2815614617940199 0.018272425249169437 0.05647840531561462
1 0.7159468438538206 0.23421926910299004 0.03156146179401993 0.07475083056478406
1 0.71843853820598 0.16279069767441862 0.016611295681063124 0.05647840531561462
1 0.9925249169435216 0.2865448504983389 0.009966777408637873 0.05813953488372093
1 0.9850498338870431 0.31561461794019935 0.024916943521594685 0.07641196013289037
1 0.9393687707641196 0.329734219269103 0.02159468438538206 0.053156146179401995
1 0.9593023255813954 0.33056478405315615 0.013289036544850499 0.044850498338870434
1 0.8887043189368771 0.28903654485049834 0.023255813953488372 0.07973421926910298
1 0.8579734219269103 0.3446843853820598 0.016611295681063124 0.07308970099667775
1 0.9277408637873754 0.37624584717607973 0.014950166112956811 0.05647840531561462
1 0.989202657807309 0.3770764119601329 0.019933554817275746 0.053156146179401995
1 0.9950166112956811 0.4659468438538206 0.008305647840531562 0.02823920265780731
1 0.5199335548172758 0.18604651162790697 0.019933554817275746 0.07641196013289037
1 0.5174418604651163 0.21760797342192692 0.013289036544850499 0.07973421926910298
1 0.7275747508305648 0.32475083056478404 0.019933554817275746 0.05647840531561462
1 0.7126245847176079 0.303156146179402 0.018272425249169437 0.04318936877076412
1 0.6943521594684385 0.27325581395348836 0.024916943521594685 0.061461794019933555
1 0.707641196013289 0.3504983388704319 0.023255813953488372 0.07308970099667775
1 0.7948504983388704 0.4692691029900332 0.014950166112956811 0.054817275747508304
1 0.670265780730897 0.4377076411960133 0.02159468438538206 0.07807308970099668
1 0.6877076411960132 0.45182724252491696 0.019933554817275746 0.06478405315614617
1 0.9493355481727574 0.4750830564784053 0.018272425249169437 0.03820598006644518
1 0.5199335548172758 0.37375415282392027 0.013289036544850499 0.06312292358803986
1 0.6079734219269103 0.45099667774086377 0.02159468438538206 0.08139534883720931
1 0.8812292358803987 0.3953488372093023 0.029900332225913623 0.07973421926910298
1 0.9451827242524917 0.3845514950166113 0.02159468438538206 0.05813953488372093
1 0.26245847176079734 0.7508305647840532 0.5249169435215947 0.4983388704318937
1 0.6179401993355482 0.8023255813953488 0.19933554817275748 0.3953488372093023
1 0.840531561461794 0.7890365448504983 0.31893687707641194 0.4152823920265781