1 0.20403225806451614 0.3209677419354839 0.07096774193548387 0.4241935483870968
1 0.07661290322580645 0.3395161290322581 0.1532258064516129 0.3919354838709677
1 0.06693548387096775 0.34516129032258064 0.1338709677419355 0.38064516129032255
1 0.3258064516129032 0.056451612903225805 0.0467741935483871 0.1064516129032258
1 0.525 0.09516129032258064 0.07903225806451612 0.19032258064516128
1 0.23951612903225805 0.04838709677419355 0.01935483870967742 0.08709677419354839
1 0.6137096774193549 0.07580645161290323 0.08225806451612903 0.15161290322580645
1 0.7911290322580645 0.07903225806451612 0.08870967741935484 0.15806451612903225
1 0.707258064516129 0.07822580645161291 0.07258064516129033 0.15645161290322582
1 0.9717741935483871 0.08870967741935484 0.043548387096774194 0.1774193548387097
1 0.9096774193548387 0.08790322580645162 0.09032258064516129 0.17580645161290323
1 0.0532258064516129 0.7677419354838709 0.1064516129032258 0.4645161290322581
1 0.041935483870967745 0.7709677419354839 0.08387096774193549 0.45806451612903226
1 0.035483870967741936 0.7782258064516129 0.07096774193548387 0.4435483870967742
1 0.2129032258064516 0.771774193548387 0.06774193548387097 0.45645161290322583
1 0.10403225806451613 0.7782258064516129 0.1338709677419355 0.4435483870967742
1 0.02903225806451613 0.7741935483870968 0.05806451612903226 0.45161290322580644
1 0.32741935483870965 0.5879032258064516 0.0467741935483871 0.11451612903225807
1 0.5274193548387097 0.6258064516129033 0.07903225806451612 0.2
1 0.24919354838709679 0.5790322580645161 0.01935483870967742 0.09516129032258064
1 0.6153225806451613 0.6064516129032258 0.08225806451612903 0.1629032258064516
1 0.792741935483871 0.6080645161290322 0.08870967741935484 0.17258064516129032
1 0.7088709677419355 0.6072580645161291 0.07258064516129033 0.1693548387096774
1 0.9758064516129032 0.6153225806451613 0.04838709677419355 0.19516129032258064
1 0.9120967741935484 0.6153225806451613 0.09032258064516129 0.19193548387096773