1 0.05776173285198556 0.5090252707581228 0.11552346570397112 0.7545126353790613
1 0.06859205776173286 0.5279783393501805 0.1371841155234657 0.7166064981949458
1 0.30866425992779783 0.5370036101083032 0.34115523465703973 0.7003610108303249
1 0.5658844765342961 0.1931407942238267 0.052346570397111915 0.10108303249097472
1 0.5776173285198556 0.5081227436823105 0.06859205776173286 0.1552346570397112
1 0.621841155234657 0.15252707581227437 0.05054151624548736 0.1299638989169675
1 0.575812274368231 0.30685920577617326 0.05595667870036101 0.10108303249097472
1 0.7906137184115524 0.033393501805054154 0.03790613718411552 0.048736462093862815
1 0.5252707581227437 0.3555956678700361 0.06678700361010831 0.11913357400722022
1 0.9675090252707581 0.036101083032490974 0.048736462093862815 0.04151624548736462
1 0.8826714801444043 0.0351985559566787 0.04151624548736462 0.04693140794223827
1 0.6750902527075813 0.5189530685920578 0.05415162454873646 0.11010830324909747
1 0.8005415162454874 0.48375451263537905 0.061371841155234655 0.13357400722021662
1 0.9548736462093863 0.7770758122743683 0.0776173285198556 0.17509025270758122
1 0.6516245487364621 0.6561371841155235 0.05776173285198556 0.13898916967509026
1 0.5424187725631769 0.7590252707581228 0.0703971119133574 0.11732851985559567
1 0.41787003610108303 0.9476534296028881 0.07581227436823104 0.10108303249097472
1 0.05956678700361011 0.9350180505415162 0.0740072202166065 0.10108303249097472
1 0.17689530685920576 0.9395306859205776 0.09205776173285199 0.10288808664259928
1 0.2743682310469314 0.9431407942238267 0.0631768953068592 0.10108303249097472
1 0.33574007220216606 0.9449458483754513 0.052346570397111915 0.10108303249097472
1 0.37635379061371843 0.9332129963898917 0.04151624548736462 0.0740072202166065
1 0.3212996389891697 0.9268953068592057 0.032490974729241874 0.06678700361010831
1 0.26895306859205775 0.9422382671480144 0.05956678700361011 0.10108303249097472
1 0.7933212996389891 0.9521660649819494 0.3844765342960289 0.09566787003610108