1 0.20926517571884984 0.29073482428115016 0.09105431309904154 0.4217252396166134
1 0.08386581469648563 0.2979233226837061 0.16773162939297126 0.39456869009584666
1 0.0742811501597444 0.3027156549520767 0.1485623003194888 0.38338658146964855
1 0.35303514376996803 0.04712460063897764 0.051118210862619806 0.09424920127795527
1 0.5463258785942492 0.09584664536741214 0.0878594249201278 0.19169329073482427
1 0.26757188498402557 0.03354632587859425 0.023961661341853034 0.0670926517571885
1 0.6357827476038339 0.08386581469648563 0.0878594249201278 0.15495207667731628
1 0.810702875399361 0.10063897763578275 0.09584664536741214 0.1645367412140575
1 0.7276357827476039 0.09345047923322684 0.07987220447284345 0.16134185303514376
1 0.9808306709265175 0.12460063897763578 0.038338658146964855 0.1853035143769968
1 0.9273162939297125 0.1182108626198083 0.09904153354632587 0.18370607028753994
1 0.0439297124600639 0.7276357827476039 0.0878594249201278 0.48083067092651754
1 0.03194888178913738 0.7308306709265175 0.06389776357827476 0.4744408945686901
1 0.025559105431309903 0.7380191693290735 0.051118210862619806 0.46006389776357826
1 0.17971246006389777 0.7452076677316294 0.09105431309904154 0.4696485623003195
1 0.07507987220447285 0.7420127795527156 0.1501597444089457 0.46485623003194887
1 0.019169329073482427 0.7284345047923323 0.038338658146964855 0.46006389776357826
1 0.3083067092651757 0.5638977635782748 0.052715654952076675 0.11661341853035144
1 0.5023961661341853 0.6198083067092651 0.0878594249201278 0.2012779552715655
1 0.23162939297124602 0.549520766773163 0.023961661341853034 0.09584664536741214
1 0.5910543130990416 0.6070287539936102 0.08945686900958466 0.1645367412140575
1 0.7659744408945687 0.6246006389776357 0.09584664536741214 0.17412140575079874
1 0.6829073482428115 0.6166134185303515 0.07987220447284345 0.17092651757188498
1 0.9568690095846646 0.6485623003194888 0.07987220447284345 0.1964856230031949
1 0.8825878594249201 0.6421725239616614 0.09904153354632587 0.19329073482428116