1 0.040584415584415584 0.3961038961038961 0.07792207792207792 0.15097402597402598
1 0.06412337662337662 0.39935064935064934 0.1266233766233766 0.15097402597402598
1 0.025162337662337664 0.4034090909090909 0.048701298701298704 0.1314935064935065
1 0.24431818181818182 0.3806818181818182 0.08441558441558442 0.21103896103896103
1 0.18993506493506493 0.4025974025974026 0.1444805194805195 0.16396103896103897
1 0.03814935064935065 0.26542207792207795 0.05519480519480519 0.15097402597402598
1 0.25405844155844154 0.24269480519480519 0.10227272727272728 0.48538961038961037
1 0.056818181818181816 0.575487012987013 0.11363636363636363 0.21915584415584416
1 0.6948051948051948 0.6704545454545454 0.19642857142857142 0.32142857142857145
1 0.3474025974025974 0.5349025974025974 0.07954545454545454 0.09253246753246754
1 0.9228896103896104 0.6923701298701299 0.1525974025974026 0.32954545454545453
1 0.5462662337662337 0.5698051948051948 0.08116883116883117 0.13474025974025974
1 0.7800324675324676 0.5503246753246753 0.056818181818181816 0.06168831168831169
1 0.49756493506493504 0.5454545454545454 0.0698051948051948 0.09253246753246754
1 0.413961038961039 0.5413961038961039 0.07467532467532467 0.09577922077922078
1 0.28165584415584416 0.5397727272727273 0.03571428571428571 0.10876623376623376
1 0.30113636363636365 0.5324675324675324 0.07142857142857142 0.09415584415584416
1 0.37987012987012986 0.5430194805194806 0.09090909090909091 0.1038961038961039
1 0.288961038961039 0.5381493506493507 0.048701298701298704 0.10551948051948051
1 0.288961038961039 0.5316558441558441 0.04707792207792208 0.09253246753246754