1 0.02903225806451613 0.13064516129032258 0.05806451612903226 0.1967741935483871
1 0.16693548387096774 0.1338709677419355 0.14193548387096774 0.18225806451612903
1 0.014516129032258065 0.12983870967741937 0.02903225806451613 0.16612903225806452
1 0.4112903225806452 0.17419354838709677 0.17903225806451614 0.22741935483870968
1 0.30483870967741933 0.14677419354838708 0.1338709677419355 0.18064516129032257
1 0.054838709677419356 0.2854838709677419 0.10967741935483871 0.14516129032258066
1 0.4403225806451613 0.3443548387096774 0.23548387096774193 0.5854838709677419
1 0.9290322580645162 0.5064516129032258 0.14193548387096774 0.26129032258064516
1 0.2806451612903226 0.9346774193548387 0.06129032258064516 0.13064516129032258
1 0.32983870967741935 0.9491935483870968 0.043548387096774194 0.10161290322580645
1 0.3814516129032258 0.95 0.05967741935483871 0.1
1 0.43870967741935485 0.9411290322580645 0.04516129032258064 0.11774193548387096
1 0.3193548387096774 0.6717741935483871 0.06774193548387097 0.06935483870967742
1 0.38548387096774195 0.6685483870967742 0.04516129032258064 0.06290322580645161
1 0.4346774193548387 0.6637096774193548 0.043548387096774194 0.0532258064516129
1 0.542741935483871 0.6741935483870968 0.03064516129032258 0.07419354838709677
1 0.49032258064516127 0.6806451612903226 0.06451612903225806 0.08709677419354839
1 0.5419354838709678 0.675 0.03225806451612903 0.07580645161290323
1 0.5177419354838709 0.817741935483871 0.07258064516129033 0.16451612903225807
1 0.43709677419354837 0.7669354838709678 0.06451612903225806 0.23387096774193547
1 0.33064516129032256 0.660483870967742 0.03870967741935484 0.0467741935483871
1 0.07983870967741935 0.6669354838709678 0.06935483870967742 0.05967741935483871
1 0.020161290322580645 0.6983870967741935 0.04032258064516129 0.12258064516129032
1 0.12258064516129032 0.6766129032258065 0.04838709677419355 0.07903225806451612
1 0.2629032258064516 0.7129032258064516 0.06774193548387097 0.15161290322580645
1 0.18629032258064515 0.6943548387096774 0.06935483870967742 0.11451612903225807
1 0.1870967741935484 0.6637096774193548 0.03225806451612903 0.0532258064516129
1 0.13790322580645162 0.7959677419354839 0.06129032258064516 0.15483870967741936
1 0.20806451612903226 0.8306451612903226 0.06129032258064516 0.17903225806451614
1 0.2645161290322581 0.8056451612903226 0.056451612903225805 0.14516129032258066
1 0.3193548387096774 0.7701612903225806 0.05 0.19516129032258064
1 0.3588709677419355 0.7943548387096774 0.041935483870967745 0.2161290322580645
1 0.03790322580645161 0.8193548387096774 0.04516129032258064 0.19193548387096773
1 0.17338709677419356 0.9032258064516129 0.04032258064516129 0.11612903225806452
1 0.08306451612903226 0.8435483870967742 0.05 0.17903225806451614
1 0.016129032258064516 0.9870967741935484 0.03225806451612903 0.025806451612903226
1 0.18951612903225806 0.9758064516129032 0.05 0.04838709677419355
1 0.13306451612903225 0.9766129032258064 0.0532258064516129 0.0467741935483871
1 0.4693548387096774 0.975 0.03225806451612903 0.05
1 0.4959677419354839 0.9241935483870968 0.04516129032258064 0.09193548387096774
1 0.5064516129032258 0.975 0.02903225806451613 0.05
1 0.5314516129032258 0.975 0.027419354838709678 0.05
1 0.5491935483870968 0.9806451612903225 0.017741935483870968 0.03870967741935484