1 0.05228758169934641 0.12336601307189543 0.07679738562091504 0.19607843137254902
1 0.24754901960784315 0.1380718954248366 0.15359477124183007 0.1895424836601307
1 0.05310457516339869 0.12581699346405228 0.07679738562091504 0.1715686274509804
1 0.494281045751634 0.16013071895424835 0.1895424836601307 0.17483660130718953
1 0.38643790849673204 0.1527777777777778 0.1437908496732026 0.17483660130718953
1 0.545751633986928 0.15849673202614378 0.28921568627450983 0.18790849673202614
1 0.9550653594771242 0.12908496732026145 0.08986928104575163 0.21568627450980393
1 0.5980392156862745 0.6674836601307189 0.0718954248366013 0.3006535947712418
1 0.5302287581699346 0.6723856209150327 0.07352941176470588 0.30718954248366015
1 0.03431372549019608 0.565359477124183 0.06862745098039216 0.5032679738562091
1 0.3431372549019608 0.678921568627451 0.07516339869281045 0.25163398692810457
1 0.4624183006535948 0.670751633986928 0.08823529411764706 0.3137254901960784
1 0.23774509803921567 0.678921568627451 0.0915032679738562 0.25
1 0.017973856209150325 0.5898692810457516 0.03594771241830065 0.4934640522875817
1 0.00980392156862745 0.6160130718954249 0.0196078431372549 0.39869281045751637
1 0.013071895424836602 0.5890522875816994 0.026143790849673203 0.48856209150326796
1 0.14787581699346405 0.7099673202614379 0.06699346405228758 0.22875816993464052
1 0.09477124183006536 0.6633986928104575 0.058823529411764705 0.2761437908496732
1 0.06535947712418301 0.5081699346405228 0.04084967320261438 0.1323529411764706
1 0.11601307189542484 0.4820261437908497 0.03431372549019608 0.11764705882352941
1 0.16176470588235295 0.5163398692810458 0.06045751633986928 0.19444444444444445