1 0.01486988847583643 0.46096654275092935 0.02973977695167286 0.16728624535315986
1 0.04275092936802974 0.4637546468401487 0.08550185873605948 0.1654275092936803
1 0.2211895910780669 0.42379182156133827 0.08364312267657993 0.2379182156133829
1 0.16171003717472118 0.4544609665427509 0.1579925650557621 0.17843866171003717
1 0.21933085501858737 0.2732342007434944 0.08736059479553904 0.5390334572490706
1 0.04368029739776952 0.6663568773234201 0.08550185873605948 0.24349442379182157
1 0.7639405204460966 0.7100371747211895 0.20631970260223048 0.3587360594795539
1 0.354089219330855 0.5901486988847584 0.08550185873605948 0.10223048327137546
1 0.9739776951672863 0.7118959107806692 0.05204460966542751 0.3680297397769517
1 0.5845724907063197 0.6096654275092936 0.08550185873605948 0.15055762081784388
1 0.8494423791821561 0.5641263940520446 0.06319702602230483 0.0687732342007435
1 0.5269516728624535 0.587360594795539 0.07434944237918216 0.10223048327137546
1 0.4312267657992565 0.5901486988847584 0.07992565055762081 0.10594795539033457
1 0.27973977695167285 0.6022304832713755 0.03345724907063197 0.12267657992565056
1 0.30111524163568776 0.5920074349442379 0.0762081784386617 0.10408921933085502
1 0.39219330855018586 0.595724907063197 0.09851301115241635 0.11524163568773234
1 0.28810408921933084 0.5994423791821561 0.05018587360594796 0.1171003717472119
1 0.2871747211895911 0.5920074349442379 0.048327137546468404 0.10223048327137546