1 0.10830324909747292 0.12093862815884476 0.1624548736462094 0.2075812274368231
1 0.38086642599277976 0.17148014440433212 0.20397111913357402 0.2581227436823105
1 0.26263537906137185 0.13808664259927797 0.15342960288808663 0.20397111913357402
1 0.02256317689530686 0.2897111913357401 0.04151624548736462 0.1624548736462094
1 0.41064981949458484 0.361913357400722 0.2743682310469314 0.6588447653429603
1 0.9359205776173285 0.5514440433212996 0.12815884476534295 0.29422382671480146
1 0.22111913357400723 0.9711191335740073 0.06859205776173286 0.05054151624548736
1 0.398014440433213 0.9810469314079422 0.05054151624548736 0.03429602888086643
1 0.26895306859205775 0.7265342960288809 0.0776173285198556 0.07942238267148015
1 0.34296028880866425 0.723826714801444 0.052346570397111915 0.0703971119133574
1 0.398014440433213 0.7193140794223827 0.05054151624548736 0.05956678700361011
1 0.5180505415162455 0.7328519855595668 0.036101083032490974 0.08303249097472924
1 0.45938628158844763 0.7391696750902527 0.0740072202166065 0.09927797833935018
1 0.5171480144404332 0.733754512635379 0.03790613718411552 0.08483754512635379
1 0.48736462093862815 0.8935018050541517 0.08483754512635379 0.18592057761732853
1 0.3989169675090253 0.8348375451263538 0.0776173285198556 0.26353790613718414
1 0.2815884476534296 0.7138989169675091 0.04512635379061372 0.052346570397111915
1 0.019855595667870037 0.7157039711191335 0.039711191335740074 0.06678700361010831
1 0.048736462093862815 0.7274368231046932 0.05595667870036101 0.09025270758122744
1 0.20487364620938628 0.7707581227436823 0.07942238267148015 0.17148014440433212
1 0.11913357400722022 0.7490974729241877 0.07942238267148015 0.1299638989169675
1 0.12093862815884476 0.7148014440433214 0.03790613718411552 0.05956678700361011
1 0.0631768953068592 0.8619133574007221 0.07220216606498195 0.17509025270758122
1 0.1407942238267148 0.8971119133574007 0.07220216606498195 0.19494584837545126
1 0.20487364620938628 0.8745487364620939 0.06678700361010831 0.16425992779783394
1 0.26624548736462095 0.8366425992779783 0.05956678700361011 0.22021660649819494
1 0.3104693140794224 0.8637184115523465 0.05054151624548736 0.24187725631768953
1 0.10108303249097472 0.9548736462093863 0.04693140794223827 0.07581227436823104
1 0.015342960288808664 0.9016245487364621 0.030685920577617327 0.17870036101083034
1 0.4611913357400722 0.9792418772563177 0.05054151624548736 0.039711191335740074