1 0.11347517730496454 0.2650709219858156 0.1702127659574468 0.21099290780141844
1 0.3404255319148936 0.23581560283687944 0.1276595744680851 0.2570921985815603
1 0.26595744680851063 0.26152482269503546 0.16134751773049646 0.20921985815602837
1 0.04521276595744681 0.09219858156028368 0.04609929078014184 0.16312056737588654
1 0.7074468085106383 0.4574468085106383 0.12943262411347517 0.4946808510638298
1 0.9476950354609929 0.599290780141844 0.10106382978723404 0.24645390070921985
1 0.5132978723404256 0.4601063829787234 0.14184397163120568 0.4645390070921986
1 0.4051418439716312 0.4929078014184397 0.08156028368794327 0.38120567375886527
1 0.6054964539007093 0.4671985815602837 0.12056737588652482 0.46099290780141844
1 0.851063829787234 0.6170212765957447 0.0726950354609929 0.1950354609929078
1 0.7943262411347518 0.5762411347517731 0.06560283687943262 0.26773049645390073
1 0.7641843971631206 0.424645390070922 0.047872340425531915 0.14361702127659576
1 0.8200354609929078 0.3971631205673759 0.03900709219858156 0.1276595744680851
1 0.8687943262411347 0.4352836879432624 0.06914893617021277 0.2127659574468085
1 0.10904255319148937 0.6826241134751773 0.05673758865248227 0.04609929078014184
1 0.08687943262411348 0.9468085106382979 0.06382978723404255 0.0549645390070922
1 0.18439716312056736 0.6888297872340425 0.0673758865248227 0.047872340425531915
1 0.08776595744680851 0.8067375886524822 0.0549645390070922 0.08333333333333333
1 0.24379432624113476 0.8679078014184397 0.06205673758865248 0.07624113475177305
1 0.18173758865248227 0.6843971631205674 0.047872340425531915 0.040780141843971635
1 0.11524822695035461 0.6861702127659575 0.04964539007092199 0.05319148936170213
1 0.09840425531914894 0.700354609929078 0.06205673758865248 0.08333333333333333
1 0.3351063829787234 0.776595744680851 0.051418439716312055 0.07801418439716312
1 0.06294326241134751 0.6781914893617021 0.04609929078014184 0.044326241134751775
1 0.28812056737588654 0.7092198581560284 0.051418439716312055 0.07446808510638298
1 0.07092198581560284 0.6817375886524822 0.047872340425531915 0.04964539007092199
1 0.17198581560283688 0.8475177304964538 0.07092198581560284 0.10106382978723404
1 0.1400709219858156 0.6781914893617021 0.031914893617021274 0.031914893617021274
1 0.044326241134751775 0.6799645390070922 0.040780141843971635 0.047872340425531915
1 0.20656028368794327 0.6914893617021277 0.06205673758865248 0.051418439716312055
1 0.28191489361702127 0.6897163120567376 0.0549645390070922 0.03723404255319149
1 0.14450354609929078 0.7836879432624113 0.05673758865248227 0.0851063829787234
1 0.018617021276595744 0.6728723404255319 0.03723404255319149 0.040780141843971635
1 0.028368794326241134 0.675531914893617 0.03368794326241135 0.0425531914893617
1 0.18617021276595744 0.9388297872340425 0.06382978723404255 0.08333333333333333
1 0.15868794326241134 0.6817375886524822 0.03368794326241135 0.03546099290780142
1 0.29521276595744683 0.6914893617021277 0.03546099290780142 0.03723404255319149
1 0.3421985815602837 0.6941489361702128 0.044326241134751775 0.03723404255319149
1 0.0549645390070922 0.6799645390070922 0.040780141843971635 0.047872340425531915
1 0.11613475177304965 0.6817375886524822 0.03900709219858156 0.0425531914893617
1 0.15159574468085107 0.6817375886524822 0.030141843971631204 0.03723404255319149
1 0.9086879432624113 0.9530141843971631 0.12588652482269502 0.09397163120567376