1 0.033216783216783216 0.40472027972027974 0.06643356643356643 0.21853146853146854
1 0.16783216783216784 0.388986013986014 0.17132867132867133 0.2097902097902098
1 0.017482517482517484 0.40734265734265734 0.03496503496503497 0.18181818181818182
1 0.38461538461538464 0.32517482517482516 0.12937062937062938 0.25524475524475526
1 0.3155594405594406 0.3618881118881119 0.16083916083916083 0.20804195804195805
1 0.049825174825174824 0.23426573426573427 0.09965034965034965 0.16783216783216784
1 0.7762237762237763 0.48426573426573427 0.13636363636363635 0.48951048951048953
1 0.9895104895104895 0.5874125874125874 0.02097902097902098 0.23776223776223776
1 0.5874125874125874 0.5166083916083916 0.14685314685314685 0.458041958041958
1 0.4868881118881119 0.5655594405594405 0.08566433566433566 0.3758741258741259
1 0.6783216783216783 0.5096153846153846 0.1258741258741259 0.45454545454545453
1 0.9405594405594405 0.618006993006993 0.07517482517482517 0.19405594405594406
1 0.8784965034965035 0.5874125874125874 0.06993006993006994 0.263986013986014
1 0.826048951048951 0.4431818181818182 0.04895104895104895 0.14335664335664336
1 0.8758741258741258 0.40821678321678323 0.04020979020979021 0.1258741258741259
1 0.9300699300699301 0.4379370629370629 0.07167832167832168 0.2097902097902098
1 0.22727272727272727 0.7954545454545454 0.055944055944055944 0.0472027972027972
1 0.30244755244755245 0.7902097902097902 0.06643356643356643 0.04895104895104895
1 0.2263986013986014 0.9204545454545454 0.055944055944055944 0.08216783216783216
1 0.3881118881118881 0.9554195804195804 0.06118881118881119 0.07692307692307693
1 0.29895104895104896 0.7867132867132867 0.04895104895104895 0.04020979020979021
1 0.23513986013986013 0.798951048951049 0.04895104895104895 0.05244755244755245
1 0.2202797202797203 0.8146853146853147 0.06293706293706294 0.08391608391608392
1 0.4624125874125874 0.8522727272727273 0.05244755244755245 0.07692307692307693
1 0.18181818181818182 0.798951048951049 0.045454545454545456 0.043706293706293704
1 0.40646853146853146 0.7945804195804196 0.050699300699300696 0.07342657342657342
1 0.19055944055944055 0.8006993006993007 0.0472027972027972 0.04895104895104895
1 0.3146853146853147 0.9466783216783217 0.07167832167832168 0.10139860139860139
1 0.25786713286713286 0.7867132867132867 0.03146853146853147 0.03146853146853147
1 0.16433566433566432 0.8033216783216783 0.04020979020979021 0.04895104895104895
1 0.3243006993006993 0.7902097902097902 0.06118881118881119 0.05244755244755245
1 0.3977272727272727 0.7762237762237763 0.055944055944055944 0.038461538461538464
1 0.27797202797202797 0.888986013986014 0.057692307692307696 0.08391608391608392
1 0.1354895104895105 0.8015734265734266 0.043706293706293704 0.04020979020979021
1 0.1486013986013986 0.8015734265734266 0.033216783216783216 0.04195804195804196
1 0.2762237762237762 0.7875874125874126 0.03496503496503497 0.03496503496503497
1 0.41083916083916083 0.7762237762237763 0.03671328671328671 0.038461538461538464
1 0.4571678321678322 0.7709790209790209 0.045454545454545456 0.03671328671328671
1 0.17482517482517482 0.8024475524475524 0.04020979020979021 0.04895104895104895
1 0.23426573426573427 0.7945804195804196 0.038461538461538464 0.043706293706293704
1 0.2692307692307692 0.7884615384615384 0.03146853146853147 0.03671328671328671