1 0.0921875 0.22578125 0.184375 0.4078125
1 0.74921875 0.51484375 0.0234375 0.096875
1 0.74609375 0.50703125 0.01875 0.0890625
1 0.73671875 0.384375 0.0171875 0.084375
1 0.73984375 0.396875 0.0203125 0.1
1 0.7796875 0.44609375 0.028125 0.065625
1 0.76953125 0.18671875 0.021875 0.0453125
1 0.7375 0.3640625 0.021875 0.11875
1 0.765625 0.51484375 0.05625 0.0953125
1 0.73359375 0.3125 0.0203125 0.0859375
1 0.73125 0.30703125 0.015625 0.071875
1 0.7421875 0.4453125 0.01875 0.09375
1 0.80234375 0.403125 0.0234375 0.0703125
1 0.72734375 0.28359375 0.0078125 0.03125
1 0.73359375 0.33671875 0.015625 0.078125
1 0.84140625 0.509375 0.0296875 0.0953125
1 0.89140625 0.434375 0.090625 0.240625
1 0.959375 0.5265625 0.03125 0.04375
1 0.76484375 0.4265625 0.0796875 0.271875
1 0.96953125 0.47734375 0.0296875 0.09375
1 0.94296875 0.47890625 0.0125 0.040625
1 0.94765625 0.4546875 0.0140625 0.0546875
1 0.99296875 0.4625 0.0125 0.040625
1 0.840625 0.76171875 0.19375 0.421875