1 0.03903345724907063 0.24721189591078066 0.0762081784386617 0.44423791821561337
1 0.7230483271375465 0.3475836431226766 0.5539033457249071 0.40892193308550184
1 0.06598513011152417 0.6840148698884758 0.13197026022304834 0.43866171003717475
1 0.23141263940520446 0.6951672862453532 0.23605947955390336 0.43308550185873607
1 0.38940520446096655 0.7184014869888475 0.08178438661710037 0.4368029739776952
1 0.595724907063197 0.8773234200743495 0.13197026022304834 0.24535315985130113
1 0.5929368029739777 0.5985130111524164 0.09293680297397769 0.16728624535315986
1 0.4423791821561338 0.5669144981412639 0.046468401486988845 0.12639405204460966
1 0.6133828996282528 0.6477695167286245 0.10594795539033457 0.2620817843866171
1 0.929368029739777 0.8866171003717472 0.09293680297397769 0.22676579925650558
1 0.7063197026022305 0.9024163568773235 0.11524163568773234 0.19516728624535315
1 0.6951672862453532 0.6273234200743495 0.08921933085501858 0.20631970260223048
1 0.44888475836431224 0.6328996282527881 0.08178438661710037 0.258364312267658
1 0.7685873605947955 0.5817843866171004 0.07806691449814127 0.10223048327137546
1 0.8401486988847584 0.6496282527881041 0.10594795539033457 0.22676579925650558
1 0.4256505576208178 0.8578066914498141 0.0762081784386617 0.2788104089219331
1 0.7778810408921933 0.6022304832713755 0.08736059479553904 0.14312267657992564
1 0.45724907063197023 0.7815985130111525 0.1412639405204461 0.4368029739776952
1 0.7825278810408922 0.8057620817843866 0.07992565055762081 0.1579925650557621
1 0.4144981412639405 0.8977695167286245 0.05390334572490706 0.19516728624535315
1 0.4433085501858736 0.6421933085501859 0.07434944237918216 0.2788104089219331
1 0.7555762081784386 0.6821561338289963 0.08921933085501858 0.24535315985130113
1 0.8513011152416357 0.671003717472119 0.09479553903345725 0.26579925650557623
1 0.679368029739777 0.9563197026022305 0.1171003717472119 0.08736059479553904
1 0.4507434944237918 0.6765799256505576 0.09665427509293681 0.3141263940520446
1 0.49535315985130113 0.595724907063197 0.12639405204460966 0.1821561338289963
1 0.45260223048327136 0.716542750929368 0.11152416356877323 0.35687732342007433
1 0.7472118959107806 0.5650557620817844 0.08178438661710037 0.07434944237918216
1 0.9758364312267658 0.5799256505576208 0.04275092936802974 0.06133828996282528
1 0.921003717472119 0.6115241635687733 0.07063197026022305 0.13568773234200743
1 0.974907063197026 0.6078066914498141 0.04460966542750929 0.11524163568773234
1 0.8587360594795539 0.9684014869888475 0.07434944237918216 0.06319702602230483
1 0.7908921933085502 0.9228624535315985 0.09107806691449814 0.15427509293680297