1 0.6483812949640287 0.08453237410071943 0.08093525179856115 0.16906474820143885
1 0.7023381294964028 0.06744604316546762 0.05935251798561151 0.13489208633093525
1 0.7598920863309353 0.06384892086330936 0.07733812949640288 0.12769784172661872
1 0.8255395683453237 0.07284172661870504 0.06115107913669065 0.14568345323741008
1 0.7940647482014388 0.47751798561151076 0.052158273381294966 0.039568345323741004
1 0.9073741007194245 0.41636690647482016 0.08093525179856115 0.1474820143884892
1 0.9694244604316546 0.3920863309352518 0.05755395683453238 0.14568345323741008
1 0.966726618705036 0.12949640287769784 0.02697841726618705 0.12949640287769784
1 0.9235611510791367 0.20863309352517986 0.09352517985611511 0.18884892086330934
1 0.8372302158273381 0.2715827338129496 0.08992805755395683 0.2643884892086331
1 0.7302158273381295 0.4397482014388489 0.050359712230215826 0.1079136690647482
1 0.4055755395683453 0.4181654676258993 0.07553956834532374 0.21223021582733814
1 0.4973021582733813 0.43345323741007197 0.06474820143884892 0.16906474820143885
1 0.6501798561151079 0.38219424460431656 0.09172661870503597 0.2517985611510791
1 0.5665467625899281 0.4091726618705036 0.09172661870503597 0.210431654676259
1 0.5026978417266187 0.26258992805755393 0.08093525179856115 0.17446043165467626
1 0.5773381294964028 0.2185251798561151 0.08273381294964029 0.20323741007194246
1 0.6420863309352518 0.24190647482014388 0.0737410071942446 0.16546762589928057
1 0.7059352517985612 0.27697841726618705 0.07014388489208633 0.22302158273381295
1 0.7482014388489209 0.24730215827338128 0.06294964028776978 0.24280575539568344
1 0.3893884892086331 0.2446043165467626 0.06474820143884892 0.2158273381294964
1 0.533273381294964 0.14028776978417265 0.0539568345323741 0.13309352517985612
1 0.4379496402877698 0.21402877697841727 0.07014388489208633 0.20323741007194246
1 0.37859712230215825 0.2131294964028777 0.048561151079136694 0.17805755395683454
1 0.37410071942446044 0.19514388489208634 0.039568345323741004 0.14928057553956833
1 0.3669064748201439 0.06384892086330936 0.039568345323741004 0.11330935251798561
1 0.3597122302158273 0.10341726618705036 0.017985611510791366 0.06654676258992806
1 0.36330935251798563 0.09082733812949641 0.02697841726618705 0.07913669064748201
1 0.36151079136690645 0.039568345323741004 0.02877697841726619 0.06294964028776978
1 0.35881294964028776 0.040467625899280574 0.023381294964028777 0.06474820143884892
1 0.5431654676258992 0.04316546762589928 0.06115107913669065 0.08633093525179857
1 0.48201438848920863 0.044964028776978415 0.06474820143884892 0.08992805755395683
1 0.6088129496402878 0.018884892086330936 0.052158273381294966 0.03776978417266187
1 0.8561151079136691 0.03327338129496403 0.04316546762589928 0.06654676258992806
1 0.8902877697841727 0.09262589928057553 0.05755395683453238 0.10611510791366907
1 0.8965827338129496 0.03147482014388489 0.03776978417266187 0.06294964028776978
1 0.9253597122302158 0.030575539568345324 0.03776978417266187 0.06115107913669065
1 0.9505395683453237 0.023381294964028777 0.03776978417266187 0.046762589928057555
1 0.9559352517985612 0.00539568345323741 0.023381294964028777 0.01079136690647482
1 0.19964028776978418 0.7446043165467626 0.39568345323741005 0.43884892086330934
1 0.8408273381294964 0.887589928057554 0.19964028776978418 0.19244604316546762