1 0.05460750853242321 0.2696245733788396 0.10921501706484642 0.4129692832764505
1 0.7286689419795221 0.2593856655290102 0.5324232081911263 0.36689419795221845
1 0.11177474402730375 0.6663822525597269 0.2235494880546075 0.40784982935153585
1 0.3165529010238908 0.6459044368600683 0.2098976109215017 0.39419795221843
1 0.4641638225255973 0.64419795221843 0.06825938566552901 0.40102389078498296
1 0.34215017064846415 0.9701365187713311 0.18600682593856654 0.059726962457337884
1 0.6757679180887372 0.7713310580204779 0.11774744027303755 0.24914675767918087
1 0.6578498293515358 0.9385665529010239 0.08020477815699659 0.1075085324232082
1 0.6313993174061433 0.5068259385665529 0.08361774744027303 0.15358361774744028
1 0.4906143344709898 0.5 0.040955631399317405 0.11604095563139932
1 0.6561433447098977 0.5486348122866894 0.09385665529010238 0.24061433447098976
1 0.9701365187713311 0.7380546075085325 0.059726962457337884 0.2440273037542662
1 0.7790102389078498 0.7721843003412969 0.10238907849829351 0.189419795221843
1 0.5418088737201365 0.9530716723549488 0.08020477815699659 0.09385665529010238
1 0.7278156996587031 0.5179180887372014 0.07849829351535836 0.18771331058020477
1 0.5059726962457338 0.5588737201365188 0.06996587030716724 0.23720136518771331
1 0.78839590443686 0.4658703071672355 0.07167235494880546 0.09385665529010238
1 0.8626279863481229 0.5170648464163823 0.09385665529010238 0.20648464163822525
1 0.5179180887372014 0.7858361774744027 0.06825938566552901 0.29692832764505117
1 0.7994880546075085 0.48464163822525597 0.07849829351535836 0.13139931740614336
1 0.5366894197952219 0.712457337883959 0.12627986348122866 0.43686006825938567
1 0.7389078498293515 0.96160409556314 0.09556313993174062 0.052901023890784986
1 0.8327645051194539 0.6672354948805461 0.07167235494880546 0.14334470989761092
1 0.514505119453925 0.8267918088737202 0.04948805460750853 0.22525597269624573
1 0.5025597269624573 0.568259385665529 0.06313993174061433 0.25597269624573377
1 0.7909556313993175 0.5588737201365188 0.07849829351535836 0.2235494880546075
1 0.8762798634812287 0.5349829351535836 0.08361774744027303 0.24232081911262798
1 0.7670648464163823 0.8822525597269625 0.11433447098976109 0.20648464163822525
1 0.5136518771331058 0.5981228668941979 0.08361774744027303 0.28668941979522183
1 0.5426621160409556 0.5187713310580204 0.11262798634812286 0.16552901023890784
1 0.5213310580204779 0.6348122866894198 0.09726962457337884 0.32764505119453924
1 0.7662116040955631 0.454778156996587 0.07337883959044368 0.06825938566552901
1 0.9778156996587031 0.4351535836177474 0.040955631399317405 0.05460750853242321
1 0.5503412969283277 0.931740614334471 0.10068259385665529 0.13651877133105803
1 0.9308873720136519 0.4718430034129693 0.06313993174061433 0.12286689419795221
1 0.9795221843003413 0.46075085324232085 0.040955631399317405 0.10580204778156997
1 0.931740614334471 0.8745733788395904 0.07508532423208192 0.1962457337883959
1 0.863481228668942 0.8395904436860068 0.08873720136518772 0.27474402730375425