1 0.4429530201342282 0.43456375838926176 0.21476510067114093 0.6493288590604027
1 0.7978187919463087 0.18791946308724833 0.08557046979865772 0.18456375838926176
1 0.1669463087248322 0.42953020134228187 0.24664429530201343 0.674496644295302
1 0.5906040268456376 0.19798657718120805 0.08892617449664429 0.27348993288590606
1 0.3414429530201342 0.040268456375838924 0.06040268456375839 0.06879194630872483
1 0.639261744966443 0.1518456375838926 0.07550335570469799 0.18624161073825504
1 0.7281879194630873 0.1837248322147651 0.08053691275167785 0.1929530201342282
1 0.8473154362416108 0.19211409395973153 0.08053691275167785 0.18959731543624161
1 0.7634228187919463 0.18624161073825504 0.09731543624161074 0.20973154362416108
1 0.9278523489932886 0.200503355704698 0.09899328859060402 0.21644295302013422
1 0.8783557046979866 0.18624161073825504 0.09395973154362416 0.18791946308724833