1 0.062062937062937064 0.4624125874125874 0.12412587412587413 0.270979020979021
1 0.1958041958041958 0.34702797202797203 0.23076923076923078 0.5332167832167832
1 0.6118881118881119 0.2526223776223776 0.3356643356643357 0.5052447552447552
1 0.43006993006993005 0.22727272727272727 0.26223776223776224 0.45454545454545453
1 0.8417832167832168 0.2159090909090909 0.1660839160839161 0.4143356643356643
1 0.9571678321678322 0.14073426573426573 0.08566433566433566 0.2534965034965035
1 0.011363636363636364 0.6730769230769231 0.022727272727272728 0.13986013986013987
1 0.06818181818181818 0.652972027972028 0.08041958041958042 0.0979020979020979
1 0.145979020979021 0.6468531468531469 0.07867132867132867 0.07867132867132867
1 0.25 0.6547202797202797 0.08741258741258741 0.08916083916083917
1 0.270979020979021 0.6363636363636364 0.043706293706293704 0.04895104895104895
1 0.2561188811188811 0.6459790209790209 0.04895104895104895 0.06993006993006994
1 0.24825174825174826 0.6337412587412588 0.050699300699300696 0.045454545454545456
1 0.1853146853146853 0.6451048951048951 0.07867132867132867 0.07342657342657342
1 0.12762237762237763 0.6302447552447552 0.038461538461538464 0.0472027972027972
1 0.19405594405594406 0.638986013986014 0.05419580419580419 0.05944055944055944
1 0.1486013986013986 0.631993006993007 0.05419580419580419 0.04895104895104895
1 0.17220279720279721 0.6328671328671329 0.04195804195804196 0.04895104895104895
1 0.21416083916083917 0.6424825174825175 0.045454545454545456 0.06468531468531469
1 0.14772727272727273 0.6346153846153846 0.06643356643356643 0.05419580419580419
1 0.08916083916083917 0.6625874125874126 0.08566433566433566 0.11538461538461539
1 0.03496503496503497 0.6293706293706294 0.038461538461538464 0.050699300699300696
1 0.043706293706293704 0.6372377622377622 0.08741258741258741 0.06818181818181818
1 0.006118881118881119 0.6223776223776224 0.012237762237762238 0.038461538461538464
1 0.013111888111888112 0.6293706293706294 0.026223776223776224 0.05244755244755245
1 0.018356643356643356 0.6302447552447552 0.03671328671328671 0.05419580419580419
1 0.16258741258741258 0.7054195804195804 0.06293706293706294 0.11888111888111888
1 0.20104895104895104 0.6582167832167832 0.033216783216783216 0.06293706293706294
1 0.2491258741258741 0.6634615384615384 0.06293706293706294 0.1048951048951049
1 0.28321678321678323 0.6573426573426573 0.02097902097902098 0.08916083916083917
1 0.2526223776223776 0.7456293706293706 0.055944055944055944 0.10664335664335664
1 0.21853146853146854 0.8435314685314685 0.043706293706293704 0.12412587412587413
1 0.2561188811188811 0.840034965034965 0.0472027972027972 0.0979020979020979
1 0.11101398601398602 0.7526223776223776 0.04895104895104895 0.16433566433566432
1 0.06381118881118882 0.6678321678321678 0.04895104895104895 0.09090909090909091
1 0.10751748251748251 0.6652097902097902 0.02972027972027972 0.05944055944055944
1 0.10751748251748251 0.6241258741258742 0.02972027972027972 0.03671328671328671
1 0.14685314685314685 0.8706293706293706 0.050699300699300696 0.08741258741258741
1 0.45367132867132864 0.8059440559440559 0.3479020979020979 0.3881118881118881