1 0.45508474576271185 0.45254237288135596 0.21694915254237288 0.6559322033898305
1 0.8372881355932204 0.24152542372881355 0.08644067796610169 0.1864406779661017
1 0.1788135593220339 0.41779661016949154 0.24915254237288137 0.6813559322033899
1 0.6288135593220339 0.2305084745762712 0.08983050847457627 0.27627118644067794
1 0.3940677966101695 0.03983050847457627 0.06271186440677966 0.07966101694915254
1 0.6830508474576271 0.18898305084745762 0.07627118644067797 0.188135593220339
1 0.7677966101694915 0.2305084745762712 0.08135593220338982 0.19491525423728814
1 0.8872881355932203 0.25169491525423726 0.08135593220338982 0.19152542372881357
1 0.8033898305084746 0.2364406779661017 0.09830508474576272 0.211864406779661
1 0.9584745762711865 0.2669491525423729 0.08305084745762711 0.21864406779661016
1 0.9186440677966101 0.2483050847457627 0.09491525423728814 0.18983050847457628