1 0.5127272727272727 0.4990909090909091 0.22 0.7018181818181818
1 0.10636363636363637 0.26545454545454544 0.0890909090909091 0.2
1 0.81 0.46636363636363637 0.2545454545454545 0.7272727272727273
1 0.33090909090909093 0.25636363636363635 0.09272727272727273 0.29454545454545455
1 0.5827272727272728 0.04909090909090909 0.06363636363636363 0.09818181818181818
1 0.2736363636363636 0.21181818181818182 0.07818181818181819 0.2
1 0.1809090909090909 0.2545454545454545 0.08363636363636363 0.20727272727272728
1 0.05272727272727273 0.27454545454545454 0.08181818181818182 0.20363636363636364
1 0.14363636363636365 0.2609090909090909 0.10181818181818182 0.22545454545454546
1 0.00909090909090909 0.28909090909090907 0.01818181818181818 0.2290909090909091
1 0.03272727272727273 0.27 0.06545454545454546 0.2018181818181818