1 0.3254237288135593 0.31440677966101693 0.23898305084745763 0.12033898305084746
1 0.8669491525423729 0.03305084745762712 0.05254237288135593 0.06610169491525424
1 0.9203389830508475 0.06016949152542373 0.06440677966101695 0.12033898305084746
1 0.8050847457627118 0.19661016949152543 0.04406779661016949 0.09322033898305085
1 0.9423728813559322 0.16016949152542373 0.05254237288135593 0.12372881355932204
1 0.4915254237288136 0.14576271186440679 0.02711864406779661 0.13220338983050847
1 0.8550847457627119 0.12542372881355932 0.07288135593220339 0.15084745762711865
1 0.7567796610169492 0.015254237288135594 0.0423728813559322 0.030508474576271188
1 0.49491525423728816 0.3 0.0288135593220339 0.13898305084745763
1 0.502542372881356 0.3288135593220339 0.04406779661016949 0.08135593220338982
1 0.5313559322033898 0.0288135593220339 0.0288135593220339 0.0576271186440678
1 0.4940677966101695 0.05677966101694915 0.03559322033898305 0.1135593220338983
1 0.9788135593220338 0.3093220338983051 0.03728813559322034 0.10338983050847457
1 0.5254237288135594 0.017796610169491526 0.03728813559322034 0.03559322033898305
1 0.488135593220339 0.17372881355932204 0.020338983050847456 0.10677966101694915
1 0.4923728813559322 0.2533898305084746 0.025423728813559324 0.1135593220338983
1 0.988135593220339 0.05423728813559322 0.010169491525423728 0.09152542372881356
1 0.48898305084745763 0.04745762711864407 0.025423728813559324 0.09491525423728814
1 0.48898305084745763 0.1635593220338983 0.022033898305084745 0.10677966101694915
1 0.6559322033898305 0.08050847457627118 0.03389830508474576 0.09322033898305085
1 0.9771186440677966 0.02288135593220339 0.0288135593220339 0.04576271186440678
1 0.4940677966101695 0.04915254237288136 0.03559322033898305 0.09830508474576272
1 0.6288135593220339 0.01864406779661017 0.02711864406779661 0.03728813559322034
1 0.8 0.07711864406779662 0.03559322033898305 0.1152542372881356
1 0.5525423728813559 0.03305084745762712 0.02711864406779661 0.06610169491525424
1 0.9754237288135593 0.016101694915254237 0.03220338983050847 0.03220338983050847
1 0.5288135593220339 0.011864406779661017 0.023728813559322035 0.023728813559322035
1 0.7508474576271187 0.01864406779661017 0.030508474576271188 0.03728813559322034
1 0.8322033898305085 0.030508474576271188 0.04406779661016949 0.061016949152542375
1 0.7194915254237289 0.007627118644067797 0.04576271186440678 0.015254237288135594
1 0.6949152542372882 0.10084745762711865 0.03220338983050847 0.08305084745762711
1 0.9389830508474576 0.022033898305084745 0.04067796610169491 0.04406779661016949
1 0.9440677966101695 0.2533898305084746 0.0423728813559322 0.08135593220338982
1 0.48983050847457626 0.21864406779661016 0.022033898305084745 0.08813559322033898
1 0.7559322033898305 0.33220338983050846 0.03389830508474576 0.06610169491525424
1 0.488135593220339 0.19745762711864406 0.01864406779661017 0.07966101694915254
1 0.676271186440678 0.025423728813559324 0.03389830508474576 0.05084745762711865
1 0.4864406779661017 0.010169491525423728 0.020338983050847456 0.020338983050847456
1 0.788135593220339 0.022033898305084745 0.04067796610169491 0.04406779661016949
1 0.488135593220339 0.14661016949152542 0.020338983050847456 0.1
1 0.4864406779661017 0.11016949152542373 0.01864406779661017 0.08813559322033898
1 0.7338983050847457 0.18389830508474575 0.03728813559322034 0.08983050847457627
1 0.4830508474576271 0.00847457627118644 0.013559322033898305 0.01694915254237288
1 0.6610169491525424 0.3211864406779661 0.023728813559322035 0.05423728813559322
1 0.5449152542372881 0.09661016949152543 0.03389830508474576 0.10677966101694915
1 0.48559322033898306 0.01864406779661017 0.01864406779661017 0.03728813559322034
1 0.7661016949152543 0.019491525423728815 0.02711864406779661 0.03898305084745763
1 0.49322033898305084 0.06016949152542373 0.03389830508474576 0.12033898305084746
1 0.5169491525423728 0.21694915254237288 0.06271186440677966 0.1694915254237288
1 0.4940677966101695 0.05 0.03559322033898305 0.1
1 0.4025423728813559 0.6584745762711864 0.17966101694915254 0.5779661016949152
1 0.14322033898305084 0.8483050847457627 0.2796610169491525 0.30338983050847457
1 0.2677966101694915 0.764406779661017 0.1694915254237288 0.3135593220338983
1 0.4440677966101695 0.7991525423728814 0.09491525423728814 0.21864406779661016
1 0.6830508474576271 0.7177966101694915 0.12203389830508475 0.1847457627118644
1 0.6796610169491526 0.7161016949152542 0.1423728813559322 0.09661016949152543
1 0.8347457627118644 0.714406779661017 0.09322033898305085 0.12542372881355932
1 0.5788135593220339 0.7169491525423729 0.06949152542372881 0.11864406779661017
1 0.5372881355932203 0.6855932203389831 0.1016949152542373 0.16440677966101694
1 0.5262711864406779 0.6567796610169492 0.08135593220338982 0.188135593220339
1 0.9288135593220339 0.7245762711864406 0.09830508474576272 0.13559322033898305
1 0.5127118644067796 0.6983050847457627 0.05084745762711865 0.10847457627118644