1 0.5598006644518272 0.4642857142857143 0.21262458471760798 0.6428571428571429
1 0.18438538205980065 0.2574750830564784 0.08471760797342193 0.18272425249169436
1 0.8305647840531561 0.43023255813953487 0.2441860465116279 0.6677740863787376
1 0.38953488372093026 0.24667774086378738 0.08803986710963455 0.2707641196013289
1 0.6162790697674418 0.04983388704318937 0.059800664451827246 0.09966777408637874
1 0.33637873754152825 0.2059800664451827 0.07475083056478406 0.18438538205980065
1 0.25332225913621265 0.24667774086378738 0.07973421926910298 0.19102990033222592
1 0.008305647840531562 0.292358803986711 0.016611295681063124 0.22259136212624583
1 0.1362126245847176 0.26744186046511625 0.07807308970099668 0.1877076411960133
1 0.21843853820598005 0.25249169435215946 0.09634551495016612 0.20764119601328904
1 0.05813953488372093 0.2840531561461794 0.09800664451827243 0.21428571428571427
1 0.10548172757475083 0.26411960132890366 0.09136212624584718 0.18604651162790697