1 0.37174721189591076 0.30576208178438663 0.26022304832713755 0.12825278810408922
1 0.9721189591078067 0.022304832713754646 0.055762081784386616 0.04460966542750929
1 0.8996282527881041 0.18587360594795538 0.046468401486988845 0.10223048327137546
1 0.5566914498141264 0.12453531598513011 0.027881040892193308 0.1449814126394052
1 0.9563197026022305 0.1087360594795539 0.0762081784386617 0.16356877323420074
1 0.5576208178438662 0.2936802973977695 0.02973977695167286 0.1524163568773234
1 0.5659851301115242 0.3252788104089219 0.046468401486988845 0.08921933085501858
1 0.604089219330855 0.01486988847583643 0.02973977695167286 0.02973977695167286
1 0.5613382899628253 0.04460966542750929 0.03717472118959108 0.08921933085501858
1 0.5529739776951673 0.15520446096654275 0.020446096654275093 0.1171003717472119
1 0.5557620817843866 0.2425650557620818 0.026022304832713755 0.12453531598513011
1 0.5557620817843866 0.03438661710037175 0.026022304832713755 0.0687732342007435
1 0.5539033457249071 0.14405204460966542 0.022304832713754646 0.1171003717472119
1 0.7388475836431226 0.055762081784386616 0.03531598513011153 0.10223048327137546
1 0.5613382899628253 0.0362453531598513 0.03717472118959108 0.0724907063197026
1 0.895910780669145 0.05855018587360595 0.03717472118959108 0.1171003717472119
1 0.6273234200743495 0.019516728624535316 0.027881040892193308 0.03903345724907063
1 0.9340148698884758 0.019516728624535316 0.046468401486988845 0.03903345724907063
1 0.7806691449814126 0.07899628252788105 0.03345724907063197 0.09107806691449814
1 0.5539033457249071 0.20446096654275092 0.022304832713754646 0.09665427509293681
1 0.8429368029739777 0.3336431226765799 0.03531598513011153 0.0724907063197026
1 0.5520446096654275 0.1812267657992565 0.01858736059479554 0.08736059479553904
1 0.7630111524163569 0.012081784386617101 0.03531598513011153 0.024163568773234202
1 0.8856877323420075 0.00929368029739777 0.04275092936802974 0.01858736059479554
1 0.5529739776951673 0.12546468401486988 0.020446096654275093 0.10966542750929369
1 0.5520446096654275 0.08550185873605948 0.01858736059479554 0.09665427509293681
1 0.8215613382899628 0.17100371747211895 0.03903345724907063 0.09851301115241635
1 0.7397769516728625 0.31970260223048325 0.024163568773234202 0.05947955390334572
1 0.6161710037174721 0.07156133828996282 0.03531598513011153 0.1171003717472119
1 0.8605947955390335 0.006505576208178439 0.02973977695167286 0.013011152416356878
1 0.5604089219330854 0.048327137546468404 0.03531598513011153 0.09665427509293681
1 0.5836431226765799 0.20260223048327136 0.06505576208178439 0.18401486988847585
1 0.5613382899628253 0.03717472118959108 0.03717472118959108 0.07434944237918216
1 0.44981412639405205 0.6849442379182156 0.18587360594795538 0.6301115241635687
1 0.15613382899628253 0.862453531598513 0.31226765799256506 0.275092936802974
1 0.30018587360594795 0.7983271375464684 0.18029739776951673 0.34014869888475835
1 0.49256505576208176 0.8401486988847584 0.10037174721189591 0.2379182156133829
1 0.7555762081784386 0.7555762081784386 0.13011152416356878 0.20074349442379183
1 0.7527881040892194 0.7537174721189591 0.15427509293680297 0.10408921933085502
1 0.9228624535315985 0.7546468401486989 0.10037174721189591 0.13568773234200743
1 0.6421933085501859 0.7527881040892194 0.07434944237918216 0.12825278810408922
1 0.5966542750929368 0.7174721189591078 0.10780669144981413 0.17843866171003717
1 0.5855018587360595 0.6858736059479554 0.08550185873605948 0.20446096654275092
1 0.9860594795539034 0.766728624535316 0.027881040892193308 0.14684014869888476
1 0.5697026022304833 0.7304832713754646 0.05390334572490706 0.11895910780669144