1 0.5936426116838488 0.45103092783505155 0.2422680412371134 0.6701030927835051
1 0.19845360824742267 0.2508591065292096 0.09278350515463918 0.19243986254295534
1 0.8676975945017182 0.4063573883161512 0.2646048109965636 0.6958762886597938
1 0.4097938144329897 0.23195876288659795 0.1013745704467354 0.281786941580756
1 0.6383161512027491 0.03608247422680412 0.06357388316151202 0.07216494845360824
1 0.3539518900343643 0.19158075601374572 0.08247422680412371 0.19243986254295534
1 0.26890034364261167 0.23711340206185566 0.08934707903780069 0.19931271477663232
1 0.015463917525773196 0.29467353951890035 0.030927835051546393 0.23195876288659795
1 0.1486254295532646 0.26288659793814434 0.08762886597938144 0.1958762886597938
1 0.23367697594501718 0.24484536082474226 0.10652920962199312 0.21649484536082475
1 0.06872852233676977 0.28264604810996563 0.10824742268041238 0.22336769759450173
1 0.11683848797250859 0.2611683848797251 0.09965635738831616 0.1958762886597938