1 0.46166666666666667 0.49916666666666665 0.18 0.6366666666666667
1 0.8266666666666667 0.2725 0.075 0.18
1 0.18833333333333332 0.4791666666666667 0.21 0.66
1 0.6208333333333333 0.27166666666666667 0.075 0.2683333333333333
1 0.38166666666666665 0.075 0.056666666666666664 0.12
1 0.6716666666666666 0.22833333333333333 0.065 0.18166666666666667
1 0.7575 0.265 0.07 0.18833333333333332
1 0.8758333333333334 0.2791666666666667 0.07 0.185
1 0.7925 0.26916666666666667 0.08666666666666667 0.20333333333333334
1 0.955 0.2916666666666667 0.08666666666666667 0.21
1 0.9066666666666666 0.275 0.08333333333333333 0.18333333333333332