1 0.41440677966101697 0.5652542372881356 0.20508474576271185 0.6542372881355932
1 0.7932203389830509 0.7822033898305085 0.08305084745762711 0.1864406779661017
1 0.13728813559322034 0.5949152542372881 0.23728813559322035 0.6779661016949152
1 0.5838983050847457 0.7906779661016949 0.08644067796610169 0.2745762711864407
1 0.3466101694915254 0.9686440677966102 0.059322033898305086 0.06271186440677966
1 0.6372881355932203 0.8330508474576271 0.07288135593220339 0.188135593220339
1 0.7228813559322034 0.7923728813559322 0.07796610169491526 0.19322033898305085
1 0.9830508474576272 0.747457627118644 0.03389830508474576 0.2271186440677966
1 0.8432203389830508 0.773728813559322 0.07796610169491526 0.18983050847457628
1 0.7584745762711864 0.7872881355932203 0.09491525423728814 0.21016949152542372
1 0.9228813559322034 0.7584745762711864 0.09491525423728814 0.21694915254237288
1 0.8745762711864407 0.7771186440677966 0.09152542372881356 0.19152542372881357