1 0.41469594594594594 0.5304054054054054 0.22635135135135134 0.6570945945945946
1 0.7677364864864865 0.785472972972973 0.08783783783783784 0.1875
1 0.13682432432432431 0.53125 0.25844594594594594 0.6824324324324325
1 0.5599662162162162 0.7719594594594594 0.0945945945945946 0.27702702702702703
1 0.30489864864864863 0.9400337837837838 0.06418918918918919 0.09797297297297297
1 0.6081081081081081 0.8192567567567568 0.07939189189189189 0.1891891891891892
1 0.6976351351351351 0.7880067567567568 0.08445945945945946 0.19594594594594594
1 0.964527027027027 0.7719594594594594 0.05067567567567568 0.22635135135135134
1 0.8184121621621622 0.7820945945945946 0.08445945945945946 0.19256756756756757
1 0.7331081081081081 0.7863175675675675 0.10135135135135136 0.21114864864864866
1 0.8986486486486487 0.7753378378378378 0.10304054054054054 0.2179054054054054
1 0.8488175675675675 0.7888513513513513 0.09797297297297297 0.19256756756756757