1 0.44261006289308175 0.5345911949685535 0.21069182389937108 0.6116352201257862
1 0.8011006289308176 0.7240566037735849 0.08176100628930817 0.17452830188679244
1 0.18632075471698112 0.5715408805031447 0.24056603773584906 0.6352201257861635
1 0.6069182389937107 0.7382075471698113 0.0880503144654088 0.2578616352201258
1 0.39544025157232704 0.9394654088050315 0.06132075471698113 0.11635220125786164
1 0.6580188679245284 0.7759433962264151 0.07389937106918239 0.1761006289308176
1 0.7366352201257862 0.7358490566037735 0.07861635220125786 0.18238993710691823
1 0.9779874213836478 0.684748427672956 0.0440251572327044 0.21226415094339623
1 0.8466981132075472 0.714622641509434 0.07861635220125786 0.1792452830188679
1 0.7688679245283019 0.7295597484276729 0.09433962264150944 0.19654088050314467
1 0.9205974842767296 0.6973270440251572 0.0959119496855346 0.2028301886792453
1 0.8757861635220126 0.7161949685534591 0.09119496855345911 0.1792452830188679