1 0.43496621621621623 0.5658783783783784 0.19425675675675674 0.6486486486486487
1 0.8006756756756757 0.8015202702702703 0.07939189189189189 0.18412162162162163
1 0.1570945945945946 0.581081081081081 0.22466216216216217 0.6722972972972973
1 0.5920608108108109 0.7989864864864865 0.08108108108108109 0.27364864864864863
1 0.34628378378378377 0.9653716216216216 0.05912162162162162 0.06587837837837837
1 0.6427364864864865 0.84375 0.06925675675675676 0.1875
1 0.7305743243243243 0.808277027027027 0.07432432432432433 0.19256756756756757
1 0.9864864864864865 0.7778716216216216 0.02027027027027027 0.22466216216216217
1 0.8505067567567568 0.7956081081081081 0.07432432432432433 0.1891891891891892
1 0.7660472972972973 0.8048986486486487 0.09121621621621621 0.20777027027027026
1 0.9307432432432432 0.7846283783783784 0.09121621621621621 0.21452702702702703
1 0.8817567567567568 0.8006756756756757 0.08783783783783784 0.1891891891891892