1 0.43272425249169433 0.5365448504983389 0.2009966777408638 0.6411960132890365
1 0.8048172757475083 0.7491694352159468 0.08139534883720931 0.18272425249169436
1 0.16196013289036545 0.5656146179401993 0.23255813953488372 0.6644518272425249
1 0.5996677740863787 0.7574750830564784 0.08471760797342193 0.2691029900332226
1 0.36710963455149503 0.9501661129568106 0.059800664451827246 0.09966777408637874
1 0.6519933554817275 0.7990033222591362 0.07142857142857142 0.18438538205980065
1 0.7358803986710963 0.7591362126245847 0.07641196013289037 0.1893687707641196
1 0.9867109634551495 0.7159468438538206 0.026578073089700997 0.22259136212624583
1 0.8529900332225914 0.7408637873754153 0.07641196013289037 0.18604651162790697
1 0.770764119601329 0.7541528239202658 0.09302325581395349 0.2059800664451827
1 0.9318936877076412 0.7259136212624585 0.09302325581395349 0.21262458471760798
1 0.8845514950166113 0.7441860465116279 0.08970099667774087 0.1877076411960133