1 0.4383116883116883 0.474025974025974 0.2288961038961039 0.6331168831168831
1 0.8125 0.2857142857142857 0.08766233766233766 0.18181818181818182
1 0.17532467532467533 0.4318181818181818 0.2597402597402597 0.6574675324675324
1 0.6128246753246753 0.26704545454545453 0.09577922077922078 0.2662337662337662
1 0.3961038961038961 0.05844155844155844 0.06493506493506493 0.11688311688311688
1 0.6655844155844156 0.2288961038961039 0.07792207792207792 0.18181818181818182
1 0.7459415584415584 0.2719155844155844 0.08441558441558442 0.18831168831168832
1 0.984577922077922 0.3262987012987013 0.030844155844155844 0.21753246753246752
1 0.859577922077922 0.2962662337662338 0.08441558441558442 0.18506493506493507
1 0.7792207792207793 0.2792207792207792 0.10064935064935066 0.20454545454545456
1 0.935064935064935 0.31493506493506496 0.10227272727272728 0.21103896103896103
1 0.8896103896103896 0.29464285714285715 0.09577922077922078 0.18506493506493507