1 0.4652542372881356 0.22966101694915253 0.19152542372881357 0.45932203389830506
1 0.09745762711864407 0.01694915254237288 0.07627118644067797 0.03389830508474576
1 0.30677966101694915 0.04067796610169491 0.07796610169491526 0.08135593220338982
1 0.25508474576271184 0.01864406779661017 0.06610169491525424 0.03728813559322034
1 0.16779661016949152 0.019491525423728815 0.0711864406779661 0.03898305084745763
1 0.048305084745762714 0.017796610169491526 0.06949152542372881 0.03559322033898305
1 0.13135593220338984 0.02288135593220339 0.08983050847457627 0.04576271186440678
1 0.03305084745762712 0.01694915254237288 0.04915254237288136 0.03389830508474576
1 0.6745762711864407 0.05 0.1694915254237288 0.09661016949152543
1 0.8737288135593221 0.04067796610169491 0.16271186440677965 0.0711864406779661
1 0.14915254237288136 0.6389830508474577 0.2983050847457627 0.24745762711864408
1 0.13983050847457626 0.8483050847457627 0.2796610169491525 0.2966101694915254
1 0.45084745762711864 0.8398305084745763 0.2576271186440678 0.32033898305084746
1 0.4652542372881356 0.6398305084745762 0.23389830508474577 0.23728813559322035
1 0.9686440677966102 0.7847457627118644 0.05593220338983051 0.211864406779661