1 0.6015358361774744 0.4872013651877133 0.20648464163822525 0.658703071672355
1 0.2354948805460751 0.24232081911262798 0.08361774744027303 0.18771331058020477
1 0.8805460750853242 0.4761092150170648 0.23890784982935154 0.6825938566552902
1 0.4462457337883959 0.24914675767918087 0.08703071672354949 0.2764505119453925
1 0.697098976109215 0.06228668941979522 0.059726962457337884 0.11262798634812286
1 0.39590443686006827 0.2030716723549488 0.07337883959044368 0.18771331058020477
1 0.30716723549488056 0.23720136518771331 0.07849829351535836 0.1945392491467577
1 0.031569965870307165 0.26109215017064846 0.05631399317406143 0.22866894197952217
1 0.18515358361774745 0.24744027303754265 0.07679180887372014 0.19112627986348124
1 0.27047781569965873 0.23976109215017063 0.09556313993174062 0.21160409556313994
1 0.10409556313993173 0.257679180887372 0.09556313993174062 0.21843003412969283
1 0.15358361774744028 0.24232081911262798 0.09044368600682594 0.19112627986348124