1 0.4379432624113475 0.5611702127659575 0.22695035460992907 0.6861702127659575
1 0.8129432624113475 0.8226950354609929 0.09042553191489362 0.1950354609929078
1 0.14627659574468085 0.5673758865248227 0.26063829787234044 0.7127659574468085
1 0.5948581560283688 0.8120567375886525 0.09397163120567376 0.28900709219858156
1 0.33156028368794327 0.9680851063829787 0.06205673758865248 0.051418439716312055
1 0.6462765957446809 0.8608156028368794 0.0797872340425532 0.19858156028368795
1 0.7393617021276596 0.8271276595744681 0.0851063829787234 0.20390070921985815
1 0.8661347517730497 0.8182624113475178 0.0851063829787234 0.20035460992907803
1 0.776595744680851 0.824468085106383 0.10283687943262411 0.22163120567375885
1 0.9441489361702128 0.8093971631205674 0.09219858156028368 0.22695035460992907
1 0.8980496453900709 0.824468085106383 0.09929078014184398 0.20035460992907803