1 0.44568690095846647 0.2707667731629393 0.19169329073482427 0.5415335463258786
1 0.0878594249201278 0.06469648562300319 0.07507987220447285 0.10383386581469649
1 0.28594249201277955 0.07827476038338659 0.07667731629392971 0.14536741214057508
1 0.512779552715655 0.0231629392971246 0.054313099041533544 0.0463258785942492
1 0.2356230031948882 0.0463258785942492 0.06549520766773163 0.07667731629392971
1 0.15415335463258786 0.06070287539936102 0.07028753993610223 0.09904153354632587
1 0.004792332268370607 0.0902555910543131 0.009584664536741214 0.14536741214057508
1 0.04153354632587859 0.07108626198083066 0.06869009584664537 0.11182108626198083
1 0.12060702875399361 0.0670926517571885 0.08626198083067092 0.11182108626198083
1 0.011980830670926517 0.08386581469648563 0.023961661341853034 0.13578274760383385
1 0.025559105431309903 0.0694888178913738 0.051118210862619806 0.10702875399361023
1 0.7356230031948882 0.2268370607028754 0.31150159744408945 0.4536741214057508
1 0.3075079872204473 0.7787539936102237 0.6118210862619808 0.4424920127795527
1 0.7507987220447284 0.6437699680511182 0.07667731629392971 0.1853035143769968
1 0.8210862619808307 0.6597444089456869 0.06389776357827476 0.2220447284345048
1 0.6821086261980831 0.6613418530351438 0.054313099041533544 0.21565495207667731
1 0.9856230031948882 0.603035143769968 0.02875399361022364 0.11980830670926518
1 0.6118210862619808 0.604632587859425 0.023961661341853034 0.09584664536741214
1 0.610223642172524 0.604632587859425 0.020766773162939296 0.09584664536741214
1 0.6110223642172524 0.6038338658146964 0.022364217252396165 0.09424920127795527
1 0.6134185303514377 0.6118210862619808 0.027156549520766772 0.11022364217252396
1 0.8857827476038339 0.6022364217252396 0.07028753993610223 0.11182108626198083
1 0.944888178913738 0.6038338658146964 0.06549520766773163 0.1182108626198083
1 0.6110223642172524 0.5862619808306709 0.022364217252396165 0.05910543130990415
1 0.6110223642172524 0.5886581469648562 0.022364217252396165 0.06389776357827476
1 0.604632587859425 0.5718849840255591 0.011182108626198083 0.03035143769968051
1 0.6142172523961661 0.579073482428115 0.02875399361022364 0.0463258785942492
1 0.6118210862619808 0.5838658146964856 0.023961661341853034 0.054313099041533544
1 0.6389776357827476 0.597444089456869 0.04792332268370607 0.08466453674121406
1 0.7859424920127795 0.5726837060702875 0.054313099041533544 0.04472843450479233