1 0.013111888111888112 0.4493006993006993 0.026223776223776224 0.15384615384615385
1 0.06818181818181818 0.5367132867132867 0.13636363636363635 0.2692307692307692
1 0.20804195804195805 0.4187062937062937 0.22202797202797203 0.5297202797202797
1 0.011363636363636364 0.5253496503496503 0.022727272727272728 0.28496503496503495
1 0.6223776223776224 0.28321678321678323 0.32867132867132864 0.5664335664335665
1 0.4405594405594406 0.25961538461538464 0.25524475524475526 0.5192307692307693
1 0.8513986013986014 0.24388111888111888 0.16083916083916083 0.4772727272727273
1 0.9624125874125874 0.1660839160839161 0.07517482517482517 0.3181818181818182
1 0.019230769230769232 0.7482517482517482 0.038461538461538464 0.13986013986013987
1 0.08479020979020979 0.7272727272727273 0.07867132867132867 0.09615384615384616
1 0.16346153846153846 0.7194055944055944 0.07692307692307693 0.07867132867132867
1 0.2666083916083916 0.7255244755244755 0.08566433566433566 0.08741258741258741
1 0.28846153846153844 0.7071678321678322 0.04195804195804196 0.0472027972027972
1 0.2736013986013986 0.7176573426573427 0.04895104895104895 0.06818181818181818
1 0.26573426573426573 0.7045454545454546 0.04895104895104895 0.043706293706293704
1 0.20279720279720279 0.7167832167832168 0.07867132867132867 0.07167832167832168
1 0.14423076923076922 0.7036713286713286 0.03671328671328671 0.045454545454545456
1 0.21153846153846154 0.7106643356643356 0.05419580419580419 0.05944055944055944
1 0.1660839160839161 0.7045454545454546 0.05244755244755245 0.04895104895104895
1 0.1896853146853147 0.7054195804195804 0.04020979020979021 0.0472027972027972
1 0.23164335664335664 0.7141608391608392 0.045454545454545456 0.06293706293706294
1 0.1652097902097902 0.7071678321678322 0.06643356643356643 0.05419580419580419
1 0.10664335664335664 0.736013986013986 0.08391608391608392 0.11363636363636363
1 0.051573426573426576 0.7036713286713286 0.03671328671328671 0.04895104895104895
1 0.05244755244755245 0.7115384615384616 0.1048951048951049 0.06643356643356643
1 0.013986013986013986 0.6975524475524476 0.027972027972027972 0.038461538461538464
1 0.021853146853146852 0.7036713286713286 0.04195804195804196 0.050699300699300696
1 0.027097902097902096 0.7054195804195804 0.05419580419580419 0.05419580419580419
1 0.18006993006993008 0.777972027972028 0.06118881118881119 0.11888111888111888
1 0.21853146853146854 0.7298951048951049 0.033216783216783216 0.06118881118881119
1 0.2666083916083916 0.7342657342657343 0.06118881118881119 0.1048951048951049
1 0.29982517482517484 0.7281468531468531 0.019230769230769232 0.08916083916083917
1 0.2718531468531469 0.8164335664335665 0.05419580419580419 0.10664335664335664
1 0.2395104895104895 0.9152097902097902 0.04195804195804196 0.12237762237762238
1 0.2770979020979021 0.9108391608391608 0.045454545454545456 0.09615384615384616
1 0.12937062937062938 0.826048951048951 0.0472027972027972 0.16258741258741258
1 0.08129370629370629 0.7421328671328671 0.0472027972027972 0.08916083916083917
1 0.125 0.7395104895104895 0.02972027972027972 0.057692307692307696
1 0.12412587412587413 0.6984265734265734 0.027972027972027972 0.03496503496503497
1 0.16783216783216784 0.9431818181818182 0.04895104895104895 0.08566433566433566
1 0.47465034965034963 0.8417832167832168 0.3409090909090909 0.31643356643356646