1 0.32142857142857145 0.27906976744186046 0.30398671096345514 0.36212624584717606
1 0.7433554817275747 0.2591362126245847 0.08970099667774087 0.42358803986710963
1 0.9609634551495017 0.38205980066445183 0.07807308970099668 0.19269102990033224
1 0.7317275747508306 0.27408637873754155 0.06478405315614617 0.39368770764119604
1 0.723421926910299 0.3106312292358804 0.04983388704318937 0.31893687707641194
1 0.7267441860465116 0.27408637873754155 0.054817275747508304 0.3920265780730897
1 0.8754152823920266 0.40365448504983387 0.061461794019933555 0.14451827242524917
1 0.8214285714285714 0.36710963455149503 0.05149501661129568 0.21262458471760798
1 0.7873754152823921 0.2441860465116279 0.03986710963455149 0.1345514950166113
1 0.8388704318936877 0.21677740863787376 0.03156146179401993 0.11960132890365449
1 0.8862126245847176 0.25083056478405313 0.05813953488372093 0.19767441860465115
1 0.3488372093023256 0.7217607973421927 0.6976744186046512 0.5564784053156147
1 0.8056478405315615 0.739202657807309 0.25249169435215946 0.521594684385382