1 0.06028938906752412 0.3440514469453376 0.12057877813504823 0.6334405144694534
1 0.7467845659163987 0.5128617363344051 0.1302250803858521 0.20257234726688103
1 0.7122186495176849 0.14630225080385853 0.12218649517684887 0.29260450160771706
1 0.8914790996784566 0.1414790996784566 0.18810289389067525 0.2829581993569132
1 0.9027331189710611 0.5096463022508039 0.1945337620578778 0.18971061093247588
1 0.7210610932475884 0.520096463022508 0.07877813504823152 0.18810289389067525
1 0.6977491961414791 0.15594855305466238 0.0932475884244373 0.31189710610932475
1 0.7379421221864951 0.5313504823151125 0.10932475884244373 0.1639871382636656
1 0.6840836012861736 0.15514469453376206 0.06591639871382636 0.3102893890675241
1 0.4204180064308682 0.8657556270096463 0.44212218649517687 0.2684887459807074
1 0.6302250803858521 0.8617363344051447 0.18167202572347266 0.2717041800643087
1 0.9847266881028939 0.7628617363344051 0.03054662379421222 0.342443729903537
1 0.7660771704180064 0.7958199356913184 0.14308681672025725 0.38102893890675243
1 0.7226688102893891 0.72508038585209 0.05627009646302251 0.2282958199356913
1 0.889871382636656 0.6977491961414791 0.09485530546623794 0.19935691318327975