1 0.05128205128205128 0.9157509157509157 0.08608058608058608 0.12637362637362637
1 0.13186813186813187 0.9331501831501832 0.08424908424908426 0.10073260073260074
1 0.47893772893772896 0.88003663003663 0.35714285714285715 0.23992673992673993
1 0.6923076923076923 0.9404761904761905 0.054945054945054944 0.11904761904761904
1 0.7976190476190477 0.945054945054945 0.152014652014652 0.10989010989010989
1 0.858058608058608 0.9203296703296703 0.08424908424908426 0.1446886446886447
1 0.9358974358974359 0.9523809523809523 0.08424908424908426 0.09523809523809523
1 0.8855311355311355 0.8434065934065934 0.08241758241758242 0.10256410256410256
1 0.771978021978022 0.8168498168498168 0.1336996336996337 0.17582417582417584
1 0.6465201465201466 0.7481684981684982 0.10989010989010989 0.163003663003663
1 0.7408424908424909 0.7051282051282052 0.11355311355311355 0.2087912087912088
1 0.9532967032967034 0.7527472527472527 0.07692307692307693 0.1978021978021978
1 0.8635531135531136 0.7261904761904762 0.10073260073260074 0.15567765567765568
1 0.793040293040293 0.5686813186813187 0.08608058608058608 0.16483516483516483
1 0.8983516483516484 0.5915750915750916 0.07509157509157509 0.13003663003663005
1 0.967032967032967 0.6117216117216118 0.06043956043956044 0.11355311355311355
1 0.9001831501831502 0.48534798534798534 0.07875457875457875 0.12087912087912088
1 0.8910256410256411 0.12545787545787546 0.0641025641025641 0.15018315018315018
1 0.9285714285714286 0.2774725274725275 0.027472527472527472 0.06593406593406594
1 0.8956043956043956 0.2600732600732601 0.018315018315018316 0.05128205128205128
1 0.7307692307692307 0.5265567765567766 0.06043956043956044 0.14102564102564102
1 0.6794871794871795 0.5631868131868132 0.04212454212454213 0.09706959706959707
1 0.5265567765567766 0.6941391941391941 0.0695970695970696 0.19597069597069597
1 0.5613553113553114 0.6254578754578755 0.038461538461538464 0.11172161172161173
1 0.5943223443223443 0.6794871794871795 0.06227106227106227 0.14102564102564102
1 0.6584249084249084 0.6336996336996337 0.08974358974358974 0.09340659340659341
1 0.5686813186813187 0.5247252747252747 0.09340659340659341 0.17216117216117216
1 0.6282051282051282 0.5485347985347986 0.04395604395604396 0.08241758241758242
1 0.674908424908425 0.4734432234432234 0.06043956043956044 0.12454212454212454
1 0.6245421245421245 0.4661172161172161 0.045787545787545784 0.10805860805860806
1 0.43040293040293043 0.7115384615384616 0.06227106227106227 0.1575091575091575
1 0.42857142857142855 0.6144688644688645 0.0347985347985348 0.07142857142857142
1 0.46886446886446886 0.6355311355311355 0.07142857142857142 0.1684981684981685
1 0.34798534798534797 0.8663003663003663 0.06227106227106227 0.10073260073260074
1 0.3360805860805861 0.7912087912087912 0.08424908424908426 0.1391941391941392
1 0.32234432234432236 0.706959706959707 0.07692307692307693 0.0989010989010989
1 0.3342490842490842 0.6474358974358975 0.03663003663003663 0.0695970695970696
1 0.3717948717948718 0.652014652014652 0.06043956043956044 0.12454212454212454
1 0.4642857142857143 0.4807692307692308 0.05311355311355311 0.11904761904761904
1 0.5054945054945055 0.5192307692307693 0.047619047619047616 0.11172161172161173
1 0.5915750915750916 0.41208791208791207 0.03663003663003663 0.08424908424908426
1 0.5412087912087912 0.43772893772893773 0.05128205128205128 0.08974358974358974
1 0.5137362637362637 0.3974358974358974 0.05128205128205128 0.09706959706959707
1 0.28205128205128205 0.6217948717948718 0.054945054945054944 0.0989010989010989
1 0.25274725274725274 0.8195970695970696 0.056776556776556776 0.1446886446886447
1 0.25 0.7133699633699634 0.056776556776556776 0.09523809523809523
1 0.17765567765567766 0.8489010989010989 0.08791208791208792 0.15384615384615385
1 0.11721611721611722 0.8397435897435898 0.04395604395604396 0.0989010989010989
1 0.19230769230769232 0.7518315018315018 0.06043956043956044 0.12454212454212454
1 0.1446886446886447 0.7435897435897436 0.06043956043956044 0.10256410256410256
1 0.17399267399267399 0.6575091575091575 0.047619047619047616 0.10073260073260074
1 0.2216117216117216 0.5888278388278388 0.05311355311355311 0.13553113553113552
1 0.15293040293040294 0.5723443223443223 0.07326007326007326 0.11538461538461539
1 0.08608058608058608 0.673992673992674 0.0989010989010989 0.23809523809523808
1 0.027472527472527472 0.6886446886446886 0.04395604395604396 0.10622710622710622
1 0.040293040293040296 0.8021978021978022 0.08058608058608059 0.14285714285714285
1 0.01098901098901099 0.6410256410256411 0.02197802197802198 0.10989010989010989
1 0.019230769230769232 0.5503663003663004 0.038461538461538464 0.10805860805860806
1 0.17582417582417584 0.4606227106227106 0.06776556776556776 0.12637362637362637
1 0.21245421245421245 0.5137362637362637 0.03663003663003663 0.06593406593406594
1 0.26282051282051283 0.5155677655677655 0.06776556776556776 0.12087912087912088
1 0.31776556776556775 0.532051282051282 0.0641025641025641 0.11538461538461539
1 0.3324175824175824 0.586996336996337 0.040293040293040296 0.07509157509157509
1 0.3891941391941392 0.5494505494505495 0.05860805860805861 0.14102564102564102
1 0.27380952380952384 0.4267399267399267 0.06043956043956044 0.11172161172161173
1 0.24725274725274726 0.32142857142857145 0.04945054945054945 0.13003663003663005
1 0.2857142857142857 0.32967032967032966 0.05128205128205128 0.10256410256410256
1 0.12637362637362637 0.4065934065934066 0.054945054945054944 0.17216117216117216
1 0.0695970695970696 0.4908424908424908 0.05311355311355311 0.09523809523809523
1 0.11538461538461539 0.49725274725274726 0.03296703296703297 0.06227106227106227
1 0.1108058608058608 0.5448717948717948 0.031135531135531136 0.04945054945054945
1 0.1749084249084249 0.2866300366300366 0.054945054945054944 0.09157509157509157
1 0.3891941391941392 0.18681318681318682 0.05860805860805861 0.10989010989010989
1 0.4661172161172161 0.38553113553113555 0.054945054945054944 0.09340659340659341
1 0.5677655677655677 0.3498168498168498 0.0347985347985348 0.07509157509157509
1 0.6712454212454212 0.3983516483516483 0.038461538461538464 0.054945054945054944
1 0.7197802197802198 0.3708791208791209 0.03663003663003663 0.08791208791208792
1 0.7591575091575091 0.42857142857142855 0.08791208791208792 0.10805860805860806
1 0.8406593406593407 0.40476190476190477 0.04395604395604396 0.13003663003663005