1 0.049206349206349205 0.8722222222222222 0.09841269841269841 0.2396825396825397
1 0.14047619047619048 0.8492063492063492 0.07301587301587302 0.173015873015873
1 0.21031746031746032 0.8579365079365079 0.07142857142857142 0.14126984126984127
1 0.3055555555555556 0.926984126984127 0.08253968253968254 0.14126984126984127
1 0.5087301587301587 0.8373015873015873 0.30634920634920637 0.3253968253968254
1 0.6984126984126984 0.834920634920635 0.04285714285714286 0.13333333333333333
1 0.7896825396825397 0.8777777777777778 0.13015873015873017 0.20793650793650795
1 0.8476190476190476 0.9523809523809523 0.08888888888888889 0.09523809523809523
1 0.9277777777777778 0.9484126984126984 0.07142857142857142 0.10317460317460317
1 0.8396825396825397 0.7968253968253968 0.06825396825396825 0.12380952380952381
1 0.9103174603174603 0.846031746031746 0.07142857142857142 0.12857142857142856
1 0.8611111111111112 0.7285714285714285 0.06825396825396825 0.0873015873015873
1 0.7619047619047619 0.7095238095238096 0.1111111111111111 0.1492063492063492
1 0.6515873015873016 0.6531746031746032 0.09047619047619047 0.1380952380952381
1 0.7317460317460317 0.6134920634920635 0.09206349206349207 0.17777777777777778
1 0.9349206349206349 0.6492063492063492 0.09523809523809523 0.16984126984126985
1 0.8380952380952381 0.6277777777777778 0.08253968253968254 0.13174603174603175
1 0.7722222222222223 0.4936507936507937 0.06984126984126984 0.14126984126984127
1 0.8650793650793651 0.5103174603174603 0.06031746031746032 0.1111111111111111
1 0.9277777777777778 0.5253968253968254 0.05396825396825397 0.09841269841269841
1 0.9706349206349206 0.36984126984126986 0.05873015873015873 0.10793650793650794
1 0.8634920634920635 0.41825396825396827 0.06507936507936508 0.10317460317460317
1 0.8444444444444444 0.10634920634920635 0.050793650793650794 0.12857142857142856
1 0.8817460317460317 0.2373015873015873 0.022222222222222223 0.05555555555555555
1 0.8523809523809524 0.22380952380952382 0.014285714285714285 0.044444444444444446
1 0.7174603174603175 0.4595238095238095 0.047619047619047616 0.12063492063492064
1 0.6738095238095239 0.4928571428571429 0.03333333333333333 0.08253968253968254
1 0.546031746031746 0.6103174603174604 0.05555555555555555 0.16825396825396827
1 0.5738095238095238 0.55 0.03015873015873016 0.09523809523809523
1 0.6039682539682539 0.5952380952380952 0.049206349206349205 0.12222222222222222
1 0.6579365079365079 0.553968253968254 0.0746031746031746 0.07936507936507936
1 0.5769841269841269 0.4626984126984127 0.0761904761904762 0.14761904761904762
1 0.6293650793650793 0.48174603174603176 0.03650793650793651 0.06984126984126984
1 0.6674603174603174 0.4150793650793651 0.049206349206349205 0.10793650793650794
1 0.6238095238095238 0.4103174603174603 0.03650793650793651 0.09206349206349207
1 0.4626984126984127 0.6285714285714286 0.049206349206349205 0.1365079365079365
1 0.4587301587301587 0.5444444444444444 0.02857142857142857 0.06031746031746032
1 0.49444444444444446 0.5619047619047619 0.05714285714285714 0.14444444444444443
1 0.396031746031746 0.765079365079365 0.050793650793650794 0.08571428571428572
1 0.38412698412698415 0.7 0.06825396825396825 0.11904761904761904
1 0.36904761904761907 0.6277777777777778 0.06349206349206349 0.08412698412698413
1 0.37777777777777777 0.5753968253968254 0.03015873015873016 0.05873015873015873
1 0.4103174603174603 0.5785714285714286 0.049206349206349205 0.10793650793650794
1 0.4857142857142857 0.42777777777777776 0.04285714285714286 0.10158730158730159
1 0.5222222222222223 0.4595238095238095 0.0380952380952381 0.09523809523809523
1 0.5936507936507937 0.36428571428571427 0.03015873015873016 0.07142857142857142
1 0.55 0.3880952380952381 0.04285714285714286 0.0761904761904762
1 0.5253968253968254 0.353968253968254 0.04126984126984127 0.08253968253968254
1 0.33174603174603173 0.5547619047619048 0.044444444444444446 0.08412698412698413
1 0.3126984126984127 0.7277777777777777 0.044444444444444446 0.12380952380952381
1 0.30714285714285716 0.6357142857142857 0.046031746031746035 0.08095238095238096
1 0.24761904761904763 0.7555555555555555 0.07142857142857142 0.13174603174603175
1 0.19523809523809524 0.7484126984126984 0.03492063492063492 0.08412698412698413
1 0.25793650793650796 0.6706349206349206 0.049206349206349205 0.10793650793650794
1 0.21587301587301588 0.665079365079365 0.049206349206349205 0.08888888888888889
1 0.2388888888888889 0.5888888888888889 0.0380952380952381 0.08571428571428572
1 0.2785714285714286 0.5285714285714286 0.04126984126984127 0.11587301587301588
1 0.21904761904761905 0.5166666666666667 0.06031746031746032 0.09841269841269841
1 0.16428571428571428 0.6063492063492063 0.07777777777777778 0.20476190476190476
1 0.11349206349206349 0.6214285714285714 0.03492063492063492 0.09047619047619047
1 0.1111111111111111 0.719047619047619 0.09841269841269841 0.12063492063492064
1 0.07063492063492063 0.6714285714285714 0.04285714285714286 0.06984126984126984
1 0.0873015873015873 0.580952380952381 0.0380952380952381 0.09365079365079365
1 0.08968253968253968 0.5023809523809524 0.05714285714285714 0.09365079365079365
1 0.02142857142857143 0.4246031746031746 0.04126984126984127 0.11746031746031746
1 0.23492063492063492 0.41904761904761906 0.05555555555555555 0.10793650793650794
1 0.26825396825396824 0.4634920634920635 0.03015873015873016 0.05555555555555555
1 0.3119047619047619 0.4642857142857143 0.05555555555555555 0.10317460317460317
1 0.3595238095238095 0.47619047619047616 0.05238095238095238 0.09841269841269841
1 0.3738095238095238 0.523015873015873 0.03333333333333333 0.06349206349206349
1 0.4222222222222222 0.4888888888888889 0.046031746031746035 0.12063492063492064
1 0.31825396825396823 0.3865079365079365 0.049206349206349205 0.09682539682539683
1 0.2920634920634921 0.29603174603174603 0.0380952380952381 0.1111111111111111
1 0.3261904761904762 0.30158730158730157 0.04126984126984127 0.0873015873015873
1 0.19047619047619047 0.3738095238095238 0.04285714285714286 0.14761904761904762
1 0.14365079365079364 0.44841269841269843 0.04285714285714286 0.08095238095238096
1 0.18333333333333332 0.4523809523809524 0.026984126984126985 0.05238095238095238
1 0.18095238095238095 0.4936507936507937 0.025396825396825397 0.04126984126984127
1 0.22857142857142856 0.26825396825396824 0.044444444444444446 0.07777777777777778
1 0.4111111111111111 0.17539682539682538 0.047619047619047616 0.09365079365079365
1 0.48412698412698413 0.34523809523809523 0.044444444444444446 0.07936507936507936
1 0.5706349206349206 0.3111111111111111 0.02857142857142857 0.06349206349206349
1 0.6619047619047619 0.35 0.03333333333333333 0.046031746031746035
1 0.7031746031746032 0.3246031746031746 0.03015873015873016 0.0746031746031746
1 0.7396825396825397 0.373015873015873 0.07301587301587302 0.09206349206349207
1 0.8087301587301587 0.35079365079365077 0.03333333333333333 0.1111111111111111