1 0.050347222222222224 0.8480902777777778 0.10069444444444445 0.234375
1 0.1388888888888889 0.8480902777777778 0.0920138888888889 0.19270833333333334
1 0.2144097222222222 0.8628472222222222 0.08854166666666667 0.1579861111111111
1 0.3142361111111111 0.9270833333333334 0.09722222222222222 0.1232638888888889
1 0.5434027777777778 0.8376736111111112 0.3541666666666667 0.3246527777777778
1 0.7482638888888888 0.8758680555555556 0.057291666666666664 0.14930555555555555
1 0.8446180555555556 0.9045138888888888 0.1579861111111111 0.1909722222222222
1 0.9045138888888888 0.9800347222222222 0.10069444444444445 0.03993055555555555
1 0.9053819444444444 0.84375 0.08506944444444445 0.1388888888888889
1 0.9539930555555556 0.9001736111111112 0.03819444444444445 0.140625
1 0.9348958333333334 0.7717013888888888 0.08159722222222222 0.09895833333333333
1 0.828125 0.7430555555555556 0.13194444444444445 0.171875
1 0.7109375 0.6736111111111112 0.109375 0.1579861111111111
1 0.8020833333333334 0.6362847222222222 0.11284722222222222 0.1996527777777778
1 0.9175347222222222 0.6605902777777778 0.10069444444444445 0.14930555555555555
1 0.8559027777777778 0.5086805555555556 0.08680555555555555 0.1579861111111111
1 0.9557291666666666 0.5338541666666666 0.07465277777777778 0.125
1 0.9609375 0.4331597222222222 0.078125 0.11631944444444445
1 0.9626736111111112 0.0998263888888889 0.0642361111111111 0.125
1 0.9904513888888888 0.2361111111111111 0.019097222222222224 0.0625
1 0.9635416666666666 0.21961805555555555 0.019097222222222224 0.050347222222222224
1 0.7986111111111112 0.4670138888888889 0.0625 0.13541666666666666
1 0.7482638888888888 0.5 0.041666666666666664 0.09375
1 0.5998263888888888 0.6189236111111112 0.07291666666666667 0.1857638888888889
1 0.6345486111111112 0.5546875 0.03993055555555555 0.10590277777777778
1 0.6640625 0.6067708333333334 0.0642361111111111 0.13541666666666666
1 0.7256944444444444 0.5659722222222222 0.08680555555555555 0.0920138888888889
1 0.6449652777777778 0.4592013888888889 0.09375 0.16666666666666666
1 0.7005208333333334 0.484375 0.04513888888888889 0.0798611111111111
1 0.7473958333333334 0.4140625 0.0625 0.11979166666666667
1 0.6996527777777778 0.40625 0.046875 0.10416666666666667
1 0.5078125 0.6319444444444444 0.0642361111111111 0.15104166666666666
1 0.5095486111111112 0.5399305555555556 0.034722222222222224 0.06770833333333333
1 0.546875 0.5616319444444444 0.07291666666666667 0.16145833333333334
1 0.4244791666666667 0.7760416666666666 0.0625 0.09722222222222222
1 0.4157986111111111 0.7039930555555556 0.08333333333333333 0.13368055555555555
1 0.4053819444444444 0.6241319444444444 0.07465277777777778 0.0954861111111111
1 0.4192708333333333 0.5677083333333334 0.036458333333333336 0.06597222222222222
1 0.4539930555555556 0.5737847222222222 0.0625 0.11979166666666667
1 0.5477430555555556 0.4140625 0.05381944444444445 0.11458333333333333
1 0.5850694444444444 0.4522569444444444 0.04861111111111111 0.1076388888888889
1 0.6701388888888888 0.3532986111111111 0.03819444444444445 0.0798611111111111
1 0.6215277777777778 0.3767361111111111 0.052083333333333336 0.08680555555555555
1 0.5972222222222222 0.3368055555555556 0.050347222222222224 0.09375
1 0.3697916666666667 0.5416666666666666 0.05555555555555555 0.0954861111111111
1 0.3359375 0.7291666666666666 0.059027777777777776 0.1388888888888889
1 0.3368055555555556 0.6276041666666666 0.05555555555555555 0.0920138888888889
1 0.2630208333333333 0.7534722222222222 0.08854166666666667 0.14930555555555555
1 0.2065972222222222 0.7430555555555556 0.04513888888888889 0.0954861111111111
1 0.28125 0.6623263888888888 0.0625 0.11979166666666667
1 0.23524305555555555 0.6527777777777778 0.06076388888888889 0.09895833333333333
1 0.2664930555555556 0.5720486111111112 0.04861111111111111 0.09722222222222222
1 0.3142361111111111 0.5086805555555556 0.05381944444444445 0.13020833333333334
1 0.25 0.4913194444444444 0.07291666666666667 0.1111111111111111
1 0.1831597222222222 0.5850694444444444 0.10069444444444445 0.22916666666666666
1 0.12760416666666666 0.5972222222222222 0.04513888888888889 0.10243055555555555
1 0.1171875 0.7039930555555556 0.11631944444444445 0.1388888888888889
1 0.0763888888888889 0.6484375 0.052083333333333336 0.0798611111111111
1 0.1015625 0.5512152777777778 0.04861111111111111 0.10590277777777778
1 0.11024305555555555 0.4661458333333333 0.06944444444444445 0.10590277777777778
1 0.035590277777777776 0.3758680555555556 0.0642361111111111 0.13194444444444445
1 0.2743055555555556 0.3862847222222222 0.06944444444444445 0.12152777777777778
1 0.3072916666666667 0.4366319444444444 0.036458333333333336 0.0625
1 0.3550347222222222 0.4409722222222222 0.06770833333333333 0.11631944444444445
1 0.4071180555555556 0.4574652777777778 0.0642361111111111 0.1111111111111111
1 0.4192708333333333 0.5104166666666666 0.03993055555555555 0.07291666666666667
1 0.4739583333333333 0.4765625 0.06076388888888889 0.13541666666666666
1 0.3689236111111111 0.3567708333333333 0.06076388888888889 0.1076388888888889
1 0.3472222222222222 0.2569444444444444 0.050347222222222224 0.125
1 0.3836805555555556 0.2647569444444444 0.052083333333333336 0.09895833333333333
1 0.2300347222222222 0.3333333333333333 0.057291666666666664 0.16493055555555555
1 0.17274305555555555 0.4114583333333333 0.052083333333333336 0.0920138888888889
1 0.21614583333333334 0.4184027777777778 0.03298611111111111 0.059027777777777776
1 0.21006944444444445 0.4635416666666667 0.03125 0.046875
1 0.2795138888888889 0.22135416666666666 0.05381944444444445 0.08854166666666667
1 0.4861111111111111 0.13368055555555555 0.059027777777777776 0.10590277777777778
1 0.5529513888888888 0.3246527777777778 0.05381944444444445 0.09027777777777778
1 0.6493055555555556 0.2934027777777778 0.034722222222222224 0.07118055555555555
1 0.7465277777777778 0.3428819444444444 0.03819444444444445 0.05381944444444445
1 0.7925347222222222 0.3194444444444444 0.03819444444444445 0.08333333333333333
1 0.8289930555555556 0.3741319444444444 0.08680555555555555 0.10590277777777778
1 0.90625 0.3550347222222222 0.04513888888888889 0.1232638888888889