1 0.16271186440677965 0.4347457627118644 0.3254237288135593 0.3847457627118644
1 0.34915254237288135 0.4025423728813559 0.05593220338983051 0.14576271186440679
1 0.4059322033898305 0.44152542372881354 0.06440677966101695 0.22372881355932203
1 0.3788135593220339 0.2627118644067797 0.08135593220338982 0.16271186440677965
1 0.2796610169491525 0.21440677966101696 0.10677966101694915 0.15423728813559323
1 0.35847457627118645 0.16271186440677965 0.10677966101694915 0.19491525423728814
1 0.37542372881355934 0.05847457627118644 0.04745762711864407 0.1016949152542373
1 0.3313559322033898 0.03898305084745763 0.05423728813559322 0.05593220338983051
1 0.28559322033898304 0.05084745762711865 0.03898305084745763 0.0711864406779661
1 0.16271186440677965 0.1805084745762712 0.0711864406779661 0.18135593220338983
1 0.18559322033898304 0.1135593220338983 0.03898305084745763 0.10338983050847457
1 0.2228813559322034 0.15847457627118644 0.06271186440677966 0.13220338983050847
1 0.2754237288135593 0.10847457627118644 0.0847457627118644 0.08983050847457627
1 0.18220338983050846 0.06186440677966102 0.08305084745762711 0.07796610169491526
1 0.23728813559322035 0.046610169491525424 0.0423728813559322 0.05423728813559322
1 0.07627118644067797 0.2093220338983051 0.06271186440677966 0.14745762711864407
1 0.06271186440677966 0.12033898305084746 0.03389830508474576 0.06610169491525424
1 0.10254237288135593 0.13474576271186442 0.0711864406779661 0.1576271186440678
1 0.025423728813559324 0.3610169491525424 0.05084745762711865 0.09491525423728814
1 0.020338983050847456 0.2923728813559322 0.04067796610169491 0.13050847457627118
1 0.005932203389830509 0.21694915254237288 0.011864406779661017 0.09152542372881356
1 0.02288135593220339 0.16186440677966102 0.04576271186440678 0.11694915254237288
1 0.1228813559322034 0.05254237288135593 0.0423728813559322 0.04576271186440678
1 0.023728813559322035 0.08559322033898305 0.04745762711864407 0.09322033898305085
1 0.6949152542372882 0.28728813559322036 0.6101694915254238 0.5745762711864407
1 0.4483050847457627 0.18728813559322033 0.1152542372881356 0.3728813559322034
1 0.4016949152542373 0.8457627118644068 0.1423728813559322 0.22033898305084745
1 0.8508474576271187 0.7610169491525424 0.2983050847457627 0.4406779661016949