1 0.5228758169934641 0.5473856209150327 0.07026143790849673 0.032679738562091505
1 0.41911764705882354 0.5253267973856209 0.11437908496732026 0.08496732026143791
1 0.30392156862745096 0.5049019607843137 0.09640522875816994 0.13398692810457516
1 0.3839869281045752 0.46486928104575165 0.09803921568627451 0.184640522875817
1 0.5702614379084967 0.48284313725490197 0.05228758169934641 0.15849673202614378
1 0.4950980392156863 0.4738562091503268 0.08823529411764706 0.13725490196078433
1 0.4199346405228758 0.33905228758169936 0.07352941176470588 0.1454248366013072
1 0.5163398692810458 0.35130718954248363 0.06372549019607843 0.11437908496732026
1 0.5718954248366013 0.36437908496732024 0.0392156862745098 0.10130718954248366
1 0.5098039215686274 0.2565359477124183 0.06862745098039216 0.10620915032679738
1 0.47630718954248363 0.027777777777777776 0.05228758169934641 0.05555555555555555
1 0.5187908496732027 0.07026143790849673 0.02287581699346405 0.05718954248366013
1 0.4877450980392157 0.05718954248366013 0.016339869281045753 0.0457516339869281
1 0.3619281045751634 0.30718954248366015 0.05228758169934641 0.12581699346405228
1 0.31862745098039214 0.34395424836601307 0.03594771241830065 0.08660130718954248
1 0.19362745098039216 0.4714052287581699 0.06045751633986928 0.17320261437908496
1 0.21895424836601307 0.4076797385620915 0.032679738562091505 0.09967320261437909
1 0.25245098039215685 0.4534313725490196 0.05392156862745098 0.12581699346405228
1 0.3055555555555556 0.4076797385620915 0.0784313725490196 0.08333333333333333
1 0.2173202614379085 0.31781045751633985 0.08006535947712418 0.15359477124183007
1 0.272875816993464 0.3349673202614379 0.0392156862745098 0.07352941176470588
1 0.30800653594771243 0.2638888888888889 0.05228758169934641 0.1111111111111111
1 0.2630718954248366 0.26143790849673204 0.0392156862745098 0.09640522875816994
1 0.10866013071895425 0.4950980392156863 0.05392156862745098 0.14052287581699346
1 0.10049019607843138 0.4084967320261438 0.029411764705882353 0.06372549019607843
1 0.13725490196078433 0.42401960784313725 0.06045751633986928 0.14869281045751634
1 0.03349673202614379 0.545751633986928 0.06535947712418301 0.07026143790849673
1 0.02287581699346405 0.49754901960784315 0.0457516339869281 0.08660130718954248
1 0.018790849673202614 0.4452614379084967 0.03104575163398693 0.06209150326797386
1 0.05228758169934641 0.44607843137254904 0.05228758169934641 0.1111111111111111
1 0.12173202614379085 0.2867647058823529 0.0457516339869281 0.10620915032679738
1 0.16094771241830066 0.31781045751633985 0.04084967320261438 0.09967320261437909
1 0.2295751633986928 0.21568627450980393 0.032679738562091505 0.07516339869281045
1 0.18627450980392157 0.2426470588235294 0.0457516339869281 0.08006535947712418
1 0.15849673202614378 0.20833333333333334 0.04411764705882353 0.08660130718954248
1 0.010620915032679739 0.3431372549019608 0.021241830065359478 0.10130718954248366
1 0.014705882352941176 0.39133986928104575 0.029411764705882353 0.06699346405228758
1 0.059640522875817 0.35375816993464054 0.05065359477124183 0.12581699346405228
1 0.031862745098039214 0.04820261437908497 0.049019607843137254 0.06535947712418301
1 0.11601307189542484 0.20179738562091504 0.04738562091503268 0.08333333333333333
1 0.20261437908496732 0.16176470588235295 0.029411764705882353 0.06699346405228758
1 0.29901960784313725 0.1968954248366013 0.03431372549019608 0.049019607843137254
1 0.33986928104575165 0.16993464052287582 0.032679738562091505 0.0784313725490196
1 0.3799019607843137 0.2173202614379085 0.07679738562091504 0.09640522875816994
1 0.45016339869281047 0.190359477124183 0.03594771241830065 0.11601307189542484
1 0.6241830065359477 0.3374183006535948 0.08496732026143791 0.44607843137254904
1 0.8709150326797386 0.3227124183006536 0.2581699346405229 0.4624183006535948
1 0.701797385620915 0.33088235294117646 0.17647058823529413 0.45588235294117646
1 0.30637254901960786 0.7794117647058824 0.6094771241830066 0.4411764705882353
1 0.8774509803921569 0.7769607843137255 0.08169934640522876 0.11601307189542484