1 0.5409967845659164 0.5361736334405145 0.06913183279742766 0.03536977491961415
1 0.4413183279742765 0.5040192926045016 0.11414790996784566 0.08842443729903537
1 0.3311897106109325 0.47186495176848875 0.09807073954983923 0.13504823151125403
1 0.4139871382636656 0.4405144694533762 0.10289389067524116 0.18488745980707397
1 0.5940514469453376 0.477491961414791 0.05787781350482315 0.15755627009646303
1 0.5209003215434084 0.46141479099678456 0.09163987138263666 0.13665594855305466
1 0.46141479099678456 0.3215434083601286 0.07717041800643087 0.14630225080385853
1 0.5546623794212219 0.3432475884244373 0.06752411575562701 0.11414790996784566
1 0.6077170418006431 0.3617363344051447 0.04180064308681672 0.09967845659163987
1 0.5578778135048231 0.25 0.0707395498392283 0.10771704180064309
1 0.5482315112540193 0.02572347266881029 0.05305466237942122 0.04983922829581994
1 0.5860128617363344 0.06832797427652733 0.024115755627009645 0.05787781350482315
1 0.5570739549839229 0.05305466237942122 0.017684887459807074 0.04662379421221865
1 0.407556270096463 0.2837620578778135 0.05466237942122187 0.12540192926045016
1 0.362540192926045 0.31511254019292606 0.03858520900321544 0.08520900321543408
1 0.22588424437299034 0.42765273311897106 0.06430868167202572 0.1720257234726688
1 0.2580385852090032 0.36816720257234725 0.03536977491961415 0.09807073954983923
1 0.2861736334405145 0.41559485530546625 0.05627009646302251 0.12540192926045016
1 0.342443729903537 0.3770096463022508 0.07877813504823152 0.08360128617363344
1 0.2652733118971061 0.2797427652733119 0.08360128617363344 0.1527331189710611
1 0.3183279742765273 0.3022508038585209 0.04019292604501608 0.07234726688102894
1 0.35932475884244375 0.23633440514469453 0.05627009646302251 0.11093247588424437
1 0.3159163987138264 0.22909967845659163 0.04180064308681672 0.09485530546623794
1 0.1414790996784566 0.44212218649517687 0.05787781350482315 0.13987138263665594
1 0.1414790996784566 0.35610932475884244 0.03215434083601286 0.06270096463022508
1 0.17684887459807075 0.3762057877813505 0.06430868167202572 0.14790996784565916
1 0.0594855305466238 0.48392282958199356 0.07234726688102894 0.07234726688102894
1 0.04662379421221865 0.43569131832797425 0.06913183279742766 0.08842443729903537
1 0.058681672025723476 0.3834405144694534 0.03376205787781351 0.06109324758842444
1 0.09083601286173633 0.3882636655948553 0.05627009646302251 0.11093247588424437
1 0.1752411575562701 0.2395498392282958 0.04823151125401929 0.10610932475884244
1 0.21061093247588425 0.2741157556270096 0.04340836012861737 0.09807073954983923
1 0.2877813504823151 0.18167202572347266 0.03376205787781351 0.07395498392282958
1 0.2427652733118971 0.20337620578778134 0.04662379421221865 0.08038585209003216
1 0.21945337620578778 0.16720257234726688 0.04662379421221865 0.08681672025723473
1 0.021704180064308683 0.3609324758842444 0.03215434083601286 0.08681672025723473
1 0.013665594855305467 0.4429260450160772 0.027331189710610933 0.08360128617363344
1 0.012861736334405145 0.46864951768488744 0.02572347266881029 0.09163987138263666
1 0.012861736334405145 0.47106109324758844 0.02572347266881029 0.08681672025723473
1 0.013665594855305467 0.3971061093247588 0.022508038585209004 0.08842443729903537
1 0.01929260450160772 0.33520900321543406 0.02572347266881029 0.1189710610932476
1 0.02491961414790997 0.32395498392282956 0.03376205787781351 0.09967845659163987
1 0.023311897106109324 0.41237942122186494 0.04662379421221865 0.20418006430868169
1 0.01045016077170418 0.43086816720257237 0.02090032154340836 0.09163987138263666
1 0.01045016077170418 0.47990353697749194 0.02090032154340836 0.06913183279742766
1 0.014469453376205787 0.39147909967845657 0.022508038585209004 0.09646302250803858
1 0.02491961414790997 0.31189710610932475 0.03215434083601286 0.09485530546623794
1 0.0297427652733119 0.2347266881028939 0.03215434083601286 0.12057877813504823
1 0.03054662379421222 0.22427652733118972 0.03376205787781351 0.10932475884244373
1 0.021704180064308683 0.2692926045016077 0.01607717041800643 0.05627009646302251
1 0.028135048231511254 0.2684887459807074 0.03215434083601286 0.1045016077170418
1 0.04581993569131833 0.2821543408360129 0.05787781350482315 0.10128617363344052
1 0.05707395498392283 0.33038585209003213 0.03697749196141479 0.06591639871382636
1 0.10771704180064309 0.2982315112540193 0.05305466237942122 0.12540192926045016
1 0.03135048231511254 0.18971061093247588 0.028938906752411574 0.09807073954983923
1 0.03456591639871383 0.09967845659163987 0.024115755627009645 0.11414790996784566
1 0.03536977491961415 0.10369774919614148 0.024115755627009645 0.09003215434083602
1 0.0297427652733119 0.17926045016077172 0.027331189710610933 0.15112540192926044
1 0.02572347266881029 0.25643086816720256 0.02572347266881029 0.08360128617363344
1 0.02090032154340836 0.2596463022508039 0.014469453376205787 0.05305466237942122
1 0.018488745980707395 0.30064308681672025 0.014469453376205787 0.04180064308681672
1 0.03858520900321544 0.07234726688102894 0.024115755627009645 0.08038585209003216
1 0.11173633440514469 0.014469453376205787 0.04983922829581994 0.028938906752411574
1 0.17845659163987138 0.15594855305466238 0.04823151125401929 0.08360128617363344
1 0.26768488745980706 0.12620578778135047 0.03215434083601286 0.06591639871382636
1 0.35771704180064307 0.17041800643086816 0.03536977491961415 0.04823151125401929
1 0.4003215434083601 0.14710610932475884 0.03376205787781351 0.07717041800643087
1 0.43488745980707394 0.1977491961414791 0.07877813504823152 0.09646302250803858
1 0.5064308681672026 0.17926045016077172 0.04019292604501608 0.11414790996784566
1 0.6615755627009646 0.3408360128617363 0.09967845659163987 0.4405144694533762
1 0.885048231511254 0.3512861736334405 0.22990353697749197 0.46141479099678456
1 0.7379421221864951 0.342443729903537 0.18810289389067525 0.4533762057877814
1 0.3062700964630225 0.7564308681672026 0.612540192926045 0.4871382636655949
1 0.8641479099678456 0.797427652733119 0.08520900321543408 0.1157556270096463