1 0.04874213836477988 0.8443396226415094 0.09748427672955975 0.25471698113207547
1 0.13443396226415094 0.8215408805031447 0.08018867924528301 0.17452830188679244
1 0.20361635220125787 0.8333333333333334 0.0770440251572327 0.1430817610062893
1 0.29323899371069184 0.9119496855345912 0.08962264150943396 0.1540880503144654
1 0.4992138364779874 0.8301886792452831 0.3191823899371069 0.33962264150943394
1 0.6871069182389937 0.8364779874213837 0.050314465408805034 0.13522012578616352
1 0.7751572327044025 0.8836477987421384 0.139937106918239 0.21226415094339623
1 0.8286163522012578 0.9551886792452831 0.09433962264150944 0.08962264150943396
1 0.9080188679245284 0.9544025157232704 0.0770440251572327 0.09119496855345911
1 0.8286163522012578 0.8050314465408805 0.07389937106918239 0.12578616352201258
1 0.8962264150943396 0.8577044025157232 0.0770440251572327 0.13050314465408805
1 0.8537735849056604 0.7389937106918238 0.07232704402515723 0.08962264150943396
1 0.7570754716981132 0.714622641509434 0.11635220125786164 0.1540880503144654
1 0.6501572327044025 0.6540880503144654 0.09748427672955975 0.14150943396226415
1 0.7311320754716981 0.6187106918238994 0.10062893081761007 0.18081761006289307
1 0.9308176100628931 0.664308176100629 0.10220125786163523 0.17295597484276728
1 0.8364779874213837 0.6383647798742138 0.08962264150943396 0.13364779874213836
1 0.7783018867924528 0.5023584905660378 0.07547169811320754 0.1430817610062893
1 0.8687106918238994 0.5235849056603774 0.0660377358490566 0.11163522012578617
1 0.9300314465408805 0.5416666666666666 0.05817610062893082 0.09905660377358491
1 0.9740566037735849 0.39072327044025157 0.05188679245283019 0.10849056603773585
1 0.8718553459119497 0.43238993710691825 0.06918238993710692 0.10534591194968554
1 0.8694968553459119 0.12342767295597484 0.05817610062893082 0.1289308176100629
1 0.89937106918239 0.25471698113207547 0.02358490566037736 0.05660377358490566
1 0.8710691823899371 0.2389937106918239 0.01729559748427673 0.04559748427672956
1 0.72562893081761 0.46540880503144655 0.05345911949685535 0.12264150943396226
1 0.6808176100628931 0.4960691823899371 0.03773584905660377 0.08333333333333333
1 0.5479559748427673 0.6061320754716981 0.06289308176100629 0.16823899371069181
1 0.5786163522012578 0.5471698113207547 0.03459119496855346 0.0959119496855346
1 0.6061320754716981 0.5943396226415094 0.055031446540880505 0.12264150943396226
1 0.6619496855345912 0.5566037735849056 0.0770440251572327 0.08176100628930817
1 0.5864779874213837 0.46147798742138363 0.08176100628930817 0.14937106918238993
1 0.6375786163522013 0.4827044025157233 0.03930817610062893 0.07075471698113207
1 0.6784591194968553 0.4190251572327044 0.055031446540880505 0.10849056603773585
1 0.6352201257861635 0.4119496855345912 0.040880503144654086 0.09276729559748427
1 0.46462264150943394 0.6194968553459119 0.05660377358490566 0.13679245283018868
1 0.46540880503144655 0.5361635220125787 0.031446540880503145 0.06132075471698113
1 0.4992138364779874 0.5550314465408805 0.06289308176100629 0.14465408805031446
1 0.3915094339622642 0.7507861635220126 0.055031446540880505 0.08647798742138364
1 0.3828616352201258 0.6863207547169812 0.07389937106918239 0.12106918238993711
1 0.3718553459119497 0.6139937106918238 0.06761006289308176 0.08647798742138364
1 0.3836477987421384 0.5628930817610063 0.0330188679245283 0.059748427672955975
1 0.4158805031446541 0.5676100628930818 0.055031446540880505 0.10849056603773585
1 0.49764150943396224 0.4221698113207547 0.04716981132075472 0.10377358490566038
1 0.5322327044025157 0.4559748427672956 0.04245283018867924 0.0959119496855346
1 0.6077044025157232 0.36477987421383645 0.0330188679245283 0.07232704402515723
1 0.5636792452830188 0.3860062893081761 0.04559748427672956 0.07861635220125786
1 0.5408805031446541 0.35062893081761004 0.04559748427672956 0.08490566037735849
1 0.3388364779874214 0.5400943396226415 0.04874213836477988 0.08647798742138364
1 0.3113207547169811 0.7099056603773585 0.050314465408805034 0.12578616352201258
1 0.31053459119496857 0.6187106918238994 0.04874213836477988 0.08333333333333333
1 0.24528301886792453 0.7334905660377359 0.07861635220125786 0.13364779874213836
1 0.19418238993710693 0.7248427672955975 0.03930817610062893 0.08490566037735849
1 0.26022012578616355 0.6501572327044025 0.055031446540880505 0.10849056603773585
1 0.21855345911949686 0.6430817610062893 0.05345911949685535 0.08962264150943396
1 0.24528301886792453 0.5691823899371069 0.04245283018867924 0.08647798742138364
1 0.28773584905660377 0.5110062893081762 0.04716981132075472 0.1179245283018868
1 0.22955974842767296 0.4960691823899371 0.06446540880503145 0.09905660377358491
1 0.17059748427672955 0.5817610062893082 0.0880503144654088 0.2059748427672956
1 0.11949685534591195 0.5943396226415094 0.03930817610062893 0.09119496855345911
1 0.11242138364779874 0.6910377358490566 0.10377358490566038 0.12421383647798742
1 0.07468553459119497 0.6415094339622641 0.04559748427672956 0.07232704402515723
1 0.0959119496855346 0.5526729559748428 0.04245283018867924 0.09433962264150944
1 0.10220125786163523 0.47562893081761004 0.06132075471698113 0.09433962264150944
1 0.03223270440251572 0.39544025157232704 0.059748427672955975 0.11949685534591195
1 0.25 0.4009433962264151 0.06132075471698113 0.10849056603773585
1 0.2806603773584906 0.44575471698113206 0.031446540880503145 0.05660377358490566
1 0.3238993710691824 0.4488993710691824 0.059748427672955975 0.10377358490566038
1 0.3710691823899371 0.4630503144654088 0.05660377358490566 0.09905660377358491
1 0.3828616352201258 0.5110062893081762 0.036163522012578615 0.06446540880503145
1 0.43238993710691825 0.47955974842767296 0.05188679245283019 0.12264150943396226
1 0.33490566037735847 0.37264150943396224 0.05345911949685535 0.09748427672955975
1 0.3136792452830189 0.28223270440251574 0.0440251572327044 0.11163522012578617
1 0.3466981132075472 0.2893081761006289 0.04559748427672956 0.08962264150943396
1 0.20833333333333334 0.35377358490566035 0.04874213836477988 0.14937106918238993
1 0.15880503144654087 0.42452830188679247 0.04559748427672956 0.08333333333333333
1 0.19732704402515724 0.4308176100628931 0.02830188679245283 0.05345911949685535
1 0.19339622641509435 0.4716981132075472 0.02830188679245283 0.04245283018867924
1 0.25157232704402516 0.2507861635220126 0.04716981132075472 0.08018867924528301
1 0.4371069182389937 0.16823899371069181 0.05188679245283019 0.0959119496855346
1 0.5007861635220126 0.34040880503144655 0.04716981132075472 0.08176100628930817
1 0.5880503144654088 0.31053459119496857 0.031446540880503145 0.06446540880503145
1 0.6768867924528302 0.35377358490566035 0.03459119496855346 0.04716981132075472
1 0.7185534591194969 0.33176100628930816 0.0330188679245283 0.07547169811320754
1 0.7515723270440252 0.3812893081761006 0.0770440251572327 0.09433962264150944
1 0.8215408805031447 0.36242138364779874 0.03930817610062893 0.11163522012578617