1 0.11446886446886446 0.2893772893772894 0.22893772893772893 0.5787545787545788
1 0.14926739926739926 0.27472527472527475 0.29853479853479853 0.47619047619047616
1 0.6694139194139194 0.27289377289377287 0.32234432234432236 0.4633699633699634
1 0.3324175824175824 0.5027472527472527 0.10256410256410256 0.16666666666666666
1 0.8269230769230769 0.022893772893772892 0.06776556776556776 0.02564102564102564
1 0.8974358974358975 0.023809523809523808 0.04395604395604396 0.02197802197802198
1 0.3131868131868132 0.007326007326007326 0.02564102564102564 0.014652014652014652
1 0.31227106227106227 0.005494505494505495 0.023809523809523808 0.01098901098901099
1 0.43223443223443225 0.0018315018315018315 0.06227106227106227 0.003663003663003663
1 0.565018315018315 0.010073260073260074 0.04395604395604396 0.018315018315018316
1 0.21062271062271062 0.9743589743589743 0.05311355311355311 0.03296703296703297
1 0.260989010989011 0.9093406593406593 0.02197802197802198 0.16483516483516483
1 0.20604395604395603 0.9304029304029304 0.04212454212454213 0.10073260073260074
1 0.2326007326007326 0.88003663003663 0.04212454212454213 0.1391941391941392
1 0.01098901098901099 0.9633699633699634 0.02197802197802198 0.040293040293040296
1 0.08333333333333333 0.9597069597069597 0.03663003663003663 0.05311355311355311
1 0.14102564102564102 0.9642857142857143 0.0347985347985348 0.04945054945054945
1 0.15567765567765568 0.9102564102564102 0.03296703296703297 0.07875457875457875
1 0.10164835164835165 0.924908424908425 0.038461538461538464 0.07692307692307693
1 0.12637362637362637 0.9093406593406593 0.031135531135531136 0.09523809523809523
1 0.0641025641025641 0.9010989010989011 0.03663003663003663 0.10073260073260074
1 0.022893772893772892 0.9047619047619048 0.045787545787545784 0.10989010989010989
1 0.00641025641025641 0.8690476190476191 0.01282051282051282 0.14835164835164835
1 0.11263736263736264 0.8086080586080586 0.04395604395604396 0.1282051282051282
1 0.022893772893772892 0.7793040293040293 0.040293040293040296 0.10805860805860806
1 0.06043956043956044 0.7417582417582418 0.040293040293040296 0.08974358974358974
1 0.024725274725274724 0.6684981684981685 0.040293040293040296 0.10622710622710622
1 0.15476190476190477 0.7582417582417582 0.05128205128205128 0.13736263736263737
1 0.18772893772893773 0.8470695970695971 0.03663003663003663 0.07142857142857142
1 0.2673992673992674 0.7298534798534798 0.018315018315018316 0.047619047619047616
1 0.23443223443223443 0.73992673992674 0.0347985347985348 0.09157509157509157
1 0.2078754578754579 0.7884615384615384 0.029304029304029304 0.06043956043956044
1 0.1794871794871795 0.7445054945054945 0.023809523809523808 0.054945054945054944
1 0.15293040293040294 0.6648351648351648 0.027472527472527472 0.07142857142857142
1 0.10164835164835165 0.6620879120879121 0.03663003663003663 0.09340659340659341
1 0.6968864468864469 0.924908424908425 0.5805860805860806 0.15018315018315018