1 0.08940972222222222 0.2786458333333333 0.17881944444444445 0.5086805555555556
1 0.12065972222222222 0.2439236111111111 0.24131944444444445 0.4496527777777778
1 0.5824652777777778 0.2048611111111111 0.3177083333333333 0.4097222222222222
1 0.2873263888888889 0.4357638888888889 0.10243055555555555 0.1597222222222222
1 0.0798611111111111 0.9869791666666666 0.052083333333333336 0.026041666666666668
1 0.11197916666666667 0.9704861111111112 0.03993055555555555 0.059027777777777776
1 0.15364583333333334 0.9791666666666666 0.036458333333333336 0.041666666666666664
1 0.1779513888888889 0.9652777777777778 0.036458333333333336 0.06944444444444445
1 0.203125 0.9539930555555556 0.03819444444444445 0.0920138888888889
1 0.2230902777777778 0.9348958333333334 0.05555555555555555 0.11631944444444445
1 0.2595486111111111 0.9661458333333334 0.043402777777777776 0.06770833333333333
1 0.2612847222222222 0.8359375 0.027777777777777776 0.1753472222222222
1 0.2109375 0.8515625 0.043402777777777776 0.0954861111111111
1 0.2309027777777778 0.8012152777777778 0.043402777777777776 0.13194444444444445
1 0.035590277777777776 0.9279513888888888 0.019097222222222224 0.08680555555555555
1 0.10069444444444445 0.9079861111111112 0.03819444444444445 0.08333333333333333
1 0.15538194444444445 0.9157986111111112 0.03819444444444445 0.09722222222222222
1 0.16145833333333334 0.8376736111111112 0.034722222222222224 0.07465277777777778
1 0.11197916666666667 0.8567708333333334 0.03993055555555555 0.07291666666666667
1 0.13368055555555555 0.8394097222222222 0.03298611111111111 0.0920138888888889
1 0.07465277777777778 0.8376736111111112 0.03819444444444445 0.0954861111111111
1 0.0390625 0.8446180555555556 0.03993055555555555 0.10416666666666667
1 0.1111111111111111 0.7465277777777778 0.046875 0.12152777777777778
1 0.027777777777777776 0.7265625 0.03298611111111111 0.10243055555555555
1 0.05555555555555555 0.6883680555555556 0.03993055555555555 0.08506944444444445
1 0.019097222222222224 0.6215277777777778 0.03125 0.10069444444444445
1 0.14583333333333334 0.6944444444444444 0.052083333333333336 0.13194444444444445
1 0.18489583333333334 0.7751736111111112 0.03819444444444445 0.06770833333333333
1 0.24913194444444445 0.6571180555555556 0.019097222222222224 0.046875
1 0.21875 0.6692708333333334 0.034722222222222224 0.08680555555555555
1 0.1987847222222222 0.7178819444444444 0.029513888888888888 0.057291666666666664
1 0.1675347222222222 0.6788194444444444 0.024305555555555556 0.05381944444444445
1 0.13541666666666666 0.6067708333333334 0.029513888888888888 0.06944444444444445
1 0.0859375 0.609375 0.036458333333333336 0.08854166666666667
1 0.9618055555555556 0.9071180555555556 0.0763888888888889 0.1267361111111111
1 0.6927083333333334 0.8576388888888888 0.5902777777777778 0.2847222222222222