1 0.025528169014084508 0.323943661971831 0.051056338028169015 0.647887323943662
1 0.19190140845070422 0.32922535211267606 0.2676056338028169 0.6584507042253521
1 0.03169014084507042 0.3829225352112676 0.06338028169014084 0.5334507042253521
1 0.4533450704225352 0.33274647887323944 0.1954225352112676 0.6654929577464789
1 0.7403169014084507 0.5880281690140845 0.11443661971830986 0.176056338028169
1 0.9753521126760564 0.5783450704225352 0.04929577464788732 0.20950704225352113
1 0.8538732394366197 0.6390845070422535 0.11267605633802817 0.08098591549295775
1 0.15669014084507044 0.7852112676056338 0.31338028169014087 0.2746478873239437
1 0.7570422535211268 0.9163732394366197 0.2992957746478873 0.16725352112676056
1 0.909330985915493 0.6998239436619719 0.06690140845070422 0.04225352112676056
1 0.9744718309859155 0.7007042253521126 0.03873239436619718 0.03873239436619718
1 0.3670774647887324 0.6804577464788732 0.02640845070422535 0.03873239436619718
1 0.36619718309859156 0.6786971830985915 0.02464788732394366 0.035211267605633804
1 0.5308098591549296 0.6778169014084507 0.05985915492957746 0.02464788732394366
1 0.6549295774647887 0.7808098591549296 0.045774647887323945 0.06514084507042253