1 0.26182432432432434 0.3403716216216216 0.5236486486486487 0.6807432432432432
1 0.07432432432432433 0.3530405405405405 0.14864864864864866 0.6554054054054054
1 0.5515202702702703 0.3910472972972973 0.10810810810810811 0.24493243243243243
1 0.5430743243243243 0.575168918918919 0.05912162162162162 0.14189189189189189
1 0.5084459459459459 0.056587837837837836 0.060810810810810814 0.11317567567567567
1 0.4983108108108108 0.06165540540540541 0.04054054054054054 0.12331081081081081
1 0.527027027027027 0.15287162162162163 0.0945945945945946 0.27533783783783783
1 0.8547297297297297 0.3597972972972973 0.08783783783783784 0.24324324324324326
1 0.6503378378378378 0.3918918918918919 0.10135135135135136 0.1875
1 0.5557432432432432 0.581081081081081 0.08108108108108109 0.13006756756756757
1 0.5971283783783784 0.11655405405405406 0.08277027027027027 0.23310810810810811
1 0.5118243243243243 0.09881756756756757 0.06756756756756757 0.19763513513513514
1 0.6537162162162162 0.02195945945945946 0.06756756756756757 0.04391891891891892
1 0.7280405405405406 0.07516891891891891 0.09121621621621621 0.15033783783783783
1 0.5304054054054054 0.39611486486486486 0.06756756756756757 0.2939189189189189
1 0.6646959459459459 0.04054054054054054 0.07601351351351351 0.08108108108108109
1 0.5295608108108109 0.32432432432432434 0.08614864864864864 0.43074324324324326
1 0.6114864864864865 0.597972972972973 0.09628378378378379 0.08952702702702703
1 0.7027027027027027 0.28885135135135137 0.07094594594594594 0.14189189189189189
1 0.5261824324324325 0.43665540540540543 0.048986486486486486 0.22297297297297297
1 0.9375 0.4501689189189189 0.125 0.33952702702702703
1 0.5084459459459459 0.10810810810810811 0.060810810810810814 0.21621621621621623
1 0.6613175675675675 0.18158783783783783 0.0777027027027027 0.22128378378378377
1 0.7440878378378378 0.13851351351351351 0.08614864864864864 0.27702702702702703
1 0.6393581081081081 0.5202702702702703 0.11655405405405406 0.24155405405405406
1 0.5253378378378378 0.21030405405405406 0.08277027027027027 0.28378378378378377
1 0.5084459459459459 0.07939189189189189 0.060810810810810814 0.15878378378378377
1 0.5329391891891891 0.24662162162162163 0.09628378378378379 0.32432432432432434
1 0.6317567567567568 0.010135135135135136 0.07094594594594594 0.02027027027027027
1 0.7347972972972973 0.625 0.09628378378378379 0.018581081081081082
1 0.5633445945945946 0.5599662162162162 0.10304054054054054 0.17229729729729729
1 0.7947635135135135 0.03209459459459459 0.05912162162162162 0.06418918918918919
1 0.8530405405405406 0.02195945945945946 0.060810810810810814 0.04391891891891892
1 0.910472972972973 0.13344594594594594 0.11824324324324324 0.2668918918918919
1 0.9484797297297297 0.1258445945945946 0.06925675675675676 0.2516891891891892
1 0.9121621621621622 0.007601351351351352 0.06418918918918919 0.015202702702702704
1 0.8032094594594594 0.5084459459459459 0.07601351351351351 0.22466216216216217
1 0.7339527027027027 0.4704391891891892 0.08952702702702703 0.2922297297297297
1 0.27871621621621623 0.8226351351351351 0.5371621621621622 0.3547297297297297