1 0.04435483870967742 0.16774193548387098 0.08870967741935484 0.2645161290322581
1 0.3725806451612903 0.14758064516129032 0.20806451612903226 0.2903225806451613
1 0.05725806451612903 0.08387096774193549 0.11451612903225807 0.1032258064516129
1 0.1879032258064516 0.06290322580645161 0.13870967741935483 0.08548387096774193
1 0.2879032258064516 0.05403225806451613 0.09032258064516129 0.08064516129032258
1 0.11935483870967742 0.4508064516129032 0.06935483870967742 0.12741935483870967
1 0.10725806451612903 0.5201612903225806 0.05967741935483871 0.17258064516129032
1 0.07016129032258064 0.582258064516129 0.07903225806451612 0.23387096774193547
1 0.2870967741935484 0.3967741935483871 0.041935483870967745 0.0467741935483871
1 0.20403225806451614 0.45161290322580644 0.09838709677419355 0.14516129032258066
1 0.275 0.4645161290322581 0.05967741935483871 0.18064516129032257
1 0.24838709677419354 0.5556451612903226 0.02903225806451613 0.08064516129032258
1 0.21370967741935484 0.6758064516129032 0.04838709677419355 0.14838709677419354
1 0.15564516129032258 0.5475806451612903 0.04032258064516129 0.11774193548387096
1 0.21935483870967742 0.5620967741935484 0.04516129032258064 0.10483870967741936
1 0.1685483870967742 0.6637096774193548 0.056451612903225805 0.16774193548387098
1 0.14112903225806453 0.714516129032258 0.05806451612903226 0.16774193548387098
1 0.0717741935483871 0.7596774193548387 0.06774193548387097 0.14193548387096774
1 0.3790322580645161 0.40241935483870966 0.06612903225806452 0.07580645161290323
1 0.3225806451612903 0.39838709677419354 0.043548387096774194 0.056451612903225805
1 0.32016129032258067 0.43629032258064515 0.056451612903225805 0.12580645161290321
1 0.4346774193548387 0.37661290322580643 0.037096774193548385 0.03387096774193549
1 0.47419354838709676 0.36935483870967745 0.024193548387096774 0.024193548387096774
1 0.46774193548387094 0.4314516129032258 0.05806451612903226 0.14838709677419354
1 0.4338709677419355 0.4282258064516129 0.041935483870967745 0.12741935483870967
1 0.40483870967741936 0.43870967741935485 0.04516129032258064 0.12258064516129032
1 0.3717741935483871 0.4975806451612903 0.041935483870967745 0.11290322580645161
1 0.3209677419354839 0.5959677419354839 0.04516129032258064 0.12741935483870967
1 0.2830645161290323 0.6201612903225806 0.04516129032258064 0.11129032258064517
1 0.49516129032258066 0.5862903225806452 0.03064516129032258 0.1532258064516129
1 0.41451612903225804 0.5580645161290323 0.04516129032258064 0.13709677419354838
1 0.45 0.5419354838709678 0.05161290322580645 0.11290322580645161
1 0.3814516129032258 0.6056451612903225 0.04838709677419355 0.1338709677419355
1 0.34919354838709676 0.6620967741935484 0.041935483870967745 0.11451612903225807
1 0.2709677419354839 0.6975806451612904 0.06290322580645161 0.12903225806451613
1 0.2346774193548387 0.7701612903225806 0.04838709677419355 0.09516129032258064
1 0.07096774193548387 0.839516129032258 0.06774193548387097 0.11935483870967742
1 0.4596774193548387 0.6483870967741936 0.04838709677419355 0.15483870967741936
1 0.425 0.6725806451612903 0.05 0.12580645161290321
1 0.5201612903225806 0.8483870967741935 0.027419354838709678 0.1532258064516129
1 0.39919354838709675 0.7975806451612903 0.03387096774193549 0.10483870967741936
1 0.4467741935483871 0.7620967741935484 0.03870967741935484 0.07096774193548387
1 0.47096774193548385 0.8403225806451613 0.043548387096774194 0.1064516129032258
1 0.27741935483870966 0.8233870967741935 0.037096774193548385 0.09516129032258064
1 0.24274193548387096 0.8435483870967742 0.035483870967741936 0.07419354838709677
1 0.17903225806451614 0.8806451612903226 0.03064516129032258 0.08387096774193549
1 0.12580645161290321 0.8169354838709677 0.05 0.10806451612903226
1 0.19112903225806452 0.7943548387096774 0.04032258064516129 0.09032258064516129
1 0.38467741935483873 0.9548387096774194 0.03064516129032258 0.08387096774193549
1 0.36693548387096775 0.9830645161290322 0.024193548387096774 0.03387096774193549
1 0.5 0.7524193548387097 0.037096774193548385 0.09516129032258064
1 0.4137096774193548 0.9758064516129032 0.020967741935483872 0.04838709677419355
1 0.3741935483870968 0.8669354838709677 0.027419354838709678 0.08225806451612903
1 0.4080645161290323 0.8959677419354839 0.025806451612903226 0.07096774193548387
1 0.36532258064516127 0.7790322580645161 0.02258064516129032 0.06290322580645161
1 0.5153225806451613 0.9459677419354838 0.03064516129032258 0.07741935483870968
1 0.4814516129032258 0.9403225806451613 0.03387096774193549 0.08709677419354839
1 0.29758064516129035 0.9854838709677419 0.024193548387096774 0.02903225806451613
1 0.4459677419354839 0.9185483870967742 0.043548387096774194 0.1064516129032258
1 0.12419354838709677 0.917741935483871 0.027419354838709678 0.07903225806451612
1 0.14596774193548387 0.9459677419354838 0.02258064516129032 0.06451612903225806
1 0.20080645161290323 0.8709677419354839 0.03064516129032258 0.07096774193548387
1 0.22580645161290322 0.8870967741935484 0.03064516129032258 0.07580645161290323
1 0.2467741935483871 0.9129032258064517 0.03064516129032258 0.06774193548387097
1 0.29274193548387095 0.8935483870967742 0.020967741935483872 0.056451612903225805
1 0.3258064516129032 0.8443548387096774 0.035483870967741936 0.07419354838709677
1 0.31693548387096776 0.7758064516129032 0.017741935483870968 0.056451612903225805
1 0.06048387096774194 0.9233870967741935 0.02258064516129032 0.05806451612903226
1 0.07419354838709677 0.9508064516129032 0.02903225806451613 0.07580645161290323
1 0.12016129032258065 0.9588709677419355 0.024193548387096774 0.0532258064516129
1 0.10161290322580645 0.9620967741935483 0.017741935483870968 0.04516129032258064
1 0.16532258064516128 0.9145161290322581 0.02903225806451613 0.07903225806451612
1 0.20080645161290323 0.964516129032258 0.020967741935483872 0.07096774193548387
1 0.13629032258064516 0.9870967741935484 0.017741935483870968 0.025806451612903226
1 0.07258064516129033 0.9919354838709677 0.02903225806451613 0.016129032258064516
1 0.3241935483870968 0.9330645161290323 0.02258064516129032 0.056451612903225805
1 0.3370967741935484 0.9112903225806451 0.020967741935483872 0.043548387096774194
1 0.35080645161290325 0.8798387096774194 0.025806451612903226 0.06129032258064516
1 0.34596774193548385 0.9556451612903226 0.027419354838709678 0.07258064516129033
1 0.3879032258064516 0.9983870967741936 0.020967741935483872 0.0032258064516129032
1 0.04838709677419355 0.9806451612903225 0.01935483870967742 0.03870967741935484
1 0.18225806451612903 0.9887096774193549 0.03225806451612903 0.02258064516129032
1 0.12016129032258065 0.9911290322580645 0.024193548387096774 0.017741935483870968
1 0.7419354838709677 0.6370967741935484 0.5161290322580645 0.6483870967741936