1 0.07764505119453925 0.21331058020477817 0.14846416382252559 0.42662116040955633
1 0.4052901023890785 0.3447098976109215 0.12627986348122866 0.19965870307167236
1 0.5426621160409556 0.3609215017064846 0.13993174061433447 0.1825938566552901
1 0.1561433447098976 0.3515358361774744 0.09385665529010238 0.15870307167235495
1 0.22866894197952217 0.33447098976109213 0.07508532423208192 0.1621160409556314
1 0.310580204778157 0.3122866894197952 0.09726962457337884 0.18088737201365188
1 0.7098976109215017 0.08873720136518772 0.1825938566552901 0.16552901023890784
1 0.45733788395904434 0.7064846416382252 0.14846416382252559 0.5273037542662116
1 0.13651877133105803 0.7047781569965871 0.21160409556313994 0.5614334470989761
1 0.017918088737201365 0.6348122866894198 0.03583617747440273 0.3856655290102389
1 0.30802047781569963 0.6220136518771331 0.10580204778156997 0.37372013651877134
1 0.7696245733788396 0.8643344709897611 0.3378839590443686 0.2713310580204778
1 0.8438566552901023 0.8020477815699659 0.09897610921501707 0.09726962457337884