1 0.34838709677419355 0.29596774193548386 0.25 0.4532258064516129
1 0.05967741935483871 0.2854838709677419 0.11935483870967742 0.4596774193548387
1 0.02258064516129032 0.2540322580645161 0.04032258064516129 0.21774193548387097
1 0.028225806451612902 0.25564516129032255 0.05161290322580645 0.18064516129032257
1 0.18387096774193548 0.2508064516129032 0.08387096774193549 0.15806451612903225
1 0.11693548387096774 0.275 0.06612903225806452 0.15161290322580645
1 0.041935483870967745 0.29758064516129035 0.08064516129032258 0.16774193548387098
1 0.016129032258064516 0.2669354838709677 0.027419354838709678 0.1774193548387097
1 0.32741935483870965 0.6233870967741936 0.1629032258064516 0.21129032258064517
1 0.7798387096774193 0.7903225806451613 0.43709677419354837 0.41935483870967744
1 0.4959677419354839 0.8330645161290322 0.07580645161290323 0.23870967741935484