1 0.39013840830449825 0.42993079584775085 0.07785467128027682 0.185121107266436
1 0.4420415224913495 0.4541522491349481 0.05709342560553633 0.16608996539792387
1 0.4982698961937716 0.4515570934256055 0.07439446366782007 0.14878892733564014
1 0.5605536332179931 0.4359861591695502 0.058823529411764705 0.14705882352941177
1 0.4602076124567474 0.02249134948096886 0.07612456747404844 0.04498269896193772
1 0.5311418685121108 0.029411764705882353 0.05190311418685121 0.058823529411764705
1 0.71280276816609 0.04152249134948097 0.06228373702422145 0.058823529411764705
1 0.7941176470588235 0.039792387543252594 0.0726643598615917 0.04671280276816609
1 0.9775086505190311 0.10034602076124567 0.04498269896193772 0.1384083044982699
1 0.865916955017301 0.185121107266436 0.05709342560553633 0.17993079584775087
1 0.7716262975778547 0.1046712802768166 0.06920415224913495 0.16608996539792387
1 0.8088235294117647 0.19463667820069205 0.04671280276816609 0.15570934256055363
1 0.9368512110726643 0.19982698961937717 0.08650519031141868 0.18685121107266436
1 0.9515570934256056 0.31833910034602075 0.04498269896193772 0.0847750865051903
1 0.9783737024221453 0.4013840830449827 0.04325259515570934 0.1903114186851211
1 0.828719723183391 0.30017301038062283 0.06228373702422145 0.10380622837370242
1 0.8762975778546713 0.3737024221453287 0.06228373702422145 0.13321799307958476
1 0.8252595155709342 0.38408304498269896 0.04844290657439446 0.10207612456747404
1 0.8944636678200693 0.43858131487889274 0.04152249134948097 0.08996539792387544
1 0.9636678200692042 0.5060553633217993 0.04671280276816609 0.09169550173010381
1 0.8970588235294118 0.6020761245674741 0.050173010380622836 0.11072664359861592
1 0.9307958477508651 0.6038062283737025 0.039792387543252594 0.0847750865051903
1 0.9524221453287197 0.5761245674740484 0.04325259515570934 0.08996539792387544
1 0.9801038062283737 0.5891003460207612 0.03460207612456748 0.08823529411764706
1 0.9801038062283737 0.6721453287197232 0.02249134948096886 0.0847750865051903
1 0.8918685121107266 0.6643598615916955 0.04325259515570934 0.06747404844290658
1 0.6401384083044983 0.08910034602076125 0.07958477508650519 0.16608996539792387
1 0.7041522491349481 0.12370242214532871 0.06401384083044982 0.14013840830449828
1 0.7413494809688581 0.2837370242214533 0.07958477508650519 0.18858131487889274
1 0.7093425605536332 0.3780276816608997 0.05190311418685121 0.12629757785467127
1 0.6539792387543253 0.30103806228373703 0.08996539792387544 0.18166089965397925
1 0.5717993079584776 0.24048442906574394 0.08650519031141868 0.25432525951557095
1 0.4688581314878893 0.078719723183391 0.04844290657439446 0.10380622837370242
1 0.2041522491349481 0.0034602076124567475 0.07612456747404844 0.006920415224913495
1 0.09602076124567474 0.09948096885813149 0.13321799307958476 0.19896193771626297
1 0.24480968858131488 0.08217993079584775 0.06401384083044982 0.1643598615916955
1 0.393598615916955 0.12889273356401384 0.08996539792387544 0.2508650519031142
1 0.31228373702422146 0.1046712802768166 0.08823529411764706 0.2093425605536332
1 0.25 0.2491349480968858 0.07785467128027682 0.1695501730103806
1 0.3217993079584775 0.291522491349481 0.07958477508650519 0.19550173010380623
1 0.38408304498269896 0.2690311418685121 0.07093425605536333 0.15916955017301038
1 0.4455017301038062 0.23529411764705882 0.06747404844290658 0.21280276816608998
1 0.486159169550173 0.263840830449827 0.06055363321799308 0.23356401384083045
1 0.14100346020761245 0.2664359861591695 0.06228373702422145 0.2093425605536332
1 0.27941176470588236 0.36678200692041524 0.05190311418685121 0.12802768166089964
1 0.18771626297577854 0.2958477508650519 0.06747404844290658 0.19550173010380623
1 0.06401384083044982 0.29238754325259514 0.08131487889273356 0.17647058823529413
1 0.0726643598615917 0.39965397923875434 0.029411764705882353 0.0657439446366782
1 0.03546712802768166 0.4083044982698962 0.04844290657439446 0.07785467128027682
1 0.056228373702422146 0.49740484429065746 0.058823529411764705 0.1384083044982699
1 0.10294117647058823 0.4818339100346021 0.04152249134948097 0.10207612456747404
1 0.28460207612456745 0.551038062283737 0.0726643598615917 0.2664359861591695
1 0.22577854671280276 0.527681660899654 0.0726643598615917 0.22491349480968859
1 0.3486159169550173 0.5397923875432526 0.05709342560553633 0.15051903114186851
1 0.3961937716262976 0.5544982698961938 0.05190311418685121 0.1245674740484429
1 0.5891003460207612 0.48961937716262977 0.04152249134948097 0.10380622837370242
1 0.6228373702422145 0.4134948096885813 0.05536332179930796 0.10207612456747404
1 0.629757785467128 0.4826989619377163 0.03633217993079585 0.0847750865051903
1 0.6565743944636678 0.4982698961937716 0.03633217993079585 0.11072664359861592
1 0.6790657439446367 0.5155709342560554 0.039792387543252594 0.11937716262975778
1 0.698961937716263 0.5484429065743944 0.05709342560553633 0.11764705882352941
1 0.7378892733564014 0.4844290657439446 0.04671280276816609 0.1314878892733564
1 0.7967128027681661 0.5017301038062284 0.08304498269896193 0.18685121107266436
1 0.8442906574394463 0.47058823529411764 0.04844290657439446 0.08650519031141868
1 0.870242214532872 0.5216262975778547 0.0328719723183391 0.0847750865051903
1 0.8970588235294118 0.5147058823529411 0.031141868512110725 0.06920415224913495
1 0.9256055363321799 0.4593425605536332 0.05536332179930796 0.12629757785467127
1 0.8347750865051903 0.5795847750865052 0.03806228373702422 0.10207612456747404
1 0.8520761245674741 0.6366782006920415 0.04844290657439446 0.10207612456747404
1 0.8053633217993079 0.6479238754325259 0.04498269896193772 0.09688581314878893
1 0.7577854671280276 0.6487889273356401 0.06920415224913495 0.17647058823529413
1 0.6868512110726643 0.6314878892733564 0.04325259515570934 0.09515570934256055
1 0.7067474048442907 0.6816608996539792 0.04325259515570934 0.1314878892733564
1 0.754325259515571 0.8062283737024222 0.04152249134948097 0.14705882352941177
1 0.78719723183391 0.7906574394463668 0.03633217993079585 0.09169550173010381
1 0.8105536332179931 0.8157439446366782 0.04498269896193772 0.15051903114186851
1 0.8546712802768166 0.7119377162629758 0.031141868512110725 0.0657439446366782
1 0.7915224913494809 0.7136678200692042 0.025951557093425604 0.058823529411764705
1 0.9480968858131488 0.6920415224913494 0.05363321799307959 0.1245674740484429
1 0.8927335640138409 0.7664359861591695 0.06055363321799308 0.12110726643598616
1 0.9221453287197232 0.8105536332179931 0.02249134948096886 0.06228373702422145
1 0.9420415224913494 0.7794117647058824 0.029411764705882353 0.058823529411764705
1 0.006920415224913495 0.5761245674740484 0.01384083044982699 0.11072664359861592
1 0.03200692041522491 0.653114186851211 0.06401384083044982 0.14705882352941177
1 0.9602076124567474 0.860726643598616 0.03460207612456748 0.08131487889273356
1 0.9697231833910035 0.777681660899654 0.029411764705882353 0.07785467128027682
1 0.8961937716262975 0.8641868512110726 0.029411764705882353 0.0657439446366782
1 0.4342560553633218 0.6349480968858131 0.04325259515570934 0.14013840830449828
1 0.49567474048442905 0.5553633217993079 0.05190311418685121 0.08996539792387544
1 0.5761245674740484 0.5752595155709342 0.03806228373702422 0.08304498269896193
1 0.6314878892733564 0.5683391003460208 0.03806228373702422 0.09688581314878893
1 0.6375432525951558 0.6453287197231834 0.03460207612456748 0.07439446366782007
1 0.5873702422145328 0.6262975778546713 0.039792387543252594 0.0726643598615917
1 0.6098615916955017 0.643598615916955 0.0328719723183391 0.09169550173010381
1 0.5501730103806228 0.6453287197231834 0.03806228373702422 0.09515570934256055
1 0.5086505190311419 0.6375432525951558 0.05536332179930796 0.10380622837370242
1 0.4749134948096886 0.6660899653979239 0.05709342560553633 0.14359861591695502
1 0.3780276816608997 0.6730103806228374 0.058823529411764705 0.1245674740484429
1 0.33391003460207613 0.6799307958477508 0.04498269896193772 0.1314878892733564
1 0.2975778546712803 0.736159169550173 0.05190311418685121 0.12629757785467127
1 0.2629757785467128 0.7205882352941176 0.03806228373702422 0.08823529411764706
1 0.21193771626297578 0.6678200692041523 0.05190311418685121 0.08823529411764706
1 0.22577854671280276 0.7586505190311419 0.04498269896193772 0.09688581314878893
1 0.3391003460207612 0.782871972318339 0.0328719723183391 0.08823529411764706
1 0.43685121107266434 0.78719723183391 0.04498269896193772 0.09342560553633218
1 0.5865051903114187 0.7370242214532872 0.04671280276816609 0.11937716262975778
1 0.4991349480968858 0.7560553633217993 0.04152249134948097 0.10207612456747404
1 0.5311418685121108 0.7941176470588235 0.039792387543252594 0.0847750865051903
1 0.49048442906574397 0.8598615916955017 0.04152249134948097 0.10207612456747404
1 0.6211072664359861 0.7889273356401384 0.05190311418685121 0.1314878892733564
1 0.6608996539792388 0.7084775086505191 0.03806228373702422 0.06747404844290658
1 0.726643598615917 0.8261245674740484 0.02422145328719723 0.04671280276816609
1 0.6937716262975778 0.8140138408304498 0.03460207612456748 0.0847750865051903
1 0.6738754325259516 0.7655709342560554 0.029411764705882353 0.05709342560553633
1 0.643598615916955 0.8036332179930796 0.02422145328719723 0.05363321799307959
1 0.7621107266435986 0.8961937716262975 0.02768166089965398 0.06920415224913495
1 0.7854671280276817 0.8884083044982699 0.031141868512110725 0.07439446366782007
1 0.8546712802768166 0.8624567474048442 0.05190311418685121 0.08996539792387544
1 0.610726643598616 0.8762975778546713 0.029411764705882353 0.06920415224913495
1 0.5614186851211073 0.8737024221453287 0.03633217993079585 0.08823529411764706