1 0.9516393442622951 0.9278688524590164 0.05245901639344262 0.11475409836065574
1 0.9975409836065574 0.9016393442622951 0.004918032786885246 0.12459016393442623
1 0.9155737704918033 0.5959016393442623 0.040983606557377046 0.14590163934426228
1 0.9688524590163935 0.5688524590163935 0.027868852459016394 0.11967213114754098
1 0.4245901639344262 0.9540983606557377 0.04590163934426229 0.09180327868852459
1 0.510655737704918 0.919672131147541 0.05737704918032787 0.16065573770491803
1 0.5606557377049181 0.85 0.03442622950819672 0.1377049180327869
1 0.6926229508196722 0.9098360655737705 0.03770491803278689 0.16885245901639345
1 0.8491803278688524 0.8844262295081967 0.040983606557377046 0.17868852459016393
1 0.8254098360655737 0.7475409836065574 0.04426229508196721 0.10819672131147541
1 0.8491803278688524 0.7131147540983607 0.03114754098360656 0.10655737704918032
1 0.8885245901639345 0.8270491803278689 0.03442622950819672 0.14754098360655737
1 0.7491803278688525 0.6237704918032787 0.04262295081967213 0.16065573770491803
1 0.42295081967213116 0.8131147540983606 0.047540983606557376 0.18032786885245902
1 0.4532786885245902 0.8016393442622951 0.03770491803278689 0.14098360655737704
1 0.5073770491803279 0.7598360655737705 0.03770491803278689 0.14262295081967213
1 0.5901639344262295 0.7926229508196722 0.04426229508196721 0.16557377049180327
1 0.521311475409836 0.6918032786885245 0.03442622950819672 0.1180327868852459
1 0.30245901639344264 0.9385245901639344 0.047540983606557376 0.12295081967213115
1 0.16311475409836065 0.9598360655737705 0.03770491803278689 0.08032786885245902
1 0.10737704918032787 0.9172131147540984 0.03770491803278689 0.12950819672131147
1 0.04918032786885246 0.9770491803278688 0.04262295081967213 0.04590163934426229
1 0.2827868852459016 0.6221311475409836 0.029508196721311476 0.15737704918032788
1 0.33524590163934426 0.7008196721311475 0.03114754098360656 0.10819672131147541
1 0.13688524590163934 0.8073770491803278 0.047540983606557376 0.14590163934426228
1 0.03770491803278689 0.8426229508196721 0.05901639344262295 0.19508196721311474
1 0.14344262295081966 0.6073770491803279 0.022950819672131147 0.13114754098360656
1 0.19754098360655736 0.8877049180327868 0.03442622950819672 0.22459016393442624
1 0.7745901639344263 0.9057377049180327 0.036065573770491806 0.1721311475409836
1 0.8057377049180328 0.9581967213114754 0.03934426229508197 0.06393442622950819
1 0.7918032786885246 0.5081967213114754 0.040983606557377046 0.21475409836065573
1 0.33934426229508197 0.8180327868852459 0.05081967213114754 0.16229508196721312
1 0.3663934426229508 0.9098360655737705 0.04426229508196721 0.18032786885245902
1 0.46475409836065573 0.48442622950819675 0.02459016393442623 0.12131147540983607
1 0.6270491803278688 0.9336065573770492 0.060655737704918035 0.12622950819672132
1 0.6516393442622951 0.4278688524590164 0.04590163934426229 0.14098360655737704
1 0.8704918032786885 0.47622950819672133 0.027868852459016394 0.11147540983606558
1 0.37131147540983606 0.5459016393442623 0.04590163934426229 0.13442622950819672