1 0.5852090032154341 0.48231511254019294 0.06109324758842444 0.16881028938906753
1 0.5361736334405145 0.5016077170418006 0.04340836012861737 0.15112540192926044
1 0.48392282958199356 0.49517684887459806 0.0594855305466238 0.13504823151125403
1 0.42684887459807075 0.4766881028938907 0.04501607717041801 0.13344051446945338
1 0.545016077170418 0.0594855305466238 0.06752411575562701 0.1189710610932476
1 0.4807073954983923 0.06672025723472669 0.04662379421221865 0.12540192926045016
1 0.4316720257234727 0.04260450160771704 0.04340836012861737 0.08520900321543408
1 0.31189710610932475 0.0635048231511254 0.05466237942122187 0.1270096463022508
1 0.23633440514469453 0.05707395498392283 0.06430868167202572 0.11414790996784566
1 0.0747588424437299 0.03536977491961415 0.04983922829581994 0.0707395498392283
1 0.1414790996784566 0.04019292604501608 0.04180064308681672 0.08038585209003216
1 0.04501607717041801 0.1229903536977492 0.06752411575562701 0.15434083601286175
1 0.159967845659164 0.22427652733118972 0.04180064308681672 0.1639871382636656
1 0.2532154340836013 0.15594855305466238 0.05466237942122187 0.15112540192926044
1 0.21221864951768488 0.23713826366559485 0.03376205787781351 0.14308681672025725
1 0.0932475884244373 0.23392282958199356 0.06913183279742766 0.16881028938906753
1 0.07234726688102894 0.342443729903537 0.03697749196141479 0.07717041800643087
1 0.0297427652733119 0.4180064308681672 0.04823151125401929 0.1752411575562701
1 0.1872990353697749 0.33360128617363344 0.05144694533762058 0.0932475884244373
1 0.1382636655948553 0.3987138263665595 0.04983922829581994 0.12057877813504823
1 0.18488745980707397 0.4115755627009646 0.03858520900321544 0.09163987138263666
1 0.11736334405144695 0.45739549839228294 0.03215434083601286 0.0819935691318328
1 0.04903536977491962 0.5160771704180064 0.03858520900321544 0.0819935691318328
1 0.1045016077170418 0.6093247588424437 0.04019292604501608 0.09967845659163987
1 0.07315112540192927 0.6085209003215434 0.03215434083601286 0.07717041800643087
1 0.05466237942122187 0.5811897106109325 0.03376205787781351 0.0819935691318328
1 0.027331189710610933 0.592443729903537 0.028938906752411574 0.08038585209003216
1 0.01527331189710611 0.6696141479099679 0.028938906752411574 0.07717041800643087
1 0.10530546623794212 0.6672025723472669 0.03536977491961415 0.06109324758842444
1 0.3762057877813505 0.1382636655948553 0.06430868167202572 0.17363344051446947
1 0.31430868167202575 0.17845659163987138 0.05144694533762058 0.1270096463022508
1 0.2692926045016077 0.32395498392282956 0.06270096463022508 0.1720257234726688
1 0.29260450160771706 0.41318327974276525 0.04019292604501608 0.11414790996784566
1 0.34887459807073956 0.34565916398713825 0.07234726688102894 0.1639871382636656
1 0.4292604501607717 0.295016077170418 0.06591639871382636 0.23311897106109325
1 0.5353697749196141 0.15192926045016078 0.03697749196141479 0.0932475884244373
1 0.7837620578778135 0.04983922829581994 0.06913183279742766 0.09967845659163987
1 0.8786173633440515 0.16237942122186494 0.10932475884244373 0.24437299035369775
1 0.7427652733118971 0.16720257234726688 0.04823151125401929 0.15594855305466238
1 0.6020900321543409 0.20337620578778134 0.06752411575562701 0.2282958199356913
1 0.6784565916398714 0.18408360128617363 0.06913183279742766 0.19292604501607716
1 0.6784565916398714 0.04421221864951769 0.03215434083601286 0.08842443729903537
1 0.727491961414791 0.32395498392282956 0.06109324758842444 0.15434083601286175
1 0.657556270096463 0.35852090032154343 0.06109324758842444 0.17845659163987138
1 0.6012861736334405 0.33360128617363344 0.05627009646302251 0.14469453376205788
1 0.5466237942122186 0.2982315112540193 0.04983922829581994 0.1945337620578778
1 0.5072347266881029 0.32234726688102894 0.04019292604501608 0.21543408360128619
1 0.9035369774919614 0.03135048231511254 0.06109324758842444 0.06270096463022508
1 0.8271704180064309 0.34726688102893893 0.04501607717041801 0.19131832797427653
1 0.6921221864951769 0.43086816720257237 0.04019292604501608 0.1157556270096463
1 0.7821543408360129 0.37138263665594856 0.04983922829581994 0.17845659163987138
1 0.8963022508038585 0.3762057877813505 0.06430868167202572 0.15916398713826366
1 0.9614147909967846 0.39228295819935693 0.05305466237942122 0.13183279742765272
1 0.9710610932475884 0.5329581993569131 0.05787781350482315 0.1495176848874598
1 0.8818327974276527 0.47508038585209006 0.022508038585209004 0.0594855305466238
1 0.9155948553054662 0.4855305466237942 0.04019292604501608 0.06913183279742766
1 0.8906752411575563 0.5667202572347267 0.04662379421221865 0.12540192926045016
1 0.8480707395498392 0.5490353697749196 0.03215434083601286 0.0932475884244373
1 0.6752411575562701 0.6012861736334405 0.04983922829581994 0.24437299035369775
1 0.7315112540192926 0.5836012861736335 0.05305466237942122 0.2057877813504823
1 0.6165594855305466 0.5868167202572347 0.04340836012861737 0.13665594855305466
1 0.5715434083601286 0.5972668810289389 0.04019292604501608 0.11254019292604502
1 0.3971061093247588 0.52491961414791 0.03215434083601286 0.09485530546623794
1 0.37057877813504825 0.4517684887459807 0.04501607717041801 0.09163987138263666
1 0.36012861736334406 0.5160771704180064 0.028938906752411574 0.07717041800643087
1 0.33440514469453375 0.5281350482315113 0.027331189710610933 0.10128617363344052
1 0.31189710610932475 0.5434083601286174 0.028938906752411574 0.10932475884244373
1 0.29180064308681675 0.572347266881029 0.04501607717041801 0.10610932475884244
1 0.2596463022508039 0.5104501607717041 0.03536977491961415 0.12057877813504823
1 0.20418006430868169 0.522508038585209 0.06591639871382636 0.16881028938906753
1 0.16157556270096463 0.4903536977491961 0.04019292604501608 0.07717041800643087
1 0.1342443729903537 0.5361736334405145 0.02572347266881029 0.07717041800643087
1 0.11012861736334405 0.5281350482315113 0.024115755627009645 0.06270096463022508
1 0.08681672025723473 0.47508038585209006 0.04340836012861737 0.11414790996784566
1 0.1639871382636656 0.592443729903537 0.028938906752411574 0.0932475884244373
1 0.14389067524115756 0.6438906752411575 0.03858520900321544 0.09163987138263666
1 0.1864951768488746 0.657556270096463 0.03536977491961415 0.08842443729903537
1 0.23070739549839228 0.6615755627009646 0.05466237942122187 0.1607717041800643
1 0.297427652733119 0.6503215434083601 0.03376205787781351 0.08681672025723473
1 0.2757234726688103 0.6953376205787781 0.03215434083601286 0.12057877813504823
1 0.22347266881028938 0.8078778135048231 0.03054662379421222 0.13504823151125403
1 0.1937299035369775 0.7909967845659164 0.02572347266881029 0.08360128617363344
1 0.17041800643086816 0.8127009646302251 0.03215434083601286 0.1382636655948553
1 0.13665594855305466 0.7138263665594855 0.024115755627009645 0.0594855305466238
1 0.19533762057877813 0.7194533762057878 0.02090032154340836 0.05305466237942122
1 0.05144694533762058 0.6889067524115756 0.04019292604501608 0.11254019292604502
1 0.09807073954983923 0.7620578778135049 0.04823151125401929 0.10932475884244373
1 0.06752411575562701 0.8006430868167203 0.017684887459807074 0.05627009646302251
1 0.05144694533762058 0.7709003215434084 0.024115755627009645 0.05305466237942122
1 0.9445337620578779 0.6446945337620579 0.03536977491961415 0.10128617363344052
1 0.9091639871382636 0.7138263665594855 0.06270096463022508 0.13183279742765272
1 0.9871382636655949 0.6961414790996785 0.02572347266881029 0.10610932475884244
1 0.028938906752411574 0.844855305466238 0.027331189710610933 0.07395498392282958
1 0.02491961414790997 0.7676848874598071 0.024115755627009645 0.0707395498392283
1 0.08842443729903537 0.8520900321543409 0.022508038585209004 0.0594855305466238
1 0.5313504823151125 0.6696141479099679 0.03054662379421222 0.12861736334405144
1 0.47990353697749194 0.5916398713826366 0.04340836012861737 0.08038585209003216
1 0.40353697749196143 0.6053054662379421 0.03054662379421222 0.07556270096463022
1 0.3528938906752412 0.594855305466238 0.028938906752411574 0.08842443729903537
1 0.342443729903537 0.6663987138263665 0.027331189710610933 0.06752411575562701
1 0.38987138263665594 0.6519292604501608 0.03215434083601286 0.06591639871382636
1 0.36816720257234725 0.6663987138263665 0.024115755627009645 0.08360128617363344
1 0.4228295819935691 0.6720257234726688 0.03054662379421222 0.08681672025723473
1 0.4622186495176849 0.6672025723472669 0.04501607717041801 0.0932475884244373
1 0.4919614147909968 0.6961414790996785 0.04340836012861737 0.1302250803858521
1 0.5811897106109325 0.7081993569131833 0.04662379421221865 0.11254019292604502
1 0.6213826366559485 0.7178456591639871 0.03536977491961415 0.12057877813504823
1 0.6511254019292605 0.772508038585209 0.04019292604501608 0.11414790996784566
1 0.684887459807074 0.7604501607717041 0.03054662379421222 0.08038585209003216
1 0.7355305466237942 0.7146302250803859 0.04340836012861737 0.07877813504823152
1 0.7162379421221865 0.797427652733119 0.03536977491961415 0.08842443729903537
1 0.610128617363344 0.8127009646302251 0.02572347266881029 0.08038585209003216
1 0.5192926045016077 0.8102893890675241 0.03536977491961415 0.08520900321543408
1 0.3834405144694534 0.7540192926045016 0.03536977491961415 0.10932475884244373
1 0.4630225080385852 0.7773311897106109 0.03376205787781351 0.0932475884244373
1 0.43086816720257237 0.8110932475884244 0.03215434083601286 0.07717041800643087
1 0.4646302250803859 0.8745980707395499 0.03215434083601286 0.0932475884244373
1 0.34807073954983925 0.7998392282958199 0.04019292604501608 0.1189710610932476
1 0.3167202572347267 0.7226688102893891 0.03054662379421222 0.06109324758842444
1 0.24758842443729903 0.8279742765273312 0.01929260450160772 0.04180064308681672
1 0.27893890675241156 0.8183279742765274 0.027331189710610933 0.07717041800643087
1 0.30064308681672025 0.77491961414791 0.024115755627009645 0.05144694533762058
1 0.32636655948553056 0.8127009646302251 0.01929260450160772 0.04823151125401929
1 0.21061093247588425 0.8906752411575563 0.02090032154340836 0.06270096463022508
1 0.18890675241157556 0.8818327974276527 0.024115755627009645 0.06752411575562701
1 0.1270096463022508 0.8528938906752411 0.04340836012861737 0.08038585209003216
1 0.97508038585209 0.8496784565916399 0.03697749196141479 0.09967845659163987
1 0.954983922829582 0.7652733118971061 0.028938906752411574 0.07556270096463022
1 0.3520900321543408 0.8818327974276527 0.022508038585209004 0.06270096463022508
1 0.3979099678456592 0.882636655948553 0.028938906752411574 0.08038585209003216