1 0.47696245733788395 0.015358361774744027 0.03924914675767918 0.030716723549488054
1 0.2354948805460751 0.030716723549488054 0.034129692832764506 0.02901023890784983
1 0.3984641638225256 0.015358361774744027 0.03754266211604096 0.020477815699658702
1 0.3216723549488055 0.025597269624573378 0.032423208191126277 0.030716723549488054
1 0.35665529010238906 0.09129692832764505 0.04607508532423208 0.16552901023890784
1 0.020477815699658702 0.12116040955631399 0.02901023890784983 0.12798634812286688
1 0.21928327645051193 0.15955631399317405 0.052901023890784986 0.14846416382252559
1 0.44112627986348124 0.08617747440273038 0.034129692832764506 0.11774744027303755
1 0.863481228668942 0.27303754266211605 0.27303754266211605 0.49146757679180886
1 0.6544368600682594 0.26706484641638223 0.26791808873720135 0.5341296928327645
1 0.552901023890785 0.18515358361774745 0.06313993174061433 0.363481228668942
1 0.5503412969283277 0.18515358361774745 0.05631399317406143 0.3395904436860068
1 0.45051194539249145 0.643344709897611 0.06655290102389079 0.15358361774744028
1 0.2363481228668942 0.6186006825938567 0.12457337883959044 0.13310580204778158
1 0.09300341296928327 0.8080204778156996 0.12286689419795221 0.3037542662116041
1 0.15699658703071673 0.7909556313993175 0.12286689419795221 0.24061433447098976
1 0.2815699658703072 0.7440273037542662 0.11604095563139932 0.20136518771331058
1 0.35409556313993173 0.6979522184300341 0.08191126279863481 0.20648464163822525
1 0.5426621160409556 0.6928327645051194 0.07679180887372014 0.3122866894197952
1 0.44795221843003413 0.8225255972696246 0.05460750853242321 0.06825938566552901
1 0.40784982935153585 0.8549488054607508 0.03583617747440273 0.06996587030716724
1 0.32764505119453924 0.8583617747440273 0.042662116040955635 0.05460750853242321
1 0.22610921501706485 0.8916382252559727 0.03924914675767918 0.07337883959044368
1 0.25170648464163825 0.908703071672355 0.023890784982935155 0.03924914675767918
1 0.04863481228668942 0.9360068259385665 0.04436860068259386 0.07849829351535836
1 0.6902730375426621 0.9052901023890785 0.22013651877133106 0.17918088737201365