1 0.4618055555555556 0.5512152777777778 0.078125 0.1857638888888889
1 0.5130208333333334 0.5269097222222222 0.057291666666666664 0.16666666666666666
1 0.5703125 0.5295138888888888 0.07465277777777778 0.14756944444444445
1 0.6328125 0.5451388888888888 0.059027777777777776 0.14756944444444445
1 0.5329861111111112 0.96875 0.0763888888888889 0.0625
1 0.6032986111111112 0.9583333333333334 0.05381944444444445 0.07465277777777778
1 0.7855902777777778 0.9470486111111112 0.0642361111111111 0.07118055555555555
1 0.8671875 0.9479166666666666 0.07291666666666667 0.06076388888888889
1 0.9392361111111112 0.7977430555555556 0.057291666666666664 0.18055555555555555
1 0.84375 0.8776041666666666 0.06944444444444445 0.16666666666666666
1 0.8819444444444444 0.7873263888888888 0.046875 0.1545138888888889
1 0.9826388888888888 0.7821180555555556 0.034722222222222224 0.1857638888888889
1 0.9019097222222222 0.6814236111111112 0.0625 0.10416666666666667
1 0.9496527777777778 0.6076388888888888 0.0625 0.13541666666666666
1 0.8984375 0.5972222222222222 0.04861111111111111 0.10243055555555555
1 0.9678819444444444 0.5434027777777778 0.041666666666666664 0.09027777777777778
1 0.9704861111111112 0.3784722222222222 0.050347222222222224 0.1111111111111111
1 0.9895833333333334 0.3776041666666667 0.012152777777777778 0.08506944444444445
1 0.9652777777777778 0.3159722222222222 0.043402777777777776 0.06770833333333333
1 0.7126736111111112 0.8993055555555556 0.08159722222222222 0.17881944444444445
1 0.7769097222222222 0.8585069444444444 0.0642361111111111 0.140625
1 0.8142361111111112 0.6979166666666666 0.0798611111111111 0.1892361111111111
1 0.7821180555555556 0.6041666666666666 0.052083333333333336 0.1267361111111111
1 0.7265625 0.6805555555555556 0.09027777777777778 0.18229166666666666
1 0.6440972222222222 0.7413194444444444 0.08680555555555555 0.2552083333333333
1 0.5407986111111112 0.9036458333333334 0.04861111111111111 0.10416666666666667
1 0.2760416666666667 0.9878472222222222 0.0763888888888889 0.024305555555555556
1 0.1675347222222222 0.8914930555555556 0.13368055555555555 0.2170138888888889
1 0.3159722222222222 0.9027777777777778 0.0642361111111111 0.171875
1 0.4644097222222222 0.8532986111111112 0.09027777777777778 0.2517361111111111
1 0.3836805555555556 0.8793402777777778 0.08854166666666667 0.21354166666666666
1 0.3914930555555556 0.9904513888888888 0.036458333333333336 0.019097222222222224
1 0.3203125 0.7326388888888888 0.078125 0.1684027777777778
1 0.3932291666666667 0.6901041666666666 0.0798611111111111 0.19618055555555555
1 0.4557291666666667 0.7126736111111112 0.07118055555555555 0.1597222222222222
1 0.5173611111111112 0.7465277777777778 0.06770833333333333 0.2152777777777778
1 0.5581597222222222 0.7178819444444444 0.06076388888888889 0.234375
1 0.2109375 0.7152777777777778 0.0625 0.20833333333333334
1 0.3506944444444444 0.6145833333333334 0.052083333333333336 0.1284722222222222
1 0.2578125 0.6857638888888888 0.06770833333333333 0.19618055555555555
1 0.1345486111111111 0.6892361111111112 0.08159722222222222 0.1753472222222222
1 0.06336805555555555 0.6770833333333334 0.06770833333333333 0.14583333333333334
1 0.04079861111111111 0.5251736111111112 0.07465277777777778 0.16493055555555555
1 0.14322916666666666 0.5815972222222222 0.029513888888888888 0.06597222222222222
1 0.10590277777777778 0.5729166666666666 0.04861111111111111 0.078125
1 0.1267361111111111 0.4835069444444444 0.059027777777777776 0.1388888888888889
1 0.1736111111111111 0.4991319444444444 0.041666666666666664 0.10243055555555555
1 0.3559027777777778 0.4296875 0.07291666666666667 0.2673611111111111
1 0.296875 0.453125 0.07291666666666667 0.22569444444444445
1 0.4201388888888889 0.4409722222222222 0.057291666666666664 0.15104166666666666
1 0.4678819444444444 0.4262152777777778 0.052083333333333336 0.125
1 0.6614583333333334 0.4913194444444444 0.041666666666666664 0.10416666666666667
1 0.6953125 0.5677083333333334 0.05555555555555555 0.10243055555555555
1 0.7013888888888888 0.4982638888888889 0.036458333333333336 0.08506944444444445
1 0.7282986111111112 0.4835069444444444 0.036458333333333336 0.1111111111111111
1 0.7517361111111112 0.4652777777777778 0.03993055555555555 0.11979166666666667
1 0.7708333333333334 0.4322916666666667 0.05555555555555555 0.11631944444444445
1 0.8107638888888888 0.4965277777777778 0.046875 0.13368055555555555
1 0.8689236111111112 0.4791666666666667 0.08333333333333333 0.1892361111111111
1 0.9175347222222222 0.5104166666666666 0.04861111111111111 0.08680555555555555
1 0.9435763888888888 0.4592013888888889 0.03298611111111111 0.08506944444444445
1 0.9704861111111112 0.4661458333333333 0.03125 0.06944444444444445
1 0.9852430555555556 0.5225694444444444 0.029513888888888888 0.125
1 0.9071180555555556 0.4010416666666667 0.03819444444444445 0.10243055555555555
1 0.9253472222222222 0.34375 0.04861111111111111 0.10243055555555555
1 0.8784722222222222 0.3324652777777778 0.04513888888888889 0.09722222222222222
1 0.8298611111111112 0.3315972222222222 0.06944444444444445 0.17881944444444445
1 0.7595486111111112 0.3489583333333333 0.043402777777777776 0.0954861111111111
1 0.7795138888888888 0.2986111111111111 0.043402777777777776 0.13194444444444445
1 0.8272569444444444 0.1736111111111111 0.041666666666666664 0.14756944444444445
1 0.8602430555555556 0.1892361111111111 0.036458333333333336 0.0920138888888889
1 0.8836805555555556 0.1640625 0.04513888888888889 0.15104166666666666
1 0.9279513888888888 0.2682291666666667 0.03125 0.06597222222222222
1 0.8637152777777778 0.2664930555555556 0.026041666666666668 0.06076388888888889
1 0.9600694444444444 0.21354166666666666 0.050347222222222224 0.12152777777777778
1 0.0625 0.4036458333333333 0.04513888888888889 0.11284722222222222
1 0.0954861111111111 0.3263888888888889 0.078125 0.14756944444444445
1 0.015625 0.3498263888888889 0.03125 0.11631944444444445
1 0.9652777777777778 0.1154513888888889 0.022569444444444444 0.06597222222222222
1 0.5060763888888888 0.3454861111111111 0.043402777777777776 0.140625
1 0.5668402777777778 0.4253472222222222 0.052083333333333336 0.09027777777777778
1 0.6484375 0.4053819444444444 0.03819444444444445 0.08333333333333333
1 0.7039930555555556 0.4123263888888889 0.03819444444444445 0.09722222222222222
1 0.7092013888888888 0.3350694444444444 0.034722222222222224 0.07465277777777778
1 0.6597222222222222 0.3541666666666667 0.03993055555555555 0.07291666666666667
1 0.6814236111111112 0.3368055555555556 0.03298611111111111 0.0920138888888889
1 0.6223958333333334 0.3350694444444444 0.03819444444444445 0.0954861111111111
1 0.5807291666666666 0.3428819444444444 0.05555555555555555 0.10590277777777778
1 0.5460069444444444 0.3142361111111111 0.057291666666666664 0.1440972222222222
1 0.4487847222222222 0.3081597222222222 0.059027777777777776 0.125
1 0.4053819444444444 0.3003472222222222 0.04513888888888889 0.13194444444444445
1 0.3689236111111111 0.2439236111111111 0.052083333333333336 0.1267361111111111
1 0.3333333333333333 0.2595486111111111 0.03819444444444445 0.08854166666666667
1 0.2821180555555556 0.3125 0.052083333333333336 0.08854166666666667
1 0.296875 0.2222222222222222 0.04513888888888889 0.09722222222222222
1 0.4097222222222222 0.1970486111111111 0.03298611111111111 0.08854166666666667
1 0.5078125 0.19270833333333334 0.04513888888888889 0.09375
1 0.6588541666666666 0.2439236111111111 0.046875 0.12152777777777778
1 0.5711805555555556 0.2248263888888889 0.041666666666666664 0.10243055555555555
1 0.6032986111111112 0.1857638888888889 0.03993055555555555 0.08506944444444445
1 0.5625 0.11979166666666667 0.041666666666666664 0.10069444444444445
1 0.6935763888888888 0.1918402777777778 0.052083333333333336 0.13194444444444445
1 0.7326388888888888 0.2725694444444444 0.03819444444444445 0.06770833333333333
1 0.7994791666666666 0.15364583333333334 0.024305555555555556 0.046875
1 0.7664930555555556 0.16666666666666666 0.034722222222222224 0.08680555555555555
1 0.7465277777777778 0.2144097222222222 0.029513888888888888 0.057291666666666664
1 0.7161458333333334 0.1762152777777778 0.024305555555555556 0.05381944444444445
1 0.8342013888888888 0.08333333333333333 0.027777777777777776 0.06944444444444445
1 0.8585069444444444 0.09114583333333333 0.03125 0.07465277777777778
1 0.9270833333333334 0.11805555555555555 0.052083333333333336 0.09027777777777778
1 0.018229166666666668 0.18489583333333334 0.036458333333333336 0.109375
1 0.042534722222222224 0.2743055555555556 0.036458333333333336 0.08333333333333333
1 0.6831597222222222 0.1032986111111111 0.029513888888888888 0.06944444444444445
1 0.6336805555555556 0.10590277777777778 0.036458333333333336 0.08854166666666667