1 0.35 0.5554545454545454 0.07818181818181819 0.19454545454545455
1 0.40636363636363637 0.5372727272727272 0.05818181818181818 0.17272727272727273
1 0.46454545454545454 0.5472727272727272 0.07454545454545454 0.15454545454545454
1 0.5281818181818182 0.5718181818181818 0.05818181818181818 0.15272727272727274
1 0.44545454545454544 0.9790909090909091 0.05272727272727273 0.04
1 0.6354545454545455 0.9854545454545455 0.06363636363636363 0.02909090909090909
1 0.9381818181818182 0.9518181818181818 0.08 0.09636363636363636
1 0.8145454545454546 0.8727272727272727 0.056363636363636366 0.18727272727272729
1 0.7036363636363636 0.9281818181818182 0.06909090909090909 0.14363636363636365
1 0.7563636363636363 0.8545454545454545 0.04727272727272727 0.1618181818181818
1 0.8909090909090909 0.8654545454545455 0.08727272727272728 0.19454545454545455
1 0.9209090909090909 0.7445454545454545 0.045454545454545456 0.0890909090909091
1 0.9681818181818181 0.66 0.05818181818181818 0.2
1 0.79 0.7472727272727273 0.06363636363636363 0.10909090909090909
1 0.8490909090909091 0.6763636363636364 0.06363636363636363 0.14181818181818182
1 0.7972727272727272 0.6590909090909091 0.04909090909090909 0.10545454545454545
1 0.8763636363636363 0.6118181818181818 0.04181818181818182 0.09454545454545454
1 0.9572727272727273 0.5490909090909091 0.04909090909090909 0.09454545454545454
1 0.9 0.4409090909090909 0.05090909090909091 0.11454545454545455
1 0.9354545454545454 0.44363636363636366 0.04181818181818182 0.09090909090909091
1 0.9545454545454546 0.47545454545454546 0.04363636363636364 0.09454545454545454
1 0.9836363636363636 0.46454545454545454 0.03272727272727273 0.09272727272727273
1 0.9927272727272727 0.37545454545454543 0.014545454545454545 0.0890909090909091
1 0.9027272727272727 0.37545454545454543 0.04363636363636364 0.07090909090909091
1 0.5654545454545454 0.9281818181818182 0.08 0.14363636363636365
1 0.6372727272727273 0.9154545454545454 0.06545454545454546 0.14727272727272728
1 0.6972727272727273 0.7536363636363637 0.08181818181818182 0.19818181818181818
1 0.6763636363636364 0.6509090909090909 0.05272727272727273 0.13090909090909092
1 0.6081818181818182 0.7245454545454545 0.09090909090909091 0.1890909090909091
1 0.5145454545454545 0.7763636363636364 0.08727272727272728 0.2672727272727273
1 0.38636363636363635 0.9318181818181818 0.04909090909090909 0.10727272727272727
1 0.03363636363636364 0.8681818181818182 0.06727272727272728 0.21636363636363637
1 0.15363636363636363 0.8981818181818182 0.06363636363636363 0.1709090909090909
1 0.31363636363636366 0.8654545454545455 0.0890909090909091 0.2545454545454545
1 0.22636363636363635 0.8818181818181818 0.0890909090909091 0.21272727272727274
1 0.17909090909090908 0.7263636363636363 0.07818181818181819 0.17636363636363636
1 0.2609090909090909 0.6918181818181818 0.08 0.20545454545454545
1 0.32272727272727275 0.7227272727272728 0.07272727272727272 0.16727272727272727
1 0.38272727272727275 0.7663636363636364 0.06727272727272728 0.22363636363636363
1 0.42818181818181816 0.740909090909091 0.06 0.24545454545454545
1 0.06818181818181818 0.6936363636363636 0.06181818181818182 0.21636363636363637
1 0.22545454545454546 0.6072727272727273 0.05272727272727273 0.13272727272727272
1 0.12090909090909091 0.6690909090909091 0.06727272727272728 0.20363636363636364
1 0.015454545454545455 0.6572727272727272 0.03090909090909091 0.18
1 0.014545454545454545 0.5463636363636364 0.02909090909090909 0.06909090909090909
1 0.019090909090909092 0.4409090909090909 0.038181818181818185 0.14363636363636365
1 0.056363636363636366 0.46454545454545454 0.04181818181818182 0.10727272727272727
1 0.2545454545454545 0.4163636363636364 0.07090909090909091 0.2781818181818182
1 0.19 0.43272727272727274 0.07272727272727272 0.23636363636363636
1 0.32 0.43636363636363634 0.056363636363636366 0.15636363636363637
1 0.3718181818181818 0.42727272727272725 0.05272727272727273 0.1290909090909091
1 0.5645454545454546 0.519090909090909 0.04181818181818182 0.10909090909090909
1 0.59 0.6027272727272728 0.056363636363636366 0.10545454545454545
1 0.6054545454545455 0.5309090909090909 0.03636363636363636 0.0890909090909091
1 0.6354545454545455 0.519090909090909 0.03636363636363636 0.11636363636363636
1 0.6618181818181819 0.5027272727272727 0.04 0.12545454545454546
1 0.6863636363636364 0.4718181818181818 0.056363636363636366 0.12
1 0.7190909090909091 0.5436363636363636 0.04727272727272727 0.14
1 0.7827272727272727 0.5327272727272727 0.08363636363636363 0.19636363636363635
1 0.8281818181818181 0.5718181818181818 0.04909090909090909 0.0890909090909091
1 0.8618181818181818 0.5218181818181818 0.03272727272727273 0.0890909090909091
1 0.889090909090909 0.5318181818181819 0.03090909090909091 0.07272727272727272
1 0.9118181818181819 0.5936363636363636 0.056363636363636366 0.13090909090909092
1 0.8318181818181818 0.45636363636363636 0.038181818181818185 0.10727272727272727
1 0.8572727272727273 0.3990909090909091 0.04909090909090909 0.10545454545454545
1 0.81 0.38181818181818183 0.045454545454545456 0.10181818181818182
1 0.7609090909090909 0.37454545454545457 0.06909090909090909 0.18727272727272729
1 0.6845454545454546 0.38272727272727275 0.04363636363636364 0.1
1 0.7118181818181818 0.3336363636363636 0.04363636363636364 0.13818181818181818
1 0.7772727272727272 0.21 0.04 0.15454545454545454
1 0.81 0.23 0.03636363636363636 0.09636363636363636
1 0.8372727272727273 0.20727272727272728 0.04363636363636364 0.15818181818181817
1 0.87 0.3209090909090909 0.03090909090909091 0.06909090909090909
1 0.8036363636363636 0.3109090909090909 0.02727272727272727 0.06363636363636363
1 0.9645454545454546 0.35454545454545455 0.05454545454545454 0.1290909090909091
1 0.9163636363636364 0.2690909090909091 0.06181818181818182 0.12545454545454546
1 0.9527272727272728 0.22727272727272727 0.023636363636363636 0.06545454545454546
1 0.9690909090909091 0.26181818181818184 0.03090909090909091 0.06181818181818182
1 0.02181818181818182 0.27636363636363637 0.02909090909090909 0.1509090909090909
1 0.990909090909091 0.17909090909090908 0.01818181818181818 0.08545454545454545
1 0.9918181818181818 0.26636363636363636 0.016363636363636365 0.08181818181818182
1 0.9327272727272727 0.16727272727272727 0.02909090909090909 0.06909090909090909
1 0.4218181818181818 0.3472727272727273 0.04181818181818182 0.14727272727272728
1 0.47454545454545455 0.4381818181818182 0.05454545454545454 0.09272727272727273
1 0.5618181818181818 0.42727272727272725 0.038181818181818185 0.08727272727272728
1 0.6181818181818182 0.44272727272727275 0.038181818181818185 0.10181818181818182
1 0.6345454545454545 0.36272727272727273 0.034545454545454546 0.07818181818181819
1 0.58 0.37545454545454543 0.04 0.07636363636363637
1 0.6054545454545455 0.3609090909090909 0.03272727272727273 0.09636363636363636
1 0.5445454545454546 0.3509090909090909 0.038181818181818185 0.1
1 0.4990909090909091 0.35454545454545455 0.056363636363636366 0.10909090909090909
1 0.4672727272727273 0.32 0.056363636363636366 0.14909090909090908
1 0.36727272727272725 0.3009090909090909 0.06 0.1290909090909091
1 0.32272727272727275 0.2872727272727273 0.045454545454545456 0.13818181818181818
1 0.2927272727272727 0.22454545454545455 0.05272727272727273 0.13090909090909092
1 0.25363636363636366 0.23545454545454544 0.04 0.09272727272727273
1 0.19363636363636363 0.28454545454545455 0.05454545454545454 0.09090909090909091
1 0.22 0.1918181818181818 0.045454545454545456 0.10181818181818182
1 0.3409090909090909 0.1809090909090909 0.034545454545454546 0.09272727272727273
1 0.44363636363636366 0.1890909090909091 0.045454545454545456 0.09818181818181818
1 0.5936363636363636 0.2609090909090909 0.04727272727272727 0.12727272727272726
1 0.5054545454545455 0.23 0.04181818181818182 0.10727272727272727
1 0.5436363636363636 0.19363636363636363 0.04 0.0890909090909091
1 0.509090909090909 0.12 0.04181818181818182 0.10545454545454545
1 0.6363636363636364 0.2109090909090909 0.05272727272727273 0.13636363636363635
1 0.6672727272727272 0.3 0.038181818181818185 0.07090909090909091
1 0.7509090909090909 0.18545454545454546 0.023636363636363636 0.04909090909090909
1 0.7154545454545455 0.19454545454545455 0.03636363636363636 0.09090909090909091
1 0.6881818181818182 0.24181818181818182 0.03090909090909091 0.06
1 0.6618181818181819 0.19818181818181818 0.025454545454545455 0.056363636363636366
1 0.7972727272727272 0.11727272727272728 0.02727272727272727 0.07272727272727272
1 0.8209090909090909 0.12818181818181817 0.03090909090909091 0.07818181818181819
1 0.889090909090909 0.16454545454545455 0.05454545454545454 0.09272727272727273
1 0.6363636363636364 0.11818181818181818 0.02909090909090909 0.07272727272727272
1 0.5845454545454546 0.11454545454545455 0.038181818181818185 0.09272727272727273