1 0.5886824324324325 0.49239864864864863 0.07263513513513513 0.18074324324324326
1 0.535472972972973 0.5101351351351351 0.05405405405405406 0.16047297297297297
1 0.4814189189189189 0.5008445945945946 0.06925675675675676 0.14527027027027026
1 0.4222972972972973 0.4780405405405405 0.05405405405405406 0.14189189189189189
1 0.5692567567567568 0.056587837837837836 0.07601351351351351 0.1097972972972973
1 0.49915540540540543 0.05827702702702703 0.05574324324324324 0.11655405405405406
1 0.4501689189189189 0.033783783783783786 0.048986486486486486 0.06756756756756757
1 0.32432432432432434 0.05320945945945946 0.06418918918918919 0.10641891891891891
1 0.24408783783783783 0.04391891891891892 0.07263513513513513 0.08783783783783784
1 0.07685810810810811 0.016891891891891893 0.05574324324324324 0.033783783783783786
1 0.14695945945945946 0.02364864864864865 0.0472972972972973 0.0472972972972973
1 0.048986486486486486 0.08530405405405406 0.06418918918918919 0.16554054054054054
1 0.15625 0.19847972972972974 0.052364864864864864 0.17398648648648649
1 0.25760135135135137 0.13175675675675674 0.06587837837837837 0.16216216216216217
1 0.21030405405405406 0.21537162162162163 0.04391891891891892 0.15202702702702703
1 0.08614864864864864 0.20523648648648649 0.08108108108108109 0.18074324324324326
1 0.05827702702702703 0.31756756756756754 0.04222972972972973 0.08277027027027027
1 0.019425675675675675 0.39442567567567566 0.03885135135135135 0.1858108108108108
1 0.17905405405405406 0.31503378378378377 0.05912162162162162 0.10135135135135136
1 0.1241554054054054 0.38091216216216217 0.05912162162162162 0.13006756756756757
1 0.17229729729729729 0.3969594594594595 0.04560810810810811 0.09797297297297297
1 0.09881756756756757 0.4408783783783784 0.03885135135135135 0.08783783783783784
1 0.02364864864864865 0.4983108108108108 0.04560810810810811 0.08783783783783784
1 0.07685810810810811 0.5996621621621622 0.0472972972972973 0.10641891891891891
1 0.04391891891891892 0.5971283783783784 0.037162162162162164 0.08277027027027027
1 0.026182432432432432 0.5675675675675675 0.04054054054054054 0.08783783783783784
1 0.006756756756756757 0.5760135135135135 0.013513513513513514 0.08445945945945946
1 0.07432432432432433 0.660472972972973 0.04054054054054054 0.06587837837837837
1 0.3876689189189189 0.11993243243243243 0.0777027027027027 0.1858108108108108
1 0.32094594594594594 0.15878378378378377 0.060810810810810814 0.13682432432432431
1 0.2652027027027027 0.3091216216216216 0.07601351351351351 0.18412162162162163
1 0.28547297297297297 0.4045608108108108 0.048986486486486486 0.12162162162162163
1 0.34797297297297297 0.33614864864864863 0.08445945945945946 0.17567567567567569
1 0.43496621621621623 0.28800675675675674 0.08277027027027027 0.2483108108108108
1 0.5540540540540541 0.14358108108108109 0.04391891891891892 0.09966216216216216
1 0.8201013513513513 0.05912162162162162 0.0777027027027027 0.08952702702702703
1 0.9138513513513513 0.17314189189189189 0.12837837837837837 0.26182432432432434
1 0.7711148648648649 0.17060810810810811 0.05912162162162162 0.16554054054054054
1 0.6216216216216216 0.20101351351351351 0.08277027027027027 0.24324324324324326
1 0.7027027027027027 0.18496621621621623 0.08277027027027027 0.20608108108108109
1 0.7094594594594594 0.0472972972972973 0.037162162162162164 0.07601351351351351
1 0.7466216216216216 0.3344594594594595 0.07263513513513513 0.16554054054054054
1 0.6714527027027027 0.36655405405405406 0.07432432432432433 0.19087837837837837
1 0.6131756756756757 0.33783783783783783 0.06756756756756757 0.1554054054054054
1 0.558277027027027 0.2972972972972973 0.0625 0.20608108108108109
1 0.5152027027027027 0.32094594594594594 0.05405405405405406 0.22804054054054054
1 0.9467905405405406 0.0464527027027027 0.06587837837837837 0.05067567567567568
1 0.8496621621621622 0.3640202702702703 0.057432432432432436 0.20270270270270271
1 0.7035472972972973 0.44510135135135137 0.048986486486486486 0.12331081081081081
1 0.8006756756756757 0.38682432432432434 0.0625 0.1891891891891892
1 0.9206081081081081 0.39864864864864863 0.07601351351351351 0.17060810810810811
1 0.9780405405405406 0.41807432432432434 0.04391891891891892 0.14020270270270271
1 0.9780405405405406 0.5658783783783784 0.04391891891891892 0.15878378378378377
1 0.9003378378378378 0.5016891891891891 0.02702702702702703 0.06418918918918919
1 0.9349662162162162 0.5143581081081081 0.04560810810810811 0.07432432432432433
1 0.9045608108108109 0.597972972972973 0.05574324324324324 0.13344594594594594
1 0.8606418918918919 0.5768581081081081 0.03885135135135135 0.09966216216216216
1 0.6765202702702703 0.6224662162162162 0.06587837837837837 0.25844594594594594
1 0.7364864864864865 0.6072635135135135 0.06756756756756757 0.2195945945945946
1 0.6157094594594594 0.6038851351351351 0.052364864864864864 0.14527027027027026
1 0.5675675675675675 0.612331081081081 0.048986486486486486 0.11993243243243243
1 0.3885135135135135 0.527027027027027 0.03885135135135135 0.10135135135135136
1 0.36486486486486486 0.44932432432432434 0.052364864864864864 0.09797297297297297
1 0.35050675675675674 0.5160472972972973 0.033783783783783786 0.08277027027027027
1 0.32263513513513514 0.527027027027027 0.033783783783783786 0.10810810810810811
1 0.2981418918918919 0.5422297297297297 0.037162162162162164 0.11655405405405406
1 0.27533783783783783 0.5709459459459459 0.052364864864864864 0.11317567567567567
1 0.24493243243243243 0.504222972972973 0.04391891891891892 0.12837837837837837
1 0.1866554054054054 0.5143581081081081 0.0777027027027027 0.18074324324324326
1 0.14358108108108109 0.4780405405405405 0.04560810810810811 0.08277027027027027
1 0.11233108108108109 0.5244932432432432 0.030405405405405407 0.08277027027027027
1 0.08699324324324324 0.5143581081081081 0.028716216216216218 0.06756756756756757
1 0.06587837837837837 0.4577702702702703 0.052364864864864864 0.12162162162162163
1 0.14020270270270271 0.5853040540540541 0.03547297297297297 0.09966216216216216
1 0.11655405405405406 0.637668918918919 0.04560810810810811 0.09797297297297297
1 0.16047297297297297 0.6545608108108109 0.04222972972972973 0.0945945945945946
1 0.20692567567567569 0.6613175675675675 0.06587837837837837 0.17229729729729729
1 0.27702702702702703 0.6528716216216216 0.04054054054054054 0.0929054054054054
1 0.2516891891891892 0.6993243243243243 0.04054054054054054 0.12837837837837837
1 0.19087837837837837 0.8141891891891891 0.03885135135135135 0.14358108108108109
1 0.16047297297297297 0.7947635135135135 0.03209459459459459 0.08952702702702703
1 0.13513513513513514 0.816722972972973 0.04054054054054054 0.14695945945945946
1 0.10472972972972973 0.7111486486486487 0.028716216216216218 0.06418918918918919
1 0.16638513513513514 0.7204391891891891 0.02533783783783784 0.057432432432432436
1 0.02027027027027027 0.6798986486486487 0.04054054054054054 0.11993243243243243
1 0.06165540540540541 0.7592905405405406 0.057432432432432436 0.11655405405405406
1 0.02787162162162162 0.7981418918918919 0.02195945945945946 0.060810810810810814
1 0.013513513513513514 0.7652027027027027 0.02702702702702703 0.057432432432432436
1 0.956081081081081 0.683277027027027 0.04222972972972973 0.10810810810810811
1 0.9155405405405406 0.7533783783783784 0.07263513513513513 0.14189189189189189
1 0.0464527027027027 0.8530405405405406 0.02702702702702703 0.06418918918918919
1 0.5211148648648649 0.6866554054054054 0.03885135135135135 0.13682432432432431
1 0.4721283783783784 0.6013513513513513 0.05067567567567568 0.08614864864864864
1 0.3910472972972973 0.6114864864864865 0.03547297297297297 0.08108108108108109
1 0.33868243243243246 0.597972972972973 0.03547297297297297 0.0945945945945946
1 0.3234797297297297 0.6722972972972973 0.03209459459459459 0.07263513513513513
1 0.37415540540540543 0.6596283783783784 0.037162162162162164 0.07094594594594594
1 0.35050675675675674 0.6739864864864865 0.030405405405405407 0.08952702702702703
1 0.4079391891891892 0.683277027027027 0.037162162162162164 0.0929054054054054
1 0.44932432432432434 0.6798986486486487 0.052364864864864864 0.09966216216216216
1 0.47888513513513514 0.7119932432432432 0.052364864864864864 0.13851351351351351
1 0.5717905405405406 0.7297297297297297 0.05574324324324324 0.11993243243243243
1 0.6131756756756757 0.7415540540540541 0.04391891891891892 0.12837837837837837
1 0.6418918918918919 0.8006756756756757 0.048986486486486486 0.12162162162162163
1 0.6773648648648649 0.7896959459459459 0.037162162162162164 0.08614864864864864
1 0.7331081081081081 0.7449324324324325 0.05067567567567568 0.08445945945945946
1 0.7086148648648649 0.8302364864864865 0.04222972972972973 0.0945945945945946
1 0.5962837837837838 0.8412162162162162 0.03209459459459459 0.08614864864864864
1 0.5008445945945946 0.8336148648648649 0.04222972972972973 0.09121621621621621
1 0.3614864864864865 0.7668918918918919 0.04391891891891892 0.11655405405405406
1 0.44425675675675674 0.7956081081081081 0.04054054054054054 0.09966216216216216
1 0.4079391891891892 0.8293918918918919 0.037162162162162164 0.08277027027027027
1 0.44003378378378377 0.8978040540540541 0.03885135135135135 0.09966216216216216
1 0.3217905405405405 0.8125 0.048986486486486486 0.1266891891891892
1 0.29307432432432434 0.7305743243243243 0.03547297297297297 0.06587837837837837
1 0.21537162162162163 0.8369932432432432 0.02195945945945946 0.04560810810810811
1 0.2483108108108108 0.8285472972972973 0.03209459459459459 0.08277027027027027
1 0.27364864864864863 0.7837837837837838 0.028716216216216218 0.05574324324324324
1 0.2989864864864865 0.825168918918919 0.02364864864864865 0.052364864864864864
1 0.17314189189189189 0.9003378378378378 0.02533783783783784 0.06756756756756757
1 0.15033783783783783 0.8902027027027027 0.028716216216216218 0.07263513513513513
1 0.08699324324324324 0.856418918918919 0.05067567567567568 0.08614864864864864
1 0.96875 0.8986486486486487 0.02702702702702703 0.10641891891891891
1 0.9611486486486487 0.8099662162162162 0.033783783783783786 0.08108108108108109
1 0.3217905405405405 0.8994932432432432 0.02702702702702703 0.06756756756756757
1 0.36993243243243246 0.9028716216216216 0.03547297297297297 0.08614864864864864