1 0.055357142857142855 0.15267857142857144 0.07857142857142857 0.22321428571428573
1 0.14017857142857143 0.2 0.09642857142857143 0.14285714285714285
1 0.3205357142857143 0.2017857142857143 0.07142857142857142 0.1625
1 0.24464285714285713 0.19910714285714284 0.0875 0.15892857142857142
1 0.65 0.16071428571428573 0.32142857142857145 0.30714285714285716
1 0.9625 0.18303571428571427 0.039285714285714285 0.09642857142857143
1 0.14732142857142858 0.8767857142857143 0.1875 0.20892857142857144
1 0.03482142857142857 0.4901785714285714 0.06964285714285715 0.4625
1 0.18035714285714285 0.4982142857142857 0.16071428571428573 0.4589285714285714
1 0.016964285714285713 0.8660714285714286 0.033928571428571426 0.20357142857142857
1 0.6258928571428571 0.6410714285714286 0.6625 0.7178571428571429