1 0.3464163822525597 0.6578498293515358 0.04607508532423208 0.06484641638225255
1 0.43600682593856654 0.621160409556314 0.059726962457337884 0.13310580204778158
1 0.4880546075085324 0.5648464163822525 0.03583617747440273 0.14334470989761092
1 0.3447098976109215 0.5255972696245734 0.04948805460750853 0.18771331058020477
1 0.37627986348122866 0.514505119453925 0.03924914675767918 0.14675767918088736
1 0.4325938566552901 0.4709897610921502 0.03924914675767918 0.14846416382252559
1 0.5102389078498294 0.5051194539249146 0.032423208191126277 0.17064846416382254
1 0.447098976109215 0.40017064846416384 0.03583617747440273 0.12286689419795221
1 0.21843003412969283 0.64419795221843 0.04778156996587031 0.10238907849829351
1 0.07337883959044368 0.6689419795221843 0.03754266211604096 0.06313993174061433
1 0.01877133105802048 0.6348122866894198 0.034129692832764506 0.1348122866894198
1 0.19880546075085323 0.32764505119453924 0.030716723549488054 0.16382252559726962
1 0.25341296928327645 0.40955631399317405 0.032423208191126277 0.11262798634812286
1 0.04607508532423208 0.5204778156996587 0.04948805460750853 0.15187713310580206
1 0.0537542662116041 0.3122866894197952 0.023890784982935155 0.13651877133105803
1 0.10921501706484642 0.5930034129692833 0.034129692832764506 0.2098976109215017
1 0.257679180887372 0.5315699658703071 0.052901023890784986 0.1689419795221843
1 0.2858361774744027 0.613481228668942 0.04436860068259386 0.15870307167235495
1 0.38822525597269625 0.18430034129692832 0.025597269624573378 0.12627986348122866
1 0.2909556313993174 0.24744027303754265 0.04778156996587031 0.13993174061433447
1 0.8592150170648464 0.28242320819112626 0.2815699658703072 0.5648464163822525
1 0.15358361774744028 0.8208191126279863 0.2935153583617747 0.2593856655290102
1 0.8498293515358362 0.8302047781569966 0.3003412969283277 0.32593856655290104