1 0.38104089219330856 0.3912639405204461 0.07992565055762081 0.19888475836431227
1 0.4368029739776952 0.4163568773234201 0.05947955390334572 0.17657992565055763
1 0.4972118959107807 0.41263940520446096 0.0762081784386617 0.15985130111524162
1 0.5641263940520446 0.3940520446096654 0.05947955390334572 0.15613382899628253
1 0.887546468401487 0.11895910780669144 0.05762081784386617 0.19144981412639406
1 0.7815985130111525 0.06784386617100371 0.0687732342007435 0.11152416356877323
1 0.8262081784386617 0.13104089219330856 0.048327137546468404 0.16728624535315986
1 0.9591078066914498 0.13475836431226765 0.08178438661710037 0.19888475836431227
1 0.9786245353159851 0.2611524163568773 0.04275092936802974 0.09107806691449814
1 0.9953531598513011 0.34851301115241634 0.00929368029739777 0.20260223048327136
1 0.8494423791821561 0.24349442379182157 0.06505576208178439 0.11152416356877323
1 0.9024163568773235 0.3215613382899628 0.06505576208178439 0.14312267657992564
1 0.8475836431226765 0.3336431226765799 0.05018587360594796 0.10780669144981413
1 0.9228624535315985 0.3912639405204461 0.04275092936802974 0.09665427509293681
1 0.9860594795539034 0.46096654275092935 0.027881040892193308 0.09665427509293681
1 0.9284386617100372 0.5669144981412639 0.05204460966542751 0.1171003717472119
1 0.9646840148698885 0.5678438661710037 0.040892193308550186 0.09107806691449814
1 0.9823420074349443 0.5371747211895911 0.03531598513011153 0.09665427509293681
1 0.9237918215613383 0.6338289962825279 0.04460966542750929 0.0724907063197026
1 0.6403345724907064 0.056691449814126396 0.07992565055762081 0.10408921933085502
1 0.7109665427509294 0.06970260223048327 0.06505576208178439 0.12267657992565056
1 0.7555762081784386 0.22769516728624536 0.08364312267657993 0.20260223048327136
1 0.7230483271375465 0.32899628252788105 0.05390334572490706 0.13382899628252787
1 0.6617100371747212 0.24814126394052044 0.09293680297397769 0.19330855018587362
1 0.5724907063197026 0.18494423791821563 0.08921933085501858 0.2732342007434944
1 0.45724907063197023 0.03345724907063197 0.048327137546468404 0.06691449814126393
1 0.07063197026022305 0.07434944237918216 0.10780669144981413 0.14869888475836432
1 0.21654275092936803 0.05390334572490706 0.06133828996282528 0.10780669144981413
1 0.3754646840148699 0.10037174721189591 0.08921933085501858 0.20074349442379183
1 0.28810408921933084 0.0762081784386617 0.08921933085501858 0.1524163568773234
1 0.2258364312267658 0.19981412639405205 0.07992565055762081 0.1821561338289963
1 0.3048327137546468 0.24442379182156135 0.08178438661710037 0.2100371747211896
1 0.37174721189591076 0.2184014869888476 0.07434944237918216 0.17100371747211895
1 0.4368029739776952 0.1812267657992565 0.0687732342007435 0.22676579925650558
1 0.4804832713754647 0.21096654275092938 0.06133828996282528 0.25092936802973975
1 0.10966542750929369 0.2211895910780669 0.06319702602230483 0.22304832713754646
1 0.26022304832713755 0.3252788104089219 0.05390334572490706 0.13568773234200743
1 0.15985130111524162 0.25185873605947956 0.0687732342007435 0.20817843866171004
1 0.03810408921933085 0.25 0.06133828996282528 0.18587360594795538
1 0.03903345724907063 0.3652416356877323 0.02973977695167286 0.07063197026022305
1 0.013940520446096654 0.3745353159851301 0.020446096654275093 0.07992565055762081
1 0.026022304832713755 0.46933085501858735 0.05204460966542751 0.14684014869888476
1 0.07342007434944238 0.45260223048327136 0.04275092936802974 0.10966542750929369
1 0.2695167286245353 0.5232342007434945 0.0724907063197026 0.2843866171003718
1 0.20631970260223048 0.49907063197026025 0.07434944237918216 0.241635687732342
1 0.3382899628252788 0.5102230483271375 0.05762081784386617 0.15985130111524162
1 0.38940520446096655 0.525092936802974 0.05390334572490706 0.13197026022304834
1 0.595724907063197 0.4516728624535316 0.04275092936802974 0.11152416356877323
1 0.6310408921933085 0.36895910780669144 0.05762081784386617 0.10780669144981413
1 0.6384758364312267 0.44423791821561337 0.03717472118959108 0.09107806691449814
1 0.6682156133828996 0.4591078066914498 0.03717472118959108 0.11895910780669144
1 0.6923791821561338 0.47862453531598514 0.040892193308550186 0.12825278810408922
1 0.7146840148698885 0.5130111524163569 0.05762081784386617 0.12453531598513011
1 0.7555762081784386 0.4433085501858736 0.048327137546468404 0.1412639405204461
1 0.8187732342007435 0.46096654275092935 0.08550185873605948 0.19888475836431227
1 0.8698884758364313 0.42657992565055763 0.05018587360594796 0.09107806691449814
1 0.8986988847583643 0.4804832713754647 0.03345724907063197 0.09107806691449814
1 0.9265799256505576 0.47304832713754646 0.031598513011152414 0.07434944237918216
1 0.9572490706319703 0.41356877323420077 0.05762081784386617 0.13382899628252787
1 0.8605947955390335 0.5436802973977695 0.03903345724907063 0.10966542750929369
1 0.8810408921933085 0.6050185873605948 0.05018587360594796 0.10780669144981413
1 0.8308550185873605 0.6180297397769516 0.046468401486988845 0.10408921933085502
1 0.7797397769516728 0.6198884758364313 0.07063197026022305 0.1895910780669145
1 0.7035315985130112 0.6031598513011153 0.04460966542750929 0.10223048327137546
1 0.7258364312267658 0.6561338289962825 0.04460966542750929 0.1412639405204461
1 0.7788104089219331 0.7890334572490706 0.040892193308550186 0.1579925650557621
1 0.8141263940520446 0.7713754646840149 0.03717472118959108 0.09851301115241635
1 0.8401486988847584 0.7983271375464684 0.04460966542750929 0.16171003717472118
1 0.8847583643122676 0.6858736059479554 0.031598513011152414 0.07063197026022305
1 0.8169144981412639 0.6886617100371747 0.027881040892193308 0.06319702602230483
1 0.9767657992565055 0.6607806691449815 0.03903345724907063 0.13197026022304834
1 0.9265799256505576 0.7434944237918215 0.06319702602230483 0.12825278810408922
1 0.9591078066914498 0.7899628252788105 0.024163568773234202 0.06691449814126393
1 0.9758364312267658 0.7565055762081785 0.026022304832713755 0.06319702602230483
1 0.015799256505576207 0.6403345724907064 0.031598513011152414 0.15427509293680297
1 0.9321561338289963 0.8485130111524164 0.02973977695167286 0.07063197026022305
1 0.43215613382899626 0.6105947955390335 0.04275092936802974 0.15055762081784388
1 0.4962825278810409 0.5241635687732342 0.055762081784386616 0.09479553903345725
1 0.5836431226765799 0.5446096654275093 0.03903345724907063 0.08921933085501858
1 0.6421933085501859 0.5353159851301115 0.03903345724907063 0.10408921933085502
1 0.6505576208178439 0.6189591078066915 0.03531598513011153 0.07992565055762081
1 0.5966542750929368 0.5994423791821561 0.040892193308550186 0.07806691449814127
1 0.620817843866171 0.6171003717472119 0.03345724907063197 0.09851301115241635
1 0.5566914498141264 0.6198884758364313 0.03903345724907063 0.10223048327137546
1 0.5120817843866171 0.612453531598513 0.05762081784386617 0.10966542750929369
1 0.4758364312267658 0.6440520446096655 0.05762081784386617 0.1524163568773234
1 0.37174721189591076 0.6524163568773235 0.06133828996282528 0.13197026022304834
1 0.3252788104089219 0.6607806691449815 0.046468401486988845 0.1412639405204461
1 0.2871747211895911 0.7221189591078067 0.05390334572490706 0.13382899628252787
1 0.24907063197026022 0.7063197026022305 0.040892193308550186 0.09479553903345725
1 0.19330855018587362 0.6505576208178439 0.055762081784386616 0.09293680297397769
1 0.21096654275092938 0.7472118959107806 0.046468401486988845 0.10408921933085502
1 0.33178438661710036 0.7713754646840149 0.03531598513011153 0.09479553903345725
1 0.4368029739776952 0.7741635687732342 0.046468401486988845 0.10037174721189591
1 0.5975836431226765 0.7174721189591078 0.048327137546468404 0.12825278810408922
1 0.5046468401486989 0.7397769516728625 0.04275092936802974 0.10966542750929369
1 0.5390334572490706 0.7806691449814126 0.040892193308550186 0.09107806691449814
1 0.4962825278810409 0.8513011152416357 0.04275092936802974 0.10966542750929369
1 0.6356877323420075 0.7723048327137546 0.05390334572490706 0.13940520446096655
1 0.6765799256505576 0.6849442379182156 0.03903345724907063 0.0724907063197026
1 0.75 0.8113382899628253 0.024163568773234202 0.05018587360594796
1 0.7146840148698885 0.7983271375464684 0.03531598513011153 0.09107806691449814
1 0.6914498141263941 0.7462825278810409 0.031598513011152414 0.06133828996282528
1 0.6598513011152416 0.7881040892193308 0.026022304832713755 0.05762081784386617
1 0.7890334572490706 0.8856877323420075 0.027881040892193308 0.07434944237918216
1 0.8141263940520446 0.8763940520446096 0.031598513011152414 0.07992565055762081
1 0.887546468401487 0.8466542750929368 0.055762081784386616 0.09479553903345725
1 0.6263940520446096 0.8671003717472119 0.02973977695167286 0.07434944237918216
1 0.5734200743494424 0.8652416356877324 0.03903345724907063 0.09479553903345725