1 0.448943661971831 0.5352112676056338 0.06690140845070422 0.18485915492957747
1 0.5026408450704225 0.5563380281690141 0.04753521126760563 0.16549295774647887
1 0.5598591549295775 0.5492957746478874 0.06514084507042253 0.14788732394366197
1 0.6223591549295775 0.5290492957746479 0.04929577464788732 0.14612676056338028
1 0.49119718309859156 0.06866197183098592 0.07394366197183098 0.13732394366197184
1 0.5633802816901409 0.0801056338028169 0.04929577464788732 0.13732394366197184
1 0.6170774647887324 0.05017605633802817 0.04753521126760563 0.10035211267605634
1 0.7482394366197183 0.07306338028169014 0.05985915492957746 0.14612676056338028
1 0.8309859154929577 0.06602112676056338 0.07042253521126761 0.13204225352112675
1 0.9903169014084507 0.04225352112676056 0.01936619718309859 0.08450704225352113
1 0.9330985915492958 0.04753521126760563 0.045774647887323945 0.09507042253521127
1 0.914612676056338 0.25264084507042256 0.045774647887323945 0.1795774647887324
1 0.8125 0.17781690140845072 0.05985915492957746 0.16549295774647887
1 0.8573943661971831 0.26672535211267606 0.03697183098591549 0.15669014084507044
1 0.9744718309859155 0.2632042253521127 0.051056338028169015 0.18485915492957747
1 0.9947183098591549 0.38204225352112675 0.01056338028169014 0.08450704225352113
1 0.8846830985915493 0.37235915492957744 0.056338028169014086 0.10211267605633803
1 0.9383802816901409 0.44366197183098594 0.05457746478873239 0.13204225352112675
1 0.8873239436619719 0.45774647887323944 0.04225352112676056 0.10035211267605634
1 0.9612676056338029 0.5079225352112676 0.035211267605633804 0.0897887323943662
1 0.9753521126760564 0.6742957746478874 0.04401408450704225 0.10915492957746478
1 0.9955985915492958 0.6725352112676056 0.008802816901408451 0.08450704225352113
1 0.9744718309859155 0.7376760563380281 0.03873239436619718 0.06690140845070422
1 0.6778169014084507 0.15845070422535212 0.07042253521126761 0.19014084507042253
1 0.7455985915492958 0.20246478873239437 0.056338028169014086 0.13908450704225353
1 0.7948943661971831 0.3617957746478873 0.06866197183098592 0.18838028169014084
1 0.7693661971830986 0.4595070422535211 0.04401408450704225 0.125
1 0.7077464788732394 0.3855633802816901 0.07922535211267606 0.1795774647887324
1 0.6197183098591549 0.3301056338028169 0.07042253521126761 0.25528169014084506
1 0.5035211267605634 0.17341549295774647 0.04225352112676056 0.10211267605633803
1 0.22975352112676056 0.058098591549295774 0.07570422535211267 0.11619718309859155
1 0.12764084507042253 0.18485915492957747 0.11971830985915492 0.2676056338028169
1 0.2764084507042254 0.19014084507042253 0.0528169014084507 0.17077464788732394
1 0.43045774647887325 0.22975352112676056 0.07394366197183098 0.25
1 0.34683098591549294 0.20862676056338028 0.07570422535211267 0.2112676056338028
1 0.34683098591549294 0.05193661971830986 0.035211267605633804 0.10387323943661972
1 0.29313380281690143 0.3617957746478873 0.06690140845070422 0.16901408450704225
1 0.36971830985915494 0.3996478873239437 0.06690140845070422 0.1954225352112676
1 0.43133802816901406 0.37235915492957744 0.061619718309859156 0.15845070422535212
1 0.49119718309859156 0.3336267605633803 0.05457746478873239 0.2130281690140845
1 0.534330985915493 0.3600352112676056 0.045774647887323945 0.23591549295774647
1 0.10035211267605634 0.037852112676056336 0.06690140845070422 0.07570422535211267
1 0.18397887323943662 0.3873239436619718 0.04929577464788732 0.20950704225352113
1 0.33186619718309857 0.4788732394366197 0.04401408450704225 0.1267605633802817
1 0.23327464788732394 0.4137323943661972 0.05457746478873239 0.1954225352112676
1 0.10827464788732394 0.41901408450704225 0.07042253521126761 0.1742957746478873
1 0.03697183098591549 0.43661971830985913 0.058098591549295774 0.1443661971830986
1 0.028169014084507043 0.590669014084507 0.056338028169014086 0.1637323943661972
1 0.12411971830985916 0.5272887323943662 0.02464788732394366 0.06514084507042253
1 0.08714788732394366 0.5387323943661971 0.04401408450704225 0.07570422535211267
1 0.11443661971830986 0.6276408450704225 0.051056338028169015 0.13732394366197184
1 0.16109154929577466 0.608274647887324 0.035211267605633804 0.10211267605633803
1 0.3503521126760563 0.6654929577464789 0.05457746478873239 0.2676056338028169
1 0.2887323943661972 0.6461267605633803 0.058098591549295774 0.22535211267605634
1 0.414612676056338 0.6496478873239436 0.04753521126760563 0.14964788732394366
1 0.4639084507042254 0.6610915492957746 0.04401408450704225 0.12323943661971831
1 0.6549295774647887 0.5818661971830986 0.035211267605633804 0.10387323943661972
1 0.6839788732394366 0.5017605633802817 0.04929577464788732 0.10035211267605634
1 0.6954225352112676 0.5721830985915493 0.03169014084507042 0.08450704225352113
1 0.7235915492957746 0.585387323943662 0.02992957746478873 0.11091549295774648
1 0.7482394366197183 0.602112676056338 0.03169014084507042 0.11971830985915492
1 0.7702464788732394 0.6338028169014085 0.04929577464788732 0.11619718309859155
1 0.8054577464788732 0.5660211267605634 0.03873239436619718 0.13204225352112675
1 0.8661971830985915 0.579225352112676 0.0721830985915493 0.18485915492957747
1 0.9128521126760564 0.5440140845070423 0.04401408450704225 0.08450704225352113
1 0.9427816901408451 0.5941901408450704 0.028169014084507043 0.08450704225352113
1 0.9691901408450704 0.585387323943662 0.02640845070422535 0.06866197183098592
1 0.9850352112676056 0.5272887323943662 0.02992957746478873 0.125
1 0.9102112676056338 0.6558098591549296 0.03169014084507042 0.10211267605633803
1 0.9322183098591549 0.7121478873239436 0.04225352112676056 0.10035211267605634
1 0.8855633802816901 0.727112676056338 0.03873239436619718 0.09683098591549295
1 0.8371478873239436 0.7315140845070423 0.058098591549295774 0.176056338028169
1 0.7640845070422535 0.7191901408450704 0.03697183098591549 0.09507042253521127
1 0.7878521126760564 0.7684859154929577 0.035211267605633804 0.13204225352112675
1 0.8450704225352113 0.891725352112676 0.03169014084507042 0.14788732394366197
1 0.8776408450704225 0.8732394366197183 0.02992957746478873 0.09154929577464789
1 0.903169014084507 0.8970070422535211 0.035211267605633804 0.15140845070422534
1 0.9401408450704225 0.7887323943661971 0.02640845070422535 0.06514084507042253
1 0.8758802816901409 0.7948943661971831 0.022887323943661973 0.058098591549295774
1 0.9779929577464789 0.8415492957746479 0.04401408450704225 0.11971830985915492
1 0.05545774647887324 0.7130281690140845 0.03873239436619718 0.11091549295774648
1 0.09419014084507042 0.7887323943661971 0.06866197183098592 0.1443661971830986
1 0.011443661971830986 0.7693661971830986 0.022887323943661973 0.11619718309859155
1 0.9903169014084507 0.9392605633802817 0.01936619718309859 0.06514084507042253
1 0.5079225352112676 0.7403169014084507 0.03345070422535211 0.14084507042253522
1 0.5642605633802817 0.6549295774647887 0.04753521126760563 0.0880281690140845
1 0.647887323943662 0.6698943661971831 0.03345070422535211 0.08274647887323944
1 0.7033450704225352 0.6584507042253521 0.03169014084507042 0.09683098591549295
1 0.7147887323943662 0.7367957746478874 0.02992957746478873 0.07394366197183098
1 0.6628521126760564 0.7209507042253521 0.035211267605633804 0.0721830985915493
1 0.6866197183098591 0.7367957746478874 0.02640845070422535 0.09154929577464789
1 0.6267605633802817 0.7429577464788732 0.03169014084507042 0.09507042253521127
1 0.5836267605633803 0.7376760563380281 0.04929577464788732 0.10211267605633803
1 0.551056338028169 0.7693661971830986 0.04753521126760563 0.1426056338028169
1 0.4533450704225352 0.7825704225352113 0.051056338028169015 0.12323943661971831
1 0.40933098591549294 0.7931338028169014 0.03697183098591549 0.13204225352112675
1 0.3767605633802817 0.8529929577464789 0.04401408450704225 0.125
1 0.3397887323943662 0.8397887323943662 0.03345070422535211 0.0880281690140845
1 0.28433098591549294 0.789612676056338 0.04753521126760563 0.08626760563380281
1 0.30545774647887325 0.8802816901408451 0.03873239436619718 0.09683098591549295
1 0.4216549295774648 0.8970070422535211 0.028169014084507043 0.0880281690140845
1 0.5211267605633803 0.8943661971830986 0.03873239436619718 0.09330985915492958
1 0.6698943661971831 0.8327464788732394 0.03873239436619718 0.11971830985915492
1 0.5827464788732394 0.858274647887324 0.035211267605633804 0.10211267605633803
1 0.6179577464788732 0.8952464788732394 0.035211267605633804 0.08450704225352113
1 0.5809859154929577 0.9568661971830986 0.035211267605633804 0.08626760563380281
1 0.7086267605633803 0.8829225352112676 0.04401408450704225 0.13028169014084506
1 0.7429577464788732 0.7984154929577465 0.03345070422535211 0.06690140845070422
1 0.8186619718309859 0.9137323943661971 0.02112676056338028 0.045774647887323945
1 0.784330985915493 0.903169014084507 0.02992957746478873 0.08450704225352113
1 0.7605633802816901 0.8556338028169014 0.02640845070422535 0.056338028169014086
1 0.7323943661971831 0.8970070422535211 0.02112676056338028 0.0528169014084507
1 0.858274647887324 0.9735915492957746 0.022887323943661973 0.0528169014084507
1 0.8829225352112676 0.9674295774647887 0.02640845070422535 0.06514084507042253
1 0.9507042253521126 0.9410211267605634 0.04753521126760563 0.0880281690140845
1 0.022007042253521125 0.9375 0.040492957746478875 0.10915492957746478
1 0.04401408450704225 0.8450704225352113 0.03169014084507042 0.08274647887323944
1 0.704225352112676 0.9691901408450704 0.02464788732394366 0.061619718309859156
1 0.653169014084507 0.9647887323943662 0.03169014084507042 0.07042253521126761