1 0.04137323943661972 0.10475352112676056 0.08274647887323944 0.15316901408450703
1 0.25528169014084506 0.10211267605633803 0.1073943661971831 0.1795774647887324
1 0.1619718309859155 0.1073943661971831 0.1073943661971831 0.176056338028169
1 0.43661971830985913 0.23151408450704225 0.125 0.4612676056338028
1 0.414612676056338 0.3230633802816901 0.056338028169014086 0.27816901408450706
1 0.43221830985915494 0.2323943661971831 0.11619718309859155 0.4612676056338028
1 0.6267605633802817 0.22535211267605634 0.20774647887323944 0.4507042253521127
1 0.8846830985915493 0.21742957746478872 0.22007042253521128 0.43485915492957744
1 0.8116197183098591 0.36619718309859156 0.10035211267605634 0.14084507042253522
1 0.8873239436619719 0.2227112676056338 0.198943661971831 0.4225352112676056
1 0.22359154929577466 0.7315140845070423 0.397887323943662 0.5369718309859155
1 0.7024647887323944 0.710387323943662 0.5950704225352113 0.579225352112676