1 0.4199346405228758 0.5334967320261438 0.07026143790849673 0.17483660130718953
1 0.46895424836601307 0.511437908496732 0.05228758169934641 0.15522875816993464
1 0.5220588235294118 0.5155228758169934 0.06699346405228758 0.1388888888888889
1 0.5808823529411765 0.5310457516339869 0.05228758169934641 0.13725490196078433
1 0.4812091503267974 0.9493464052287581 0.07352941176470588 0.10130718954248366
1 0.5473856209150327 0.9419934640522876 0.05228758169934641 0.11437908496732026
1 0.5988562091503268 0.9616013071895425 0.04738562091503268 0.06862745098039216
1 0.7189542483660131 0.934640522875817 0.06045751633986928 0.11274509803921569
1 0.795751633986928 0.9362745098039216 0.07026143790849673 0.10130718954248366
1 0.9616013071895425 0.9501633986928104 0.05392156862745098 0.05555555555555555
1 0.8913398692810458 0.9485294117647058 0.0457516339869281 0.06535947712418301
1 0.9738562091503268 0.8676470588235294 0.05228758169934641 0.16013071895424835
1 0.8651960784313726 0.7728758169934641 0.05065359477124183 0.16830065359477125
1 0.7745098039215687 0.8472222222222222 0.06372549019607843 0.1568627450980392
1 0.8112745098039216 0.7622549019607843 0.042483660130718956 0.1454248366013072
1 0.9321895424836601 0.7598039215686274 0.0784313725490196 0.17483660130718953
1 0.9477124183006536 0.6486928104575164 0.04084967320261438 0.08006535947712418
1 0.9779411764705882 0.5686274509803921 0.04411764705882353 0.17973856209150327
1 0.8316993464052288 0.6633986928104575 0.05718954248366013 0.09803921568627451
1 0.8782679738562091 0.5947712418300654 0.05718954248366013 0.12745098039215685
1 0.8300653594771242 0.5841503267973857 0.04411764705882353 0.09477124183006536
1 0.8962418300653595 0.5343137254901961 0.03758169934640523 0.08496732026143791
1 0.9624183006535948 0.47058823529411764 0.04411764705882353 0.08496732026143791
1 0.9011437908496732 0.3790849673202614 0.0457516339869281 0.10294117647058823
1 0.9330065359477124 0.37826797385620914 0.03758169934640523 0.08169934640522876
1 0.9534313725490197 0.40522875816993464 0.0392156862745098 0.08496732026143791
1 0.9803921568627451 0.39215686274509803 0.03431372549019608 0.08333333333333333
1 0.9820261437908496 0.31290849673202614 0.021241830065359478 0.08006535947712418
1 0.8970588235294118 0.3202614379084967 0.0392156862745098 0.06372549019607843
1 0.6503267973856209 0.8717320261437909 0.07516339869281045 0.17973856209150327
1 0.7107843137254902 0.8276143790849673 0.058823529411764705 0.1323529411764706
1 0.7491830065359477 0.6772875816993464 0.07352941176470588 0.1781045751633987
1 0.7205882352941176 0.5882352941176471 0.04738562091503268 0.11764705882352941
1 0.6674836601307189 0.6601307189542484 0.08169934640522876 0.16993464052287582
1 0.5882352941176471 0.7156862745098039 0.0784313725490196 0.24019607843137256
1 0.4877450980392157 0.8660130718954249 0.04411764705882353 0.09640522875816994
1 0.238562091503268 0.9648692810457516 0.07516339869281045 0.07026143790849673
1 0.1388888888888889 0.8733660130718954 0.12418300653594772 0.25326797385620914
1 0.2769607843137255 0.8619281045751634 0.05718954248366013 0.16013071895424835
1 0.41748366013071897 0.8178104575163399 0.08006535947712418 0.23529411764705882
1 0.3415032679738562 0.8415032679738562 0.08006535947712418 0.19934640522875818
1 0.3480392156862745 0.9689542483660131 0.03594771241830065 0.06209150326797386
1 0.28431372549019607 0.701797385620915 0.07026143790849673 0.15849673202614378
1 0.35294117647058826 0.6633986928104575 0.0718954248366013 0.184640522875817
1 0.4117647058823529 0.6854575163398693 0.06535947712418301 0.1503267973856209
1 0.46895424836601307 0.7181372549019608 0.06045751633986928 0.20098039215686275
1 0.5073529411764706 0.6919934640522876 0.05392156862745098 0.22058823529411764
1 0.12009803921568628 0.9869281045751634 0.06372549019607843 0.026143790849673203
1 0.18137254901960784 0.6838235294117647 0.05555555555555555 0.19444444444444445
1 0.3145424836601307 0.5915032679738562 0.04738562091503268 0.119281045751634
1 0.22630718954248366 0.6568627450980392 0.06045751633986928 0.1830065359477124
1 0.10947712418300654 0.6576797385620915 0.07352941176470588 0.16339869281045752
1 0.04330065359477124 0.6454248366013072 0.06045751633986928 0.13725490196078433
1 0.028594771241830064 0.5008169934640523 0.05718954248366013 0.15522875816993464
1 0.119281045751634 0.5563725490196079 0.026143790849673203 0.06209150326797386
1 0.08415032679738563 0.548202614379085 0.04411764705882353 0.0718954248366013
1 0.1053921568627451 0.46405228758169936 0.05392156862745098 0.12908496732026145
1 0.14950980392156862 0.4795751633986928 0.03758169934640523 0.09640522875816994
1 0.32189542483660133 0.41748366013071897 0.06372549019607843 0.25
1 0.26633986928104575 0.4387254901960784 0.06535947712418301 0.21241830065359477
1 0.38235294117647056 0.42892156862745096 0.05065359477124183 0.14052287581699346
1 0.42810457516339867 0.4158496732026144 0.04738562091503268 0.11601307189542484
1 0.6086601307189542 0.4803921568627451 0.03758169934640523 0.09803921568627451
1 0.6397058823529411 0.5531045751633987 0.05065359477124183 0.09477124183006536
1 0.6462418300653595 0.4877450980392157 0.032679738562091505 0.08006535947712418
1 0.6723856209150327 0.4738562091503268 0.032679738562091505 0.10457516339869281
1 0.6944444444444444 0.45669934640522875 0.03594771241830065 0.11274509803921569
1 0.7132352941176471 0.4264705882352941 0.05065359477124183 0.10784313725490197
1 0.7491830065359477 0.4877450980392157 0.042483660130718956 0.12581699346405228
1 0.8047385620915033 0.4722222222222222 0.07516339869281045 0.17647058823529413
1 0.8496732026143791 0.5032679738562091 0.04411764705882353 0.08006535947712418
1 0.875 0.4550653594771242 0.029411764705882353 0.08006535947712418
1 0.8995098039215687 0.4616013071895425 0.027777777777777776 0.06535947712418301
1 0.9264705882352942 0.5147058823529411 0.05065359477124183 0.11764705882352941
1 0.8415032679738562 0.39950980392156865 0.03431372549019608 0.09640522875816994
1 0.8594771241830066 0.3464052287581699 0.04411764705882353 0.09477124183006536
1 0.815359477124183 0.3349673202614379 0.04084967320261438 0.0915032679738562
1 0.7704248366013072 0.33251633986928103 0.06209150326797386 0.16830065359477125
1 0.7034313725490197 0.3480392156862745 0.0392156862745098 0.08986928104575163
1 0.7230392156862745 0.3006535947712418 0.0392156862745098 0.12418300653594772
1 0.7696078431372549 0.18382352941176472 0.03594771241830065 0.1388888888888889
1 0.8006535947712419 0.19934640522875818 0.032679738562091505 0.08660130718954248
1 0.8235294117647058 0.17647058823529413 0.0392156862745098 0.14215686274509803
1 0.8627450980392157 0.27450980392156865 0.027777777777777776 0.06209150326797386
1 0.8031045751633987 0.27205882352941174 0.024509803921568627 0.05718954248366013
1 0.9509803921568627 0.2957516339869281 0.049019607843137254 0.11601307189542484
1 0.8995098039215687 0.2238562091503268 0.05555555555555555 0.11274509803921569
1 0.9281045751633987 0.1830065359477124 0.021241830065359478 0.058823529411764705
1 0.946078431372549 0.21241830065359477 0.027777777777777776 0.05555555555555555
1 0.04656862745098039 0.3880718954248366 0.04084967320261438 0.10620915032679738
1 0.07924836601307189 0.3161764705882353 0.07026143790849673 0.13725490196078433
1 0.008169934640522876 0.33578431372549017 0.016339869281045753 0.10947712418300654
1 0.9648692810457516 0.136437908496732 0.03104575163398693 0.07679738562091504
1 0.9730392156862745 0.21405228758169934 0.027777777777777776 0.07352941176470588
1 0.9044117647058824 0.1315359477124183 0.026143790849673203 0.06209150326797386
1 0.46486928104575165 0.34068627450980393 0.03758169934640523 0.1323529411764706
1 0.5212418300653595 0.41748366013071897 0.049019607843137254 0.08333333333333333
1 0.5980392156862745 0.39950980392156865 0.03431372549019608 0.0784313725490196
1 0.6495098039215687 0.4068627450980392 0.03431372549019608 0.0915032679738562
1 0.6568627450980392 0.3341503267973856 0.03104575163398693 0.07026143790849673
1 0.6094771241830066 0.35130718954248363 0.03594771241830065 0.06862745098039216
1 0.630718954248366 0.3349673202614379 0.029411764705882353 0.08660130718954248
1 0.5743464052287581 0.33251633986928103 0.03431372549019608 0.08986928104575163
1 0.5351307189542484 0.33905228758169936 0.05065359477124183 0.09803921568627451
1 0.5032679738562091 0.3112745098039216 0.05065359477124183 0.13398692810457516
1 0.4117647058823529 0.30392156862745096 0.05392156862745098 0.11601307189542484
1 0.3709150326797386 0.2965686274509804 0.04084967320261438 0.12418300653594772
1 0.3374183006535948 0.2426470588235294 0.04738562091503268 0.11764705882352941
1 0.30392156862745096 0.2565359477124183 0.03594771241830065 0.08333333333333333
1 0.2549019607843137 0.3055555555555556 0.049019607843137254 0.08169934640522876
1 0.2704248366013072 0.22058823529411764 0.04084967320261438 0.0915032679738562
1 0.37745098039215685 0.19934640522875818 0.03104575163398693 0.08333333333333333
1 0.46977124183006536 0.1968954248366013 0.04084967320261438 0.08823529411764706
1 0.6102941176470589 0.24754901960784315 0.042483660130718956 0.11437908496732026
1 0.5285947712418301 0.22794117647058823 0.03758169934640523 0.09640522875816994
1 0.5588235294117647 0.1919934640522876 0.03594771241830065 0.08006535947712418
1 0.5212418300653595 0.12908496732026145 0.03758169934640523 0.09477124183006536
1 0.6437908496732027 0.19852941176470587 0.04738562091503268 0.12254901960784313
1 0.6797385620915033 0.27532679738562094 0.03431372549019608 0.06372549019607843
1 0.744281045751634 0.1650326797385621 0.021241830065359478 0.04411764705882353
1 0.7132352941176471 0.17647058823529413 0.032679738562091505 0.08169934640522876
1 0.6928104575163399 0.22140522875816993 0.027777777777777776 0.05392156862745098
1 0.6650326797385621 0.184640522875817 0.02287581699346405 0.05065359477124183
1 0.7785947712418301 0.0988562091503268 0.024509803921568627 0.06535947712418301
1 0.8006535947712419 0.10702614379084967 0.027777777777777776 0.07026143790849673
1 0.8651960784313726 0.13316993464052287 0.049019607843137254 0.08333333333333333
1 0.013071895424836602 0.18055555555555555 0.026143790849673203 0.10294117647058823
1 0.029411764705882353 0.26633986928104575 0.032679738562091505 0.0784313725490196
1 0.6356209150326797 0.11601307189542484 0.026143790849673203 0.06535947712418301
1 0.5890522875816994 0.11764705882352941 0.03431372549019608 0.08333333333333333