1 0.5785472972972973 0.4966216216216216 0.07939189189189189 0.18243243243243243
1 0.5253378378378378 0.512668918918919 0.05912162162162162 0.16216216216216217
1 0.47128378378378377 0.5008445945945946 0.07432432432432433 0.14695945945945946
1 0.41300675675675674 0.47635135135135137 0.05912162162162162 0.14358108108108109
1 0.5743243243243243 0.05912162162162162 0.07939189189189189 0.11317567567567567
1 0.5059121621621622 0.05912162162162162 0.05912162162162162 0.11824324324324324
1 0.45692567567567566 0.033783783783783786 0.052364864864864864 0.06756756756756757
1 0.3293918918918919 0.05067567567567568 0.06756756756756757 0.10135135135135136
1 0.25084459459459457 0.04054054054054054 0.07601351351351351 0.08108108108108109
1 0.08445945945945946 0.01097972972972973 0.057432432432432436 0.02195945945945946
1 0.15287162162162163 0.018581081081081082 0.048986486486486486 0.037162162162162164
1 0.05827702702702703 0.07685810810810811 0.05912162162162162 0.15371621621621623
1 0.1570945945945946 0.1875 0.05912162162162162 0.17567567567567569
1 0.2609797297297297 0.125 0.07094594594594594 0.16385135135135134
1 0.21030405405405406 0.20608108108108109 0.048986486486486486 0.15202702702702703
1 0.08614864864864864 0.19172297297297297 0.08783783783783784 0.18243243243243243
1 0.05405405405405406 0.3032094594594595 0.04560810810810811 0.08445945945945946
1 0.017736486486486486 0.37922297297297297 0.033783783783783786 0.1858108108108108
1 0.17567567567567569 0.30489864864864863 0.0625 0.10304054054054054
1 0.11824324324324324 0.36824324324324326 0.0625 0.13006756756756757
1 0.16554054054054054 0.3859797297297297 0.048986486486486486 0.09966216216216216
1 0.09121621621621621 0.42736486486486486 0.04054054054054054 0.08952702702702703
1 0.018581081081081082 0.4822635135135135 0.037162162162162164 0.08952702702702703
1 0.0633445945945946 0.5853040540540541 0.05067567567567568 0.10810810810810811
1 0.030405405405405407 0.5819256756756757 0.04054054054054054 0.08445945945945946
1 0.016891891891891893 0.5515202702702703 0.033783783783783786 0.08952702702702703
1 0.05912162162162162 0.6461148648648649 0.04222972972972973 0.06756756756756757
1 0.3910472972972973 0.11739864864864864 0.08277027027027027 0.1875
1 0.32263513513513514 0.15371621621621623 0.06587837837837837 0.13682432432432431
1 0.26182432432432434 0.30236486486486486 0.08108108108108109 0.1858108108108108
1 0.27871621621621623 0.39780405405405406 0.052364864864864864 0.12331081081081081
1 0.34375 0.33192567567567566 0.09121621621621621 0.17905405405405406
1 0.43243243243243246 0.28631756756756754 0.08952702702702703 0.25
1 0.5565878378378378 0.14611486486486486 0.0472972972972973 0.10135135135135136
1 0.825168918918919 0.07094594594594594 0.07939189189189189 0.0945945945945946
1 0.9146959459459459 0.1883445945945946 0.13682432432432431 0.2652027027027027
1 0.7719594594594594 0.18158783783783783 0.06418918918918919 0.16722972972972974
1 0.6216216216216216 0.20608108108108109 0.09121621621621621 0.24493243243243243
1 0.7035472972972973 0.19341216216216217 0.08952702702702703 0.20777027027027026
1 0.7153716216216216 0.05489864864864865 0.04054054054054054 0.07939189189189189
1 0.7415540540540541 0.34375 0.0777027027027027 0.16722972972972974
1 0.6655405405405406 0.3733108108108108 0.08108108108108109 0.19256756756756757
1 0.6089527027027027 0.34290540540540543 0.07263513513513513 0.1570945945945946
1 0.5548986486486487 0.30067567567567566 0.06925675675675676 0.20777027027027026
1 0.5109797297297297 0.3217905405405405 0.0625 0.22972972972972974
1 0.9518581081081081 0.0625 0.06756756756756757 0.05405405405405406
1 0.84375 0.37753378378378377 0.06418918918918919 0.20439189189189189
1 0.6951013513513513 0.4527027027027027 0.052364864864864864 0.125
1 0.7947635135135135 0.39864864864864863 0.06925675675675676 0.19087837837837837
1 0.9138513513513513 0.41385135135135137 0.08108108108108109 0.17229729729729729
1 0.972972972972973 0.43665540540540543 0.05405405405405406 0.14358108108108109
1 0.9695945945945946 0.5836148648648649 0.060810810810810814 0.16047297297297297
1 0.8893581081081081 0.5160472972972973 0.028716216216216218 0.06418918918918919
1 0.9239864864864865 0.5304054054054054 0.048986486486486486 0.07601351351351351
1 0.8902027027027027 0.6131756756756757 0.060810810810810814 0.13513513513513514
1 0.8471283783783784 0.5903716216216216 0.04222972972972973 0.10135135135135136
1 0.6613175675675675 0.629222972972973 0.07432432432432433 0.26013513513513514
1 0.7221283783783784 0.6157094594594594 0.07432432432432433 0.2195945945945946
1 0.6013513513513513 0.6089527027027027 0.057432432432432436 0.14695945945945946
1 0.5532094594594594 0.6157094594594594 0.052364864864864864 0.12162162162162163
1 0.37753378378378377 0.5236486486486487 0.04222972972972973 0.10304054054054054
1 0.3564189189189189 0.44510135135135137 0.05574324324324324 0.09966216216216216
1 0.33952702702702703 0.5118243243243243 0.037162162162162164 0.08277027027027027
1 0.31165540540540543 0.5219594594594594 0.037162162162162164 0.10810810810810811
1 0.28631756756756754 0.535472972972973 0.04054054054054054 0.11655405405405406
1 0.2626689189189189 0.5641891891891891 0.057432432432432436 0.11486486486486487
1 0.23479729729729729 0.4966216216216216 0.0472972972972973 0.13006756756756757
1 0.17567567567567569 0.504222972972973 0.08445945945945946 0.18243243243243243
1 0.13429054054054054 0.46621621621621623 0.048986486486486486 0.08445945945945946
1 0.10135135135135136 0.5118243243243243 0.033783783783783786 0.08277027027027027
1 0.07685810810810811 0.5008445945945946 0.030405405405405407 0.06756756756756757
1 0.057432432432432436 0.44341216216216217 0.05574324324324324 0.12331081081081081
1 0.12753378378378377 0.5734797297297297 0.03885135135135135 0.09966216216216216
1 0.10135135135135136 0.625 0.048986486486486486 0.09966216216216216
1 0.14527027027027026 0.643581081081081 0.04560810810810811 0.09628378378378379
1 0.19087837837837837 0.652027027027027 0.07263513513513513 0.17398648648648649
1 0.26182432432432434 0.6461148648648649 0.04391891891891892 0.0945945945945946
1 0.23479729729729729 0.691722972972973 0.04391891891891892 0.12837837837837837
1 0.16976351351351351 0.8040540540540541 0.04391891891891892 0.14358108108108109
1 0.14020270270270271 0.7837837837837838 0.033783783783783786 0.08952702702702703
1 0.11402027027027027 0.8048986486486487 0.04560810810810811 0.14695945945945946
1 0.08783783783783784 0.6976351351351351 0.030405405405405407 0.06418918918918919
1 0.14864864864864866 0.7094594594594594 0.02702702702702703 0.057432432432432436
1 0.01266891891891892 0.6621621621621622 0.02533783783783784 0.12162162162162163
1 0.04307432432432432 0.7449324324324325 0.060810810810810814 0.11824324324324324
1 0.009290540540540541 0.7820945945945946 0.018581081081081082 0.060810810810810814
1 0.004222972972972973 0.75 0.008445945945945946 0.057432432432432436
1 0.9391891891891891 0.6993243243243243 0.04560810810810811 0.1097972972972973
1 0.8961148648648649 0.768581081081081 0.0777027027027027 0.14358108108108109
1 0.972972972972973 0.7567567567567568 0.02364864864864865 0.11148648648648649
1 0.024493243243243243 0.8378378378378378 0.028716216216216218 0.06418918918918919
1 0.5050675675675675 0.6875 0.04391891891891892 0.13682432432432431
1 0.4577702702702703 0.6013513513513513 0.052364864864864864 0.08783783783783784
1 0.3766891891891892 0.6089527027027027 0.03885135135135135 0.08108108108108109
1 0.3251689189189189 0.5929054054054054 0.03885135135135135 0.0945945945945946
1 0.30743243243243246 0.6672297297297297 0.03547297297297297 0.07263513513513513
1 0.3581081081081081 0.65625 0.03885135135135135 0.07263513513513513
1 0.3344594594594595 0.6697635135135135 0.03209459459459459 0.08952702702702703
1 0.3910472972972973 0.6807432432432432 0.04054054054054054 0.0929054054054054
1 0.43243243243243246 0.6790540540540541 0.05574324324324324 0.10135135135135136
1 0.46114864864864863 0.7119932432432432 0.057432432432432436 0.14020270270270271
1 0.5532094594594594 0.7331081081081081 0.05912162162162162 0.12162162162162163
1 0.5945945945945946 0.7466216216216216 0.0472972972972973 0.13006756756756757
1 0.620777027027027 0.8065878378378378 0.052364864864864864 0.12331081081081081
1 0.6570945945945946 0.7972972972972973 0.03885135135135135 0.08614864864864864
1 0.714527027027027 0.7533783783783784 0.052364864864864864 0.08614864864864864
1 0.6866554054054054 0.8386824324324325 0.04560810810810811 0.09628378378378379
1 0.5743243243243243 0.8445945945945946 0.033783783783783786 0.08614864864864864
1 0.47888513513513514 0.8336148648648649 0.04560810810810811 0.0929054054054054
1 0.3420608108108108 0.762668918918919 0.0472972972972973 0.11824324324324324
1 0.4231418918918919 0.793918918918919 0.04391891891891892 0.10135135135135136
1 0.38682432432432434 0.8268581081081081 0.04054054054054054 0.08445945945945946
1 0.41638513513513514 0.8961148648648649 0.04222972972972973 0.10135135135135136
1 0.30067567567567566 0.8074324324324325 0.052364864864864864 0.12837837837837837
1 0.27533783783783783 0.7238175675675675 0.037162162162162164 0.06756756756756757
1 0.19341216216216217 0.8277027027027027 0.02364864864864865 0.04560810810810811
1 0.22719594594594594 0.8201013513513513 0.03547297297297297 0.08277027027027027
1 0.2533783783783784 0.777027027027027 0.030405405405405407 0.05574324324324324
1 0.27702702702702703 0.8184121621621622 0.02533783783783784 0.052364864864864864
1 0.14864864864864866 0.8902027027027027 0.02702702702702703 0.06756756756756757
1 0.1266891891891892 0.8783783783783784 0.03209459459459459 0.07263513513513513
1 0.06503378378378379 0.8429054054054054 0.052364864864864864 0.08783783783783784
1 0.9493243243243243 0.9155405405405406 0.04054054054054054 0.10641891891891891
1 0.9391891891891891 0.8268581081081081 0.037162162162162164 0.08108108108108109
1 0.2972972972972973 0.893581081081081 0.028716216216216218 0.06756756756756757
1 0.3454391891891892 0.8986486486486487 0.037162162162162164 0.08614864864864864