1 0.1767857142857143 0.46875 0.08035714285714286 0.19107142857142856
1 0.12053571428571429 0.48392857142857143 0.05892857142857143 0.16785714285714284
1 0.06339285714285714 0.475 0.07678571428571429 0.15357142857142858
1 0.015178571428571428 0.45 0.030357142857142857 0.15
1 0.16339285714285715 0.03214285714285714 0.08035714285714286 0.06428571428571428
1 0.09017857142857143 0.03482142857142857 0.05892857142857143 0.06964285714285715
1 0.048214285714285716 0.008928571428571428 0.03214285714285714 0.017857142857142856
1 0.03660714285714286 0.03125 0.01607142857142857 0.0625
1 0.04017857142857143 0.024107142857142858 0.019642857142857142 0.048214285714285716
1 0.0375 0.07142857142857142 0.02857142857142857 0.14285714285714285
1 0.03125 0.09464285714285714 0.02142857142857143 0.16785714285714284
1 0.029464285714285714 0.18125 0.02857142857142857 0.1875
1 0.009821428571428571 0.38392857142857145 0.019642857142857142 0.19464285714285715
1 0.016964285714285713 0.2910714285714286 0.014285714285714285 0.10357142857142858
1 0.010714285714285714 0.3625 0.014285714285714285 0.13392857142857142
1 0.03571428571428571 0.08571428571428572 0.02857142857142857 0.17142857142857143
1 0.02857142857142857 0.11875 0.017857142857142856 0.14107142857142857
1 0.020535714285714286 0.28125 0.025 0.19107142857142856
1 0.02142857142857143 0.3053571428571429 0.030357142857142857 0.18214285714285713
1 0.03482142857142857 0.25 0.055357142857142855 0.26071428571428573
1 0.14642857142857144 0.09821428571428571 0.048214285714285716 0.10535714285714286
1 0.4276785714285714 0.03125 0.08035714285714286 0.0625
1 0.525 0.1375 0.1392857142857143 0.275
1 0.375 0.13125 0.06607142857142857 0.1767857142857143
1 0.21696428571428572 0.16071428571428573 0.09285714285714286 0.25892857142857145
1 0.3026785714285714 0.1455357142857143 0.09107142857142857 0.21964285714285714
1 0.3125 0.019642857142857142 0.039285714285714285 0.039285714285714285
1 0.3464285714285714 0.30357142857142855 0.08035714285714286 0.175
1 0.26607142857142857 0.3366071428571429 0.08214285714285714 0.2017857142857143
1 0.20535714285714285 0.3044642857142857 0.07321428571428572 0.16428571428571428
1 0.14821428571428572 0.26160714285714287 0.06964285714285715 0.21964285714285714
1 0.10267857142857142 0.28482142857142856 0.060714285714285714 0.24107142857142858
1 0.5625 0.020535714285714286 0.06964285714285715 0.039285714285714285
1 0.45535714285714285 0.3375 0.06428571428571428 0.21607142857142858
1 0.29910714285714285 0.41964285714285715 0.05357142857142857 0.13214285714285715
1 0.4035714285714286 0.3607142857142857 0.06964285714285715 0.2017857142857143
1 0.5294642857142857 0.375 0.08392857142857142 0.18214285714285713
1 0.6 0.3982142857142857 0.06964285714285715 0.15
1 0.6017857142857143 0.5357142857142857 0.075 0.13214285714285715
1 0.5053571428571428 0.4830357142857143 0.030357142857142857 0.06785714285714285
1 0.5419642857142857 0.4973214285714286 0.05 0.08035714285714286
1 0.5098214285714285 0.5544642857142857 0.05714285714285714 0.08214285714285714
1 0.4625 0.55 0.04107142857142857 0.08214285714285714
1 0.2714285714285714 0.5241071428571429 0.0625 0.10892857142857143
1 0.3339285714285714 0.5294642857142857 0.06607142857142857 0.10714285714285714
1 0.20625 0.5410714285714285 0.05178571428571429 0.06607142857142857
1 0.15535714285714286 0.55 0.04642857142857143 0.04107142857142857
1 0.009821428571428571 0.48125 0.019642857142857142 0.15178571428571427
1 0.05357142857142857 0.5491071428571429 0.05 0.02857142857142857
1 0.7339285714285714 0.18482142857142858 0.13035714285714287 0.16785714285714284
1 0.3223214285714286 0.7785714285714286 0.6446428571428572 0.44285714285714284