1 0.32130584192439865 0.29896907216494845 0.06872852233676977 0.18213058419243985
1 0.37285223367697595 0.2774914089347079 0.04982817869415808 0.16151202749140894
1 0.4261168384879725 0.281786941580756 0.06013745704467354 0.14432989690721648
1 0.3797250859106529 0.6134020618556701 0.041237113402061855 0.027491408934707903
1 0.0352233676975945 0.5738831615120275 0.070446735395189 0.12027491408934708
1 0.15807560137457044 0.5927835051546392 0.05326460481099656 0.07903780068728522
1 0.30670103092783507 0.5515463917525774 0.07560137457044673 0.1563573883161512
1 0.22508591065292097 0.5730240549828178 0.07560137457044673 0.11683848797250859
1 0.1718213058419244 0.47079037800687284 0.06872852233676977 0.16494845360824742
1 0.24656357388316152 0.4321305841924399 0.06872852233676977 0.19243986254295534
1 0.30670103092783507 0.4579037800687285 0.06357388316151202 0.1563573883161512
1 0.36597938144329895 0.4948453608247423 0.05670103092783505 0.211340206185567
1 0.4072164948453608 0.468213058419244 0.048109965635738834 0.23024054982817868
1 0.06529209621993128 0.4475945017182131 0.05154639175257732 0.2027491408934708
1 0.20790378006872853 0.3556701030927835 0.044673539518900345 0.12371134020618557
1 0.11254295532646048 0.4209621993127148 0.05670103092783505 0.19243986254295534
1 0.01288659793814433 0.4175257731958763 0.02577319587628866 0.16838487972508592
1 0.007731958762886598 0.3118556701030928 0.015463917525773196 0.06357388316151202
1 0.00859106529209622 0.21305841924398625 0.01718213058419244 0.13402061855670103
1 0.03865979381443299 0.23195876288659795 0.03608247422680412 0.09965635738831616
1 0.22250859106529208 0.17353951890034364 0.058419243986254296 0.26288659793814434
1 0.16323024054982818 0.19329896907216496 0.06013745704467354 0.22164948453608246
1 0.2860824742268041 0.1872852233676976 0.048109965635738834 0.14604810996563575
1 0.3333333333333333 0.17525773195876287 0.044673539518900345 0.12027491408934708
1 0.3754295532646048 0.09707903780068729 0.03436426116838488 0.13745704467353953
1 0.43041237113402064 0.179553264604811 0.04639175257731959 0.0859106529209622
1 0.4381443298969072 0.0979381443298969 0.029209621993127148 0.1013745704467354
1 0.41580756013745707 0.06958762886597938 0.048109965635738834 0.13573883161512026
1 0.32130584192439865 0.06013745704467354 0.05154639175257732 0.1134020618556701
1 0.27835051546391754 0.05756013745704467 0.037800687285223365 0.10824742268041238
1 0.24484536082474226 0.03436426116838488 0.044673539518900345 0.06013745704467354
1 0.20876288659793815 0.02663230240549828 0.03264604810996564 0.0429553264604811
1 0.1563573883161512 0.05326460481099656 0.048109965635738834 0.08419243986254296
1 0.17525773195876287 0.029209621993127148 0.037800687285223365 0.04639175257731959
1 0.28865979381443296 0.02491408934707904 0.027491408934707903 0.0429553264604811
1 0.3865979381443299 0.024054982817869417 0.037800687285223365 0.044673539518900345
1 0.43986254295532645 0.02577319587628866 0.022336769759450172 0.04982817869415808
1 0.43900343642611683 0.02491408934707904 0.022336769759450172 0.048109965635738834
1 0.9020618556701031 0.31013745704467355 0.1958762886597938 0.6202749140893471
1 0.6907216494845361 0.3118556701030928 0.3470790378006873 0.6237113402061856
1 0.5171821305841925 0.3127147766323024 0.13402061855670103 0.6254295532646048
1 0.5008591065292096 0.3127147766323024 0.1013745704467354 0.6254295532646048
1 0.2345360824742268 0.8127147766323024 0.46563573883161513 0.3745704467353952
1 0.5171821305841925 0.756872852233677 0.04982817869415808 0.16666666666666666
1 0.8505154639175257 0.6512027491408935 0.041237113402061855 0.06357388316151202
1 0.5661512027491409 0.9338487972508591 0.04639175257731959 0.13058419243986255
1 0.5652920962199313 0.770618556701031 0.03608247422680412 0.14776632302405499
1 0.8281786941580757 0.9518900343642611 0.03436426116838488 0.08419243986254296
1 0.8556701030927835 0.6434707903780069 0.029209621993127148 0.048109965635738834
1 0.49054982817869414 0.6838487972508591 0.027491408934707903 0.09278350515463918
1 0.5163230240549829 0.8934707903780069 0.03264604810996564 0.12371134020618557
1 0.8762886597938144 0.9630584192439863 0.024054982817869417 0.06013745704467354
1 0.9587628865979382 0.6572164948453608 0.037800687285223365 0.07903780068728522
1 0.8118556701030928 0.6365979381443299 0.03436426116838488 0.03264604810996564
1 0.7749140893470791 0.6486254295532646 0.027491408934707903 0.05670103092783505
1 0.9029209621993127 0.6632302405498282 0.04639175257731959 0.08934707903780069
1 0.9862542955326461 0.7173539518900344 0.027491408934707903 0.14261168384879724
1 0.4793814432989691 0.9372852233676976 0.027491408934707903 0.1254295532646048
1 0.6211340206185567 0.7396907216494846 0.03951890034364261 0.16323024054982818
1 0.8290378006872853 0.8719931271477663 0.041237113402061855 0.15807560137457044
1 0.47079037800687284 0.8221649484536082 0.013745704467353952 0.12027491408934708
1 0.8152920962199313 0.7147766323024055 0.03608247422680412 0.13058419243986255
1 0.7268041237113402 0.6589347079037801 0.058419243986254296 0.07731958762886598
1 0.9879725085910653 0.6572164948453608 0.024054982817869417 0.08075601374570447
1 0.634020618556701 0.647766323024055 0.03436426116838488 0.04982817869415808
1 0.8462199312714777 0.686426116838488 0.041237113402061855 0.13402061855670103
1 0.6365979381443299 0.6623711340206185 0.03951890034364261 0.07903780068728522
1 0.8144329896907216 0.6486254295532646 0.030927835051546393 0.05670103092783505
1 0.7225085910652921 0.9183848797250859 0.041237113402061855 0.12714776632302405
1 0.9012027491408935 0.9750859106529209 0.07388316151202749 0.037800687285223365
1 0.9527491408934707 0.9587628865979382 0.06013745704467354 0.06872852233676977
1 0.988831615120275 0.8874570446735395 0.022336769759450172 0.20790378006872853
1 0.9149484536082474 0.877147766323024 0.03951890034364261 0.15120274914089346
1 0.9518900343642611 0.8161512027491409 0.054982817869415807 0.23024054982817868
1 0.8797250859106529 0.8298969072164949 0.0429553264604811 0.23367697594501718
1 0.9355670103092784 0.6563573883161512 0.029209621993127148 0.07731958762886598
1 0.961340206185567 0.6537800687285223 0.03264604810996564 0.07216494845360824
1 0.6554982817869416 0.802405498281787 0.05154639175257732 0.20618556701030927
1 0.7010309278350515 0.7912371134020618 0.041237113402061855 0.20790378006872853
1 0.7336769759450171 0.8006872852233677 0.03436426116838488 0.15463917525773196
1 0.5945017182130584 0.6675257731958762 0.041237113402061855 0.08762886597938144
1 0.5549828178694158 0.6666666666666666 0.030927835051546393 0.08419243986254296
1 0.5627147766323024 0.6503436426116839 0.02577319587628866 0.05154639175257732
1 0.5189003436426117 0.6554982817869416 0.027491408934707903 0.06013745704467354