1 0.09196428571428572 0.04017857142857143 0.09821428571428571 0.08035714285714286
1 0.31607142857142856 0.05625 0.1 0.1125
1 0.22321428571428573 0.05267857142857143 0.1 0.10535714285714286
1 0.48660714285714285 0.20267857142857143 0.10892857142857143 0.40535714285714286
1 0.45535714285714285 0.26339285714285715 0.04642857142857143 0.28214285714285714
1 0.48214285714285715 0.20267857142857143 0.1 0.40535714285714286
1 0.6803571428571429 0.20892857142857144 0.19285714285714287 0.4107142857142857
1 0.9196428571428571 0.21785714285714286 0.16071428571428573 0.4107142857142857
1 0.8517857142857143 0.34910714285714284 0.09821428571428571 0.14107142857142857
1 0.9241071428571429 0.21785714285714286 0.15178571428571427 0.4107142857142857
1 0.21696428571428572 0.6928571428571428 0.38571428571428573 0.6071428571428571
1 0.7053571428571429 0.7008928571428571 0.5892857142857143 0.5982142857142857