1 0.9428104575163399 0.0727124183006536 0.05392156862745098 0.10130718954248366
1 0.9926470588235294 0.0923202614379085 0.014705882352941176 0.12581699346405228
1 0.9019607843137255 0.39624183006535946 0.04411764705882353 0.1454248366013072
1 0.9550653594771242 0.42401960784313725 0.029411764705882353 0.12091503267973856
1 0.41911764705882354 0.03758169934640523 0.04738562091503268 0.07516339869281045
1 0.5040849673202614 0.0727124183006536 0.06045751633986928 0.1454248366013072
1 0.5522875816993464 0.13725490196078433 0.03594771241830065 0.13725490196078433
1 0.684640522875817 0.0857843137254902 0.0392156862745098 0.15522875816993464
1 0.8406862745098039 0.10702614379084967 0.04411764705882353 0.17973856209150327
1 0.8145424836601307 0.2434640522875817 0.0457516339869281 0.10784313725490197
1 0.8382352941176471 0.2777777777777778 0.032679738562091505 0.10620915032679738
1 0.8790849673202614 0.16584967320261437 0.03758169934640523 0.14705882352941177
1 0.7369281045751634 0.36519607843137253 0.0457516339869281 0.16013071895424835
1 0.4150326797385621 0.1715686274509804 0.05065359477124183 0.17973856209150327
1 0.4444444444444444 0.1830065359477124 0.0392156862745098 0.14215686274509803
1 0.49836601307189543 0.22549019607843138 0.0392156862745098 0.14215686274509803
1 0.5808823529411765 0.19444444444444445 0.04738562091503268 0.1650326797385621
1 0.5106209150326797 0.29330065359477125 0.03758169934640523 0.11601307189542484
1 0.2957516339869281 0.05228758169934641 0.049019607843137254 0.10457516339869281
1 0.1576797385620915 0.03022875816993464 0.03758169934640523 0.06045751633986928
1 0.10130718954248366 0.06290849673202614 0.0392156862745098 0.12581699346405228
1 0.0457516339869281 0.011437908496732025 0.042483660130718956 0.02287581699346405
1 0.27205882352941174 0.35866013071895425 0.032679738562091505 0.15849673202614378
1 0.32598039215686275 0.28104575163398693 0.032679738562091505 0.10784313725490197
1 0.12908496732026145 0.17238562091503268 0.05065359477124183 0.1454248366013072
1 0.03839869281045752 0.13562091503267973 0.049019607843137254 0.19444444444444445
1 0.13316993464052287 0.3709150326797386 0.024509803921568627 0.13071895424836602
1 0.190359477124183 0.10130718954248366 0.03758169934640523 0.20261437908496732
1 0.7671568627450981 0.0915032679738562 0.03758169934640523 0.15849673202614378
1 0.798202614379085 0.0392156862745098 0.04084967320261438 0.05065359477124183
1 0.7769607843137255 0.4820261437908497 0.04411764705882353 0.21405228758169934
1 0.33169934640522875 0.1650326797385621 0.05392156862745098 0.16176470588235295
1 0.3611111111111111 0.08006535947712418 0.0457516339869281 0.16013071895424835
1 0.45098039215686275 0.4991830065359477 0.026143790849673203 0.12254901960784313
1 0.619281045751634 0.061274509803921566 0.06209150326797386 0.11437908496732026
1 0.6356209150326797 0.5588235294117647 0.04738562091503268 0.14052287581699346
1 0.8553921568627451 0.5147058823529411 0.03104575163398693 0.11274509803921569
1 0.35866013071895425 0.43709150326797386 0.04738562091503268 0.1323529411764706