1 0.6430868167202572 0.0522508038585209 0.04983922829581994 0.10128617363344052
1 0.6969453376205788 0.06913183279742766 0.017684887459807074 0.12218649517684887
1 0.6141479099678456 0.3721864951768489 0.03858520900321544 0.1414790996784566
1 0.6663987138263665 0.3987138263665595 0.024115755627009645 0.11736334405144695
1 0.12620578778135047 0.03697749196141479 0.04340836012861737 0.07395498392282958
1 0.21061093247588425 0.06913183279742766 0.05466237942122187 0.1382636655948553
1 0.2612540192926045 0.1302250803858521 0.03054662379421222 0.13344051446945338
1 0.3882636655948553 0.07556270096463022 0.03376205787781351 0.15112540192926044
1 0.5434083601286174 0.09083601286173633 0.03697749196141479 0.1752411575562701
1 0.522508038585209 0.22508038585209003 0.04180064308681672 0.1045016077170418
1 0.5466237942122186 0.25884244372990356 0.028938906752411574 0.10289389067524116
1 0.5836012861736335 0.14710610932475884 0.03215434083601286 0.14308681672025725
1 0.45016077170418006 0.34807073954983925 0.04019292604501608 0.15594855305466238
1 0.1270096463022508 0.16881028938906753 0.04340836012861737 0.1752411575562701
1 0.1567524115755627 0.17845659163987138 0.03376205787781351 0.1382636655948553
1 0.21061093247588425 0.21945337620578778 0.03376205787781351 0.1382636655948553
1 0.2909967845659164 0.18488745980707397 0.04180064308681672 0.1607717041800643
1 0.22588424437299034 0.2853697749196141 0.03215434083601286 0.11254019292604502
1 0.016881028938906754 0.05305466237942122 0.02090032154340836 0.10610932475884244
1 0.014469453376205787 0.03456591639871383 0.01607717041800643 0.06913183279742766
1 0.014469453376205787 0.0747588424437299 0.01607717041800643 0.12540192926045016
1 0.01607717041800643 0.01929260450160772 0.01929260450160772 0.03858520900321544
1 0.007234726688102894 0.35771704180064307 0.012861736334405145 0.15434083601286175
1 0.04340836012861737 0.2797427652733119 0.028938906752411574 0.1045016077170418
1 0.01527331189710611 0.18086816720257234 0.022508038585209004 0.1414790996784566
1 0.02009646302250804 0.15112540192926044 0.03215434083601286 0.18971061093247588
1 0.005627009646302251 0.3770096463022508 0.008038585209003215 0.12861736334405144
1 0.012057877813504822 0.10369774919614148 0.014469453376205787 0.20739549839228297
1 0.4694533762057878 0.07717041800643087 0.03215434083601286 0.15434083601286175
1 0.4991961414790997 0.02491961414790997 0.03858520900321544 0.04983922829581994
1 0.49356913183279744 0.46141479099678456 0.03536977491961415 0.2090032154340836
1 0.04501607717041801 0.1647909967845659 0.04823151125401929 0.15755627009646303
1 0.06993569131832797 0.07958199356913183 0.04019292604501608 0.15916398713826366
1 0.17363344051446947 0.4895498392282958 0.02090032154340836 0.1189710610932476
1 0.32395498392282956 0.053858520900321546 0.05627009646302251 0.10771704180064309
1 0.35691318327974275 0.5353697749196141 0.04180064308681672 0.12379421221864952
1 0.5715434083601286 0.49115755627009644 0.02572347266881029 0.10932475884244373
1 0.08038585209003216 0.4316720257234727 0.04180064308681672 0.12861736334405144
1 0.9598070739549839 0.47266881028938906 0.08038585209003216 0.2347266881028939
1 0.8336012861736335 0.4694533762057878 0.09485530546623794 0.24758842443729903
1 0.9091639871382636 0.47186495176848875 0.06270096463022508 0.2395498392282958
1 0.8553054662379421 0.26688102893890675 0.08842443729903537 0.1527331189710611
1 0.752411575562701 0.42604501607717044 0.11093247588424437 0.31511254019292606
1 0.5369774919614148 0.9581993569131833 0.08681672025723473 0.08360128617363344
1 0.2757234726688103 0.930064308681672 0.04823151125401929 0.11254019292604502
1 0.45980707395498394 0.977491961414791 0.06109324758842444 0.04501607717041801
1 0.3062700964630225 0.867363344051447 0.05627009646302251 0.12379421221864952
1 0.3842443729903537 0.6221864951768489 0.03858520900321544 0.04823151125401929
1 0.02090032154340836 0.6221864951768489 0.04180064308681672 0.06109324758842444
1 0.0297427652733119 0.9477491961414791 0.0594855305466238 0.08842443729903537
1 0.43488745980707394 0.7596463022508039 0.04662379421221865 0.09807073954983923
1 0.16318327974276528 0.9622186495176849 0.05144694533762058 0.06591639871382636
1 0.13344051446945338 0.9067524115755627 0.04983922829581994 0.1302250803858521
1 0.008842443729903537 0.8617363344051447 0.017684887459807074 0.06752411575562701
1 0.4397106109324759 0.909967845659164 0.04501607717041801 0.09807073954983923
1 0.10691318327974277 0.7596463022508039 0.05466237942122187 0.10289389067524116
1 0.5297427652733119 0.860128617363344 0.04501607717041801 0.11254019292604502
1 0.22508038585209003 0.8327974276527331 0.04501607717041801 0.08360128617363344
1 0.1607717041800643 0.7877813504823151 0.05466237942122187 0.1189710610932476
1 0.5 0.7982315112540193 0.03697749196141479 0.07395498392282958
1 0.1189710610932476 0.6422829581993569 0.04501607717041801 0.09807073954983923
1 0.5594855305466238 0.8143086816720257 0.04180064308681672 0.10771704180064309
1 0.3159163987138264 0.7540192926045016 0.04501607717041801 0.11093247588424437
1 0.15836012861736334 0.6728295819935691 0.04662379421221865 0.11736334405144695
1 0.012861736334405145 0.9509646302250804 0.02572347266881029 0.07877813504823152
1 0.0747588424437299 0.6463022508038585 0.04983922829581994 0.10932475884244373
1 0.45739549839228294 0.6334405144694534 0.04019292604501608 0.06913183279742766
1 0.005627009646302251 0.6077170418006431 0.011254019292604502 0.03536977491961415
1 0.4702572347266881 0.6591639871382636 0.04983922829581994 0.12218649517684887
1 0.05144694533762058 0.8054662379421221 0.05787781350482315 0.12057877813504823
1 0.011254019292604502 0.7829581993569131 0.022508038585209004 0.09646302250803858
1 0.24839228295819935 0.7435691318327974 0.05144694533762058 0.10771704180064309
1 0.22427652733118972 0.927652733118971 0.05627009646302251 0.10932475884244373
1 0.02491961414790997 0.6929260450160771 0.04983922829581994 0.11254019292604502
1 0.014469453376205787 0.6752411575562701 0.028938906752411574 0.13504823151125403
1 0.6454983922829582 0.6286173633440515 0.04340836012861737 0.05305466237942122
1 0.3866559485530547 0.7580385852090032 0.05466237942122187 0.11093247588424437
1 0.407556270096463 0.9533762057877814 0.05466237942122187 0.09163987138263666
1 0.01045016077170418 0.8078778135048231 0.02090032154340836 0.11736334405144695
1 0.0747588424437299 0.9533762057877814 0.04180064308681672 0.07877813504823152
1 0.19051446945337622 0.6141479099678456 0.028938906752411574 0.04019292604501608
1 0.011254019292604502 0.7363344051446945 0.022508038585209004 0.13504823151125403
1 0.19051446945337622 0.6278135048231511 0.03376205787781351 0.06752411575562701
1 0.5610932475884244 0.727491961414791 0.03697749196141479 0.0932475884244373
1 0.2966237942122186 0.6945337620578779 0.04340836012861737 0.11414790996784566
1 0.26607717041800644 0.6141479099678456 0.03536977491961415 0.03697749196141479
1 0.6133440514469454 0.6302250803858521 0.04983922829581994 0.0594855305466238
1 0.18971061093247588 0.7081993569131833 0.03376205787781351 0.1045016077170418
1 0.2532154340836013 0.6213826366559485 0.04019292604501608 0.05144694533762058
1 0.33440514469453375 0.6278135048231511 0.04501607717041801 0.06270096463022508
1 0.48392282958199356 0.7572347266881029 0.03215434083601286 0.07717041800643087
1 0.15032154340836013 0.6197749196141479 0.04340836012861737 0.05305466237942122
1 0.6165594855305466 0.6197749196141479 0.03858520900321544 0.03536977491961415
1 0.012861736334405145 0.6366559485530546 0.02572347266881029 0.0932475884244373
1 0.006430868167202572 0.610128617363344 0.012861736334405145 0.04019292604501608
1 0.1607717041800643 0.6141479099678456 0.03376205787781351 0.04019292604501608
1 0.6157556270096463 0.8922829581993569 0.08681672025723473 0.21543408360128619
1 0.3135048231511254 0.6286173633440515 0.04501607717041801 0.06430868167202572
1 0.49437299035369775 0.635048231511254 0.04662379421221865 0.0707395498392283
1 0.6189710610932476 0.7242765273311897 0.04983922829581994 0.12540192926045016
1 0.7805466237942122 0.8842443729903537 0.18488745980707397 0.2315112540192926
1 0.9662379421221865 0.9501607717041801 0.05144694533762058 0.09967845659163987
1 0.8866559485530546 0.9662379421221865 0.1495176848874598 0.06752411575562701