1 0.5706349206349206 0.4865079365079365 0.06825396825396825 0.16984126984126985
1 0.5238095238095238 0.5079365079365079 0.050793650793650794 0.15079365079365079
1 0.4714285714285714 0.5047619047619047 0.06507936507936508 0.1365079365079365
1 0.4142857142857143 0.48968253968253966 0.050793650793650794 0.13333333333333333
1 0.5079365079365079 0.06587301587301587 0.07301587301587302 0.13174603174603175
1 0.44603174603174606 0.08253968253968254 0.05238095238095238 0.1253968253968254
1 0.396031746031746 0.05396825396825397 0.047619047619047616 0.1
1 0.27936507936507937 0.08095238095238096 0.06190476190476191 0.14285714285714285
1 0.20476190476190476 0.07857142857142857 0.06984126984126984 0.13015873015873017
1 0.044444444444444446 0.06507936507936508 0.05396825396825397 0.0873015873015873
1 0.11031746031746031 0.06666666666666667 0.046031746031746035 0.09523809523809523
1 0.02857142857142857 0.16031746031746033 0.05714285714285714 0.15555555555555556
1 0.1380952380952381 0.25396825396825395 0.049206349206349205 0.1634920634920635
1 0.22698412698412698 0.18174603174603174 0.06190476190476191 0.1523809523809524
1 0.19047619047619047 0.2642857142857143 0.04126984126984127 0.14285714285714285
1 0.07301587301587302 0.26746031746031745 0.0761904761904762 0.16984126984126985
1 0.05793650793650794 0.3753968253968254 0.03968253968253968 0.07777777777777778
1 0.023809523809523808 0.4507936507936508 0.047619047619047616 0.1746031746031746
1 0.17063492063492064 0.3603174603174603 0.05555555555555555 0.09523809523809523
1 0.1261904761904762 0.42777777777777776 0.05555555555555555 0.12222222222222222
1 0.17222222222222222 0.4373015873015873 0.04285714285714286 0.09206349206349207
1 0.10793650793650794 0.4865079365079365 0.03650793650793651 0.08253968253968254
1 0.04365079365079365 0.5476190476190477 0.04285714285714286 0.08253968253968254
1 0.10317460317460317 0.6365079365079365 0.044444444444444446 0.1
1 0.07222222222222222 0.6373015873015873 0.03492063492063492 0.07777777777777778
1 0.05317460317460317 0.611904761904762 0.0380952380952381 0.08253968253968254
1 0.02619047619047619 0.6238095238095238 0.03333333333333333 0.08095238095238096
1 0.020634920634920634 0.7 0.025396825396825397 0.07777777777777778
1 0.10714285714285714 0.6936507936507936 0.0380952380952381 0.06190476190476191
1 0.3468253968253968 0.15873015873015872 0.07301587301587302 0.1746031746031746
1 0.28809523809523807 0.2007936507936508 0.05714285714285714 0.12857142857142856
1 0.2507936507936508 0.3468253968253968 0.07142857142857142 0.173015873015873
1 0.2785714285714286 0.43333333333333335 0.046031746031746035 0.11428571428571428
1 0.33095238095238094 0.36428571428571427 0.07936507936507936 0.16507936507936508
1 0.40714285714285714 0.3103174603174603 0.07777777777777778 0.23333333333333334
1 0.5047619047619047 0.1634920634920635 0.04126984126984127 0.09365079365079365
1 0.7436507936507937 0.05 0.0746031746031746 0.1
1 0.8436507936507937 0.15634920634920635 0.12063492063492064 0.24603174603174602
1 0.7095238095238096 0.16825396825396827 0.05555555555555555 0.15555555555555556
1 0.573015873015873 0.2111111111111111 0.07777777777777778 0.22857142857142856
1 0.6476190476190476 0.1880952380952381 0.07777777777777778 0.19365079365079366
1 0.6388888888888888 0.046825396825396826 0.03650793650793651 0.09365079365079365
1 0.7031746031746032 0.32301587301587303 0.06825396825396825 0.15555555555555556
1 0.6357142857142857 0.3611111111111111 0.06984126984126984 0.17936507936507937
1 0.5793650793650794 0.3396825396825397 0.06349206349206349 0.14603174603174604
1 0.523015873015873 0.30714285714285716 0.05873015873015873 0.19365079365079366
1 0.4857142857142857 0.3333333333333333 0.050793650793650794 0.21428571428571427
1 0.8603174603174604 0.02857142857142857 0.06349206349206349 0.05714285714285714
1 0.8023809523809524 0.3412698412698413 0.05396825396825397 0.19047619047619047
1 0.6738095238095239 0.4301587301587302 0.046031746031746035 0.11587301587301588
1 0.7595238095238095 0.3674603174603175 0.05873015873015873 0.17777777777777778
1 0.8722222222222222 0.36587301587301585 0.07142857142857142 0.16031746031746033
1 0.9373015873015873 0.37857142857142856 0.05873015873015873 0.13333333333333333
1 0.9555555555555556 0.5174603174603175 0.06666666666666667 0.15079365079365079
1 0.8626984126984127 0.4642857142857143 0.025396825396825397 0.06031746031746032
1 0.8968253968253969 0.473015873015873 0.04285714285714286 0.06984126984126984
1 0.8761904761904762 0.553968253968254 0.05238095238095238 0.1253968253968254
1 0.8333333333333334 0.5388888888888889 0.03650793650793651 0.09365079365079365
1 0.6658730158730158 0.5992063492063492 0.06190476190476191 0.24285714285714285
1 0.7206349206349206 0.5793650793650794 0.06349206349206349 0.20634920634920634
1 0.6071428571428571 0.5880952380952381 0.049206349206349205 0.1365079365079365
1 0.5634920634920635 0.6007936507936508 0.046031746031746035 0.1126984126984127
1 0.3873015873015873 0.5380952380952381 0.03650793650793651 0.09523809523809523
1 0.35793650793650794 0.46746031746031746 0.049206349206349205 0.09206349206349207
1 0.35079365079365077 0.5317460317460317 0.031746031746031744 0.07777777777777778
1 0.3261904761904762 0.5452380952380952 0.031746031746031744 0.10158730158730159
1 0.3047619047619048 0.5611111111111111 0.03492063492063492 0.10952380952380952
1 0.2865079365079365 0.5904761904761905 0.049206349206349205 0.10634920634920635
1 0.2515873015873016 0.530952380952381 0.04126984126984127 0.12063492063492064
1 0.1976190476190476 0.546031746031746 0.07301587301587302 0.16984126984126985
1 0.15317460317460319 0.5166666666666667 0.04285714285714286 0.07777777777777778
1 0.12936507936507938 0.5634920634920635 0.02857142857142857 0.07777777777777778
1 0.10476190476190476 0.5563492063492064 0.026984126984126985 0.06349206349206349
1 0.07936507936507936 0.5055555555555555 0.049206349206349205 0.11428571428571428
1 0.16111111111111112 0.6174603174603175 0.03333333333333333 0.09365079365079365
1 0.14444444444444443 0.669047619047619 0.04285714285714286 0.09206349206349207
1 0.1865079365079365 0.6801587301587302 0.03968253968253968 0.08888888888888889
1 0.23095238095238096 0.6817460317460318 0.06190476190476191 0.1619047619047619
1 0.29603174603174603 0.6674603174603174 0.0380952380952381 0.0873015873015873
1 0.276984126984127 0.7126984126984127 0.0380952380952381 0.12063492063492064
1 0.23095238095238096 0.8261904761904761 0.03650793650793651 0.1349206349206349
1 0.2007936507936508 0.8111111111111111 0.03015873015873016 0.08412698412698413
1 0.17857142857142858 0.8341269841269842 0.0380952380952381 0.1380952380952381
1 0.14047619047619048 0.7380952380952381 0.026984126984126985 0.06031746031746032
1 0.1984126984126984 0.7404761904761905 0.023809523809523808 0.05396825396825397
1 0.05555555555555555 0.7182539682539683 0.046031746031746035 0.1126984126984127
1 0.10476190476190476 0.7880952380952381 0.05396825396825397 0.10952380952380952
1 0.07698412698412699 0.8269841269841269 0.020634920634920634 0.05714285714285714
1 0.05952380952380952 0.7992063492063493 0.026984126984126985 0.05396825396825397
1 0.9333333333333333 0.6285714285714286 0.03968253968253968 0.10158730158730159
1 0.9023809523809524 0.6984126984126984 0.06825396825396825 0.13333333333333333
1 0.9817460317460317 0.676984126984127 0.03650793650793651 0.10634920634920635
1 0.04126984126984127 0.873015873015873 0.03015873015873016 0.0746031746031746
1 0.03333333333333333 0.7968253968253968 0.026984126984126985 0.07142857142857142
1 0.1 0.876984126984127 0.025396825396825397 0.06031746031746032
1 0.5277777777777778 0.6738095238095239 0.03650793650793651 0.12857142857142856
1 0.473015873015873 0.6 0.047619047619047616 0.08095238095238096
1 0.3984126984126984 0.6174603174603175 0.03333333333333333 0.0761904761904762
1 0.3476190476190476 0.6095238095238096 0.03333333333333333 0.08888888888888889
1 0.3412698412698413 0.680952380952381 0.03015873015873016 0.06825396825396825
1 0.3873015873015873 0.6642857142857143 0.03492063492063492 0.06666666666666667
1 0.36666666666666664 0.6793650793650794 0.02857142857142857 0.08412698412698413
1 0.42063492063492064 0.6825396825396826 0.03492063492063492 0.0873015873015873
1 0.4587301587301587 0.6753968253968254 0.049206349206349205 0.09365079365079365
1 0.48968253968253966 0.7023809523809523 0.049206349206349205 0.13015873015873017
1 0.5785714285714286 0.7095238095238096 0.05238095238095238 0.1126984126984127
1 0.6190476190476191 0.7174603174603175 0.04126984126984127 0.12063492063492064
1 0.6507936507936508 0.7698412698412699 0.046031746031746035 0.11428571428571428
1 0.6833333333333333 0.7555555555555555 0.03492063492063492 0.08095238095238096
1 0.7309523809523809 0.707936507936508 0.047619047619047616 0.07936507936507936
1 0.7166666666666667 0.7904761904761904 0.03968253968253968 0.08888888888888889
1 0.6126984126984127 0.8111111111111111 0.03015873015873016 0.08095238095238096
1 0.523015873015873 0.8134920634920635 0.03968253968253968 0.08571428571428572
1 0.38571428571428573 0.765079365079365 0.04126984126984127 0.10952380952380952
1 0.4658730158730159 0.7841269841269841 0.0380952380952381 0.09365079365079365
1 0.4357142857142857 0.819047619047619 0.03492063492063492 0.07777777777777778
1 0.4722222222222222 0.8793650793650793 0.03650793650793651 0.09365079365079365
1 0.3531746031746032 0.8119047619047619 0.046031746031746035 0.11904761904761904
1 0.31825396825396823 0.7373015873015873 0.03333333333333333 0.06190476190476191
1 0.25555555555555554 0.8452380952380952 0.020634920634920634 0.04285714285714286
1 0.2865079365079365 0.8341269841269842 0.03015873015873016 0.07777777777777778
1 0.3055555555555556 0.7896825396825397 0.026984126984126985 0.05238095238095238
1 0.3325396825396825 0.8261904761904761 0.022222222222222223 0.049206349206349205
1 0.2222222222222222 0.9087301587301587 0.023809523809523808 0.06349206349206349
1 0.2007936507936508 0.9007936507936508 0.026984126984126985 0.06825396825396825
1 0.1380952380952381 0.8761904761904762 0.047619047619047616 0.08095238095238096
1 0.9746031746031746 0.8285714285714286 0.04126984126984127 0.1
1 0.95 0.7468253968253968 0.031746031746031744 0.0761904761904762
1 0.3619047619047619 0.8928571428571429 0.025396825396825397 0.06349206349206349
1 0.40714285714285714 0.8912698412698413 0.03333333333333333 0.08095238095238096