1 0.05819672131147541 0.44016393442622953 0.047540983606557376 0.10819672131147541
1 0.25901639344262295 0.3516393442622951 0.08196721311475409 0.28032786885245903
1 0.35 0.3877049180327869 0.08360655737704918 0.20491803278688525
1 0.5295081967213114 0.37459016393442623 0.09016393442622951 0.22459016393442624
1 0.44426229508196724 0.37868852459016394 0.07377049180327869 0.21967213114754097
1 0.6188524590163934 0.3524590163934426 0.03114754098360656 0.2639344262295082
1 0.9844262295081967 0.2942622950819672 0.029508196721311476 0.2901639344262295
1 0.9483606557377049 0.28770491803278686 0.05081967213114754 0.260655737704918
1 0.8811475409836066 0.30327868852459017 0.10655737704918032 0.3163934426229508
1 0.739344262295082 0.3008196721311475 0.22295081967213115 0.36721311475409835
1 0.32131147540983607 0.7540983606557377 0.6426229508196721 0.4918032786885246
1 0.7745901639344263 0.6303278688524591 0.28032786885245903 0.3016393442622951