1 0.13494809688581316 0.17560553633217993 0.13494809688581316 0.07439446366782007
1 0.14619377162629757 0.10726643598615918 0.27162629757785467 0.21453287197231835
1 0.9757785467128027 0.06747404844290658 0.04844290657439446 0.10380622837370242
1 0.3737024221453287 0.606401384083045 0.370242214532872 0.78719723183391
1 0.7179930795847751 0.34515570934256057 0.21280276816608998 0.23529411764705882
1 0.5960207612456747 0.45069204152249137 0.10380622837370242 0.33391003460207613
1 0.8650519031141869 0.5250865051903114 0.21972318339100347 0.40657439446366783
1 0.9567474048442907 0.722318339100346 0.07612456747404844 0.12975778546712802
1 0.8062283737024222 0.7430795847750865 0.08304498269896193 0.1245674740484429
1 0.8788927335640139 0.7724913494809689 0.06401384083044982 0.10726643598615918
1 0.9550173010380623 0.8365051903114187 0.06920415224913495 0.11245674740484429
1 0.7439446366782007 0.8884083044982699 0.05709342560553633 0.0986159169550173
1 0.8347750865051903 0.907439446366782 0.04325259515570934 0.08823529411764706
1 0.7214532871972318 0.9541522491349481 0.04844290657439446 0.09169550173010381
1 0.6626297577854672 0.8001730103806228 0.10553633217993079 0.17128027681660898
1 0.620242214532872 0.6617647058823529 0.1643598615916955 0.32698961937716264
1 0.5631487889273357 0.6937716262975778 0.04844290657439446 0.16262975778546712
1 0.5666089965397924 0.7508650519031141 0.06055363321799308 0.2041522491349481
1 0.5605536332179931 0.8200692041522492 0.05190311418685121 0.1522491349480969
1 0.5493079584775087 0.8719723183391004 0.031141868512110725 0.10553633217993079
1 0.5501730103806228 0.8434256055363322 0.031141868512110725 0.11072664359861592
1 0.5458477508650519 0.8901384083044983 0.025951557093425604 0.10553633217993079
1 0.5441176470588235 0.9420415224913494 0.02422145328719723 0.07093425605536333
1 0.5415224913494809 0.9792387543252595 0.020761245674740483 0.04152249134948097
1 0.5406574394463668 0.9939446366782007 0.01903114186851211 0.012110726643598616
1 0.5432525951557093 0.967128027681661 0.02422145328719723 0.0657439446366782
1 0.6686851211072664 0.9316608996539792 0.04498269896193772 0.07958477508650519