1 0.08129370629370629 0.4597902097902098 0.06993006993006994 0.1853146853146853
1 0.1354895104895105 0.4798951048951049 0.050699300699300696 0.16433566433566432
1 0.19143356643356643 0.47202797202797203 0.06643356643356643 0.1486013986013986
1 0.2534965034965035 0.45104895104895104 0.050699300699300696 0.1451048951048951
1 0.11625874125874126 0.03583916083916084 0.07517482517482517 0.05944055944055944
1 0.18793706293706294 0.039335664335664336 0.050699300699300696 0.06818181818181818
1 0.2403846153846154 0.0236013986013986 0.0472027972027972 0.038461538461538464
1 0.3715034965034965 0.03496503496503497 0.06118881118881119 0.06818181818181818
1 0.42132867132867136 0.09965034965034965 0.03496503496503497 0.16433566433566432
1 0.30244755244755245 0.09003496503496504 0.07342657342657342 0.17482517482517482
1 0.36975524475524474 0.125 0.057692307692307696 0.13986013986013987
1 0.4143356643356643 0.28234265734265734 0.055944055944055944 0.1888111888111888
1 0.3986013986013986 0.3793706293706294 0.045454545454545456 0.12412587412587413
1 0.3356643356643357 0.3068181818181818 0.08216783216783216 0.18006993006993008
1 0.24737762237762237 0.2534965034965035 0.07517482517482517 0.25524475524475526
1 0.12937062937062938 0.09965034965034965 0.043706293706293704 0.10139860139860139
1 0.057692307692307696 0.15734265734265734 0.07692307692307693 0.25
1 0.006118881118881119 0.13636363636363635 0.012237762237762238 0.2097902097902098
1 0.017482517482517484 0.32604895104895104 0.03496503496503497 0.19405594405594406
1 0.06118881118881119 0.29895104895104896 0.06468531468531469 0.1590909090909091
1 0.11975524475524475 0.25961538461538464 0.057692307692307696 0.21328671328671328
1 0.16346153846153846 0.28496503496503495 0.04895104895104895 0.23426573426573427
1 0.04895104895104895 0.5681818181818182 0.04895104895104895 0.1381118881118881
1 0.09877622377622378 0.5795454545454546 0.045454545454545456 0.11363636363636363
1 0.2867132867132867 0.5026223776223776 0.03671328671328671 0.10314685314685315
1 0.3138111888111888 0.4230769230769231 0.050699300699300696 0.09965034965034965
1 0.3269230769230769 0.49213286713286714 0.033216783216783216 0.08391608391608392
1 0.3548951048951049 0.5052447552447552 0.03146853146853147 0.11013986013986014
1 0.3793706293706294 0.5209790209790209 0.033216783216783216 0.11888111888111888
1 0.4020979020979021 0.5524475524475524 0.050699300699300696 0.11538461538461539
1 0.43006993006993005 0.48426573426573427 0.02972027972027972 0.13111888111888112
1 0.395979020979021 0.6101398601398601 0.03671328671328671 0.04195804195804196
1 0.14248251748251747 0.6136363636363636 0.033216783216783216 0.043706293706293704
1 0.19755244755244755 0.5769230769230769 0.04895104895104895 0.08741258741258741
1 0.28146853146853146 0.590034965034965 0.03496503496503497 0.08216783216783216
1 0.33653846153846156 0.5777972027972028 0.033216783216783216 0.09615384615384616
1 0.29545454545454547 0.6188811188811189 0.03496503496503497 0.027972027972027972
1 0.31905594405594406 0.6215034965034965 0.026223776223776224 0.022727272727272728
1 0.21678321678321677 0.6215034965034965 0.04895104895104895 0.026223776223776224
1 0.7263986013986014 0.29895104895104896 0.5472027972027972 0.5979020979020979
1 0.2701048951048951 0.6512237762237763 0.055944055944055944 0.03671328671328671
1 0.5314685314685315 0.9291958041958042 0.16083916083916083 0.14160839160839161