1 0.41385135135135137 0.03462837837837838 0.037162162162162164 0.06925675675675676
1 0.3783783783783784 0.02956081081081081 0.05067567567567568 0.05912162162162162
1 0.3217905405405405 0.02364864864864865 0.06587837837837837 0.0472972972972973
1 0.2635135135135135 0.02027027027027027 0.05067567567567568 0.04054054054054054
1 0.38682432432432434 0.02702702702702703 0.07432432432432433 0.05405405405405406
1 0.32010135135135137 0.021114864864864864 0.052364864864864864 0.04222972972972973
1 0.26942567567567566 0.014358108108108109 0.048986486486486486 0.028716216216216218
1 0.14273648648648649 0.02027027027027027 0.0625 0.04054054054054054
1 0.06587837837837837 0.014358108108108109 0.06756756756756757 0.028716216216216218
1 0.08023648648648649 0.019425675675675675 0.0625 0.03885135135135135
1 0.04391891891891892 0.015202702702702704 0.02702702702702703 0.030405405405405407
1 0.21030405405405406 0.030405405405405407 0.07263513513513513 0.060810810810810814
1 0.14527027027027026 0.014358108108108109 0.057432432432432436 0.028716216216216218
1 0.09797297297297297 0.02533783783783784 0.07094594594594594 0.05067567567567568
1 0.12246621621621621 0.010135135135135136 0.04560810810810811 0.02027027027027027
1 0.18074324324324326 0.026182432432432432 0.08108108108108109 0.052364864864864864
1 0.2643581081081081 0.0472972972972973 0.07601351351351351 0.0945945945945946
1 0.3766891891891892 0.014358108108108109 0.04054054054054054 0.028716216216216218
1 0.3876689189189189 0.04054054054054054 0.05912162162162162 0.08108108108108109
1 0.3471283783783784 0.04560810810810811 0.048986486486486486 0.09121621621621621
1 0.41047297297297297 0.05320945945945946 0.04391891891891892 0.10641891891891891
1 0.23395270270270271 0.009290540540540541 0.03547297297297297 0.018581081081081082
1 0.20523648648648649 0.007601351351351352 0.048986486486486486 0.015202702702702704
1 0.19510135135135134 0.0033783783783783786 0.03209459459459459 0.006756756756756757
1 0.16638513513513514 0.008445945945945946 0.03209459459459459 0.016891891891891893
1 0.14358108108108109 0.015202702702702704 0.033783783783783786 0.030405405405405407
1 0.12077702702702703 0.028716216216216218 0.052364864864864864 0.057432432432432436
1 0.08783783783783784 0.01097972972972973 0.04054054054054054 0.02195945945945946
1 0.04814189189189189 0.02195945945945946 0.03547297297297297 0.04391891891891892
1 0.05405405405405406 0.08952702702702703 0.06418918918918919 0.17229729729729729
1 0.12246621621621621 0.08361486486486487 0.04222972972972973 0.0929054054054054
1 0.09628378378378379 0.12922297297297297 0.04222972972972973 0.12837837837837837
1 0.033783783783783786 0.24324324324324326 0.04222972972972973 0.14358108108108109
1 0.36655405405405406 0.12077702702702703 0.04222972972972973 0.13682432432432431
1 0.31756756756756754 0.03969594594594594 0.05067567567567568 0.07939189189189189
1 0.23733108108108109 0.04391891891891892 0.037162162162162164 0.08108108108108109
1 0.18412162162162163 0.03800675675675676 0.037162162162162164 0.07601351351351351
1 0.16891891891891891 0.10304054054054054 0.033783783783783786 0.07263513513513513
1 0.2195945945945946 0.09206081081081081 0.03885135135135135 0.07094594594594594
1 0.19594594594594594 0.10557432432432433 0.03209459459459459 0.08952702702702703
1 0.25253378378378377 0.11486486486486487 0.03885135135135135 0.0929054054054054
1 0.2939189189189189 0.11317567567567567 0.05405405405405406 0.10135135135135136
1 0.3234797297297297 0.14527027027027026 0.05574324324324324 0.14020270270270271
1 0.40625 0.16300675675675674 0.037162162162162164 0.11993243243243243
1 0.34375 0.2668918918918919 0.04391891891891892 0.09121621621621621
1 0.20523648648648649 0.19847972972972974 0.04560810810810811 0.11655405405405406
1 0.28716216216216217 0.22888513513513514 0.04222972972972973 0.09966216216216216
1 0.25084459459459457 0.26182432432432434 0.03885135135135135 0.08277027027027027
1 0.28125 0.3302364864864865 0.04054054054054054 0.09966216216216216
1 0.16469594594594594 0.24408783783783783 0.05067567567567568 0.12837837837837837
1 0.13766891891891891 0.16047297297297297 0.037162162162162164 0.06587837837837837
1 0.057432432432432436 0.2660472972972973 0.02364864864864865 0.04560810810810811
1 0.09121621621621621 0.25844594594594594 0.033783783783783786 0.08277027027027027
1 0.11739864864864864 0.21452702702702703 0.028716216216216218 0.05574324324324324
1 0.14104729729729729 0.25591216216216217 0.02364864864864865 0.052364864864864864
1 0.017736486486486486 0.3285472972972973 0.018581081081081082 0.06587837837837837
1 0.16300675675675674 0.3302364864864865 0.028716216216216218 0.06756756756756757
1 0.21114864864864866 0.3344594594594595 0.03547297297297297 0.08614864864864864
1 0.41638513513513514 0.38175675675675674 0.02702702702702703 0.06756756756756757
1 0.41216216216216217 0.3716216216216216 0.018581081081081082 0.08445945945945946
1 0.41638513513513514 0.36908783783783783 0.02702702702702703 0.0929054054054054
1 0.41638513513513514 0.38682432432432434 0.02702702702702703 0.057432432432432436
1 0.4172297297297297 0.30574324324324326 0.018581081081081082 0.06925675675675676
1 0.5785472972972973 0.3589527027027027 0.35135135135135137 0.1570945945945946
1 0.08023648648648649 0.7905405405405406 0.16047297297297297 0.36824324324324326
1 0.5287162162162162 0.8505067567567568 0.3344594594594595 0.2989864864864865