1 0.569935691318328 0.4895498392282958 0.06752411575562701 0.17041800643086816
1 0.520096463022508 0.5072347266881029 0.04823151125401929 0.1527331189710611
1 0.4678456591639871 0.4991961414790997 0.06430868167202572 0.13665594855305466
1 0.4115755627009646 0.4782958199356913 0.04983922829581994 0.13504823151125403
1 0.5442122186495176 0.0635048231511254 0.07234726688102894 0.12540192926045016
1 0.47990353697749194 0.0707395498392283 0.05144694533762058 0.1270096463022508
1 0.4316720257234727 0.04421221864951769 0.04662379421221865 0.08842443729903537
1 0.31109324758842444 0.06270096463022508 0.0594855305466238 0.12540192926045016
1 0.23553054662379422 0.05466237942122187 0.06913183279742766 0.10932475884244373
1 0.0747588424437299 0.03054662379421222 0.05305466237942122 0.06109324758842444
1 0.1414790996784566 0.03617363344051447 0.04501607717041801 0.07234726688102894
1 0.04501607717041801 0.11093247588424437 0.06752411575562701 0.15594855305466238
1 0.1535369774919614 0.2170418006430868 0.04823151125401929 0.16559485530546625
1 0.2491961414790997 0.15192926045016078 0.0594855305466238 0.1527331189710611
1 0.204983922829582 0.2315112540192926 0.03858520900321544 0.14469453376205788
1 0.08681672025723473 0.22427652733118972 0.07556270096463022 0.17041800643086816
1 0.06189710610932476 0.3319935691318328 0.04019292604501608 0.07877813504823152
1 0.021704180064308683 0.40514469453376206 0.04340836012861737 0.17684887459807075
1 0.17684887459807075 0.3271704180064309 0.05466237942122187 0.09485530546623794
1 0.12540192926045016 0.39067524115755625 0.05466237942122187 0.12218649517684887
1 0.1720257234726688 0.40514469453376206 0.04180064308681672 0.0932475884244373
1 0.10289389067524116 0.44855305466237944 0.03536977491961415 0.08360128617363344
1 0.03215434083601286 0.5048231511254019 0.04180064308681672 0.08360128617363344
1 0.08440514469453377 0.5996784565916399 0.04340836012861737 0.10128617363344052
1 0.05305466237942122 0.5980707395498392 0.03536977491961415 0.07877813504823152
1 0.03617363344051447 0.569935691318328 0.03697749196141479 0.08360128617363344
1 0.012057877813504822 0.5795819935691319 0.024115755627009645 0.0819935691318328
1 0.0040192926045016075 0.6559485530546624 0.008038585209003215 0.07717041800643087
1 0.08360128617363344 0.657556270096463 0.03697749196141479 0.06270096463022508
1 0.3729903536977492 0.1382636655948553 0.0707395498392283 0.1752411575562701
1 0.3094855305466238 0.1760450160771704 0.05627009646302251 0.12861736334405144
1 0.2596463022508039 0.319935691318328 0.06913183279742766 0.17363344051446947
1 0.2797427652733119 0.409967845659164 0.04340836012861737 0.1157556270096463
1 0.3384244372990354 0.34485530546623794 0.07877813504823152 0.16720257234726688
1 0.4204180064308682 0.2966237942122186 0.07395498392282958 0.2347266881028939
1 0.5313504823151125 0.15755627009646303 0.04019292604501608 0.09485530546623794
1 0.7829581993569131 0.06189710610932476 0.07234726688102894 0.10610932475884244
1 0.8737942122186495 0.18006430868167203 0.11736334405144695 0.24758842443729903
1 0.7379421221864951 0.18006430868167203 0.05305466237942122 0.15755627009646303
1 0.5964630225080386 0.21141479099678456 0.07556270096463022 0.22990353697749197
1 0.6728295819935691 0.1945337620578778 0.07556270096463022 0.1945337620578778
1 0.6784565916398714 0.0522508038585209 0.03536977491961415 0.09485530546623794
1 0.7170418006430869 0.3360128617363344 0.06591639871382636 0.15594855305466238
1 0.6463022508038585 0.36816720257234725 0.06752411575562701 0.18006430868167203
1 0.5908360128617364 0.34163987138263663 0.06109324758842444 0.14630225080385853
1 0.5377813504823151 0.30385852090032156 0.05627009646302251 0.19614147909967847
1 0.49758842443729906 0.3271704180064309 0.04823151125401929 0.2170418006430868
1 0.9035369774919614 0.04742765273311897 0.06270096463022508 0.06913183279742766
1 0.8159163987138264 0.3633440514469453 0.05144694533762058 0.19292604501607716
1 0.6784565916398714 0.44212218649517687 0.04340836012861737 0.11736334405144695
1 0.770096463022508 0.3858520900321543 0.05627009646302251 0.18006430868167203
1 0.8842443729903537 0.3946945337620579 0.06913183279742766 0.1607717041800643
1 0.9485530546623794 0.41237942122186494 0.05787781350482315 0.13344051446945338
1 0.954983922829582 0.5546623794212219 0.06430868167202572 0.15112540192926044
1 0.8665594855305466 0.4927652733118971 0.024115755627009645 0.0594855305466238
1 0.8995176848874598 0.5040192926045016 0.04180064308681672 0.0707395498392283
1 0.8721864951768489 0.5844051446945338 0.05144694533762058 0.1270096463022508
1 0.8295819935691319 0.565112540192926 0.03536977491961415 0.09485530546623794
1 0.655144694533762 0.6117363344051447 0.05787781350482315 0.2459807073954984
1 0.7122186495176849 0.5956591639871383 0.0594855305466238 0.20739549839228297
1 0.5972668810289389 0.594855305466238 0.04823151125401929 0.1382636655948553
1 0.5522508038585209 0.6036977491961415 0.04340836012861737 0.11414790996784566
1 0.38022508038585207 0.5257234726688103 0.03536977491961415 0.09646302250803858
1 0.35610932475884244 0.4517684887459807 0.04823151125401929 0.0932475884244373
1 0.3432475884244373 0.5152733118971061 0.03215434083601286 0.07877813504823152
1 0.317524115755627 0.5265273311897106 0.03054662379421222 0.10289389067524116
1 0.2942122186495177 0.5409967845659164 0.03215434083601286 0.11093247588424437
1 0.2733118971061093 0.5691318327974276 0.04823151125401929 0.10771704180064309
1 0.24356913183279744 0.5064308681672026 0.04019292604501608 0.12218649517684887
1 0.1872990353697749 0.5160771704180064 0.07234726688102894 0.17041800643086816
1 0.1454983922829582 0.48311897106109325 0.04340836012861737 0.07877813504823152
1 0.11736334405144695 0.5273311897106109 0.028938906752411574 0.07877813504823152
1 0.0932475884244373 0.5184887459807074 0.02572347266881029 0.06270096463022508
1 0.07154340836012862 0.4646302250803859 0.04662379421221865 0.1157556270096463
1 0.14469453376205788 0.5852090032154341 0.03215434083601286 0.09485530546623794
1 0.1229903536977492 0.6358520900321544 0.04180064308681672 0.0932475884244373
1 0.1647909967845659 0.6511254019292605 0.03858520900321544 0.09003215434083602
1 0.2090032154340836 0.6559485530546624 0.0594855305466238 0.16237942122186494
1 0.2757234726688103 0.6471061093247589 0.03697749196141479 0.08842443729903537
1 0.25241157556270094 0.6913183279742765 0.03697749196141479 0.12218649517684887
1 0.19694533762057878 0.8022508038585209 0.03536977491961415 0.13665594855305466
1 0.16720257234726688 0.7845659163987139 0.028938906752411574 0.08520900321543408
1 0.14308681672025725 0.8054662379421221 0.03697749196141479 0.13987138263665594
1 0.11334405144694534 0.704983922829582 0.02572347266881029 0.06109324758842444
1 0.1720257234726688 0.7130225080385852 0.022508038585209004 0.05305466237942122
1 0.028938906752411574 0.677652733118971 0.04340836012861737 0.11414790996784566
1 0.07315112540192927 0.752411575562701 0.05144694533762058 0.11093247588424437
1 0.0409967845659164 0.7893890675241158 0.01929260450160772 0.05627009646302251
1 0.02572347266881029 0.7596463022508039 0.02572347266881029 0.05466237942122187
1 0.9228295819935691 0.6639871382636656 0.03858520900321544 0.10289389067524116
1 0.885048231511254 0.7323151125401929 0.06752411575562701 0.13344051446945338
1 0.9694533762057878 0.7186495176848875 0.04019292604501608 0.10771704180064309
1 0.007234726688102894 0.8319935691318328 0.014469453376205787 0.07556270096463022
1 0.006430868167202572 0.7540192926045016 0.012861736334405145 0.0707395498392283
1 0.06028938906752412 0.8416398713826366 0.024115755627009645 0.0594855305466238
1 0.5088424437299035 0.6752411575562701 0.03536977491961415 0.1302250803858521
1 0.46061093247588425 0.594855305466238 0.04662379421221865 0.0819935691318328
1 0.3834405144694534 0.6061093247588425 0.03376205787781351 0.07717041800643087
1 0.33360128617363344 0.5940514469453376 0.03215434083601286 0.09003215434083602
1 0.3207395498392283 0.6647909967845659 0.028938906752411574 0.06913183279742766
1 0.36816720257234725 0.6519292604501608 0.03376205787781351 0.06752411575562701
1 0.34646302250803857 0.6655948553054662 0.027331189710610933 0.08360128617363344
1 0.4003215434083601 0.6736334405144695 0.03376205787781351 0.08842443729903537
1 0.4405144694533762 0.6704180064308681 0.04823151125401929 0.09485530546623794
1 0.46864951768488744 0.7001607717041801 0.04823151125401929 0.13183279742765272
1 0.5578778135048231 0.7154340836012861 0.04983922829581994 0.11414790996784566
1 0.5972668810289389 0.7258842443729904 0.04019292604501608 0.12218649517684887
1 0.6254019292604501 0.7821543408360129 0.04340836012861737 0.1157556270096463
1 0.6591639871382636 0.7709003215434084 0.03376205787781351 0.0819935691318328
1 0.7114147909967846 0.7266881028938906 0.04662379421221865 0.08038585209003216
1 0.6897106109324759 0.8086816720257235 0.03858520900321544 0.09003215434083602
1 0.5827974276527331 0.8207395498392283 0.028938906752411574 0.0819935691318328
1 0.4919614147909968 0.815112540192926 0.03858520900321544 0.08681672025723473
1 0.35852090032154343 0.7540192926045016 0.03858520900321544 0.11093247588424437
1 0.43729903536977494 0.7797427652733119 0.03697749196141479 0.09485530546623794
1 0.40353697749196143 0.8127009646302251 0.03536977491961415 0.07877813504823152
1 0.43569131832797425 0.8770096463022508 0.03536977491961415 0.09485530546623794
1 0.3215434083601286 0.7982315112540193 0.04501607717041801 0.12057877813504823
1 0.29260450160771706 0.7202572347266881 0.03215434083601286 0.06270096463022508
1 0.2202572347266881 0.8231511254019293 0.02090032154340836 0.04180064308681672
1 0.2516077170418006 0.8143086816720257 0.03054662379421222 0.07877813504823152
1 0.27491961414790994 0.7717041800643086 0.02572347266881029 0.05305466237942122
1 0.2990353697749196 0.8110932475884244 0.02090032154340836 0.04823151125401929
1 0.18086816720257234 0.8842443729903537 0.022508038585209004 0.06270096463022508
1 0.15916398713826366 0.8754019292604501 0.02572347266881029 0.06752411575562701
1 0.09887459807073955 0.8440514469453376 0.04662379421221865 0.0819935691318328
1 0.9461414790996785 0.8705787781350482 0.04019292604501608 0.10128617363344052
1 0.9292604501607717 0.7853697749196141 0.03215434083601286 0.07717041800643087
1 0.32234726688102894 0.8810289389067524 0.024115755627009645 0.06270096463022508
1 0.36816720257234725 0.8834405144694534 0.03215434083601286 0.0819935691318328