1 0.01584507042253521 0.2367957746478873 0.02464788732394366 0.12147887323943662
1 0.38028169014084506 0.289612676056338 0.03169014084507042 0.02992957746478873
1 0.3987676056338028 0.2623239436619718 0.03697183098591549 0.08450704225352113
1 0.35651408450704225 0.25440140845070425 0.040492957746478875 0.09683098591549295
1 0.30809859154929575 0.23151408450704225 0.05985915492957746 0.1443661971830986
1 0.23415492957746478 0.25704225352112675 0.03873239436619718 0.0897887323943662
1 0.2596830985915493 0.2112676056338028 0.03697183098591549 0.13204225352112675
1 0.31866197183098594 0.08890845070422536 0.03345070422535211 0.14788732394366197
1 0.3512323943661972 0.10827464788732394 0.03169014084507042 0.09154929577464789
1 0.3767605633802817 0.08450704225352113 0.03697183098591549 0.15140845070422534
1 0.40757042253521125 0.19278169014084506 0.02112676056338028 0.06514084507042253
1 0.3477112676056338 0.18661971830985916 0.02464788732394366 0.05985915492957746
1 0.01232394366197183 0.2517605633802817 0.017605633802816902 0.09154929577464789
1 0.020246478873239437 0.18661971830985916 0.03169014084507042 0.1443661971830986
1 0.013204225352112676 0.20422535211267606 0.017605633802816902 0.11619718309859155
1 0.01056338028169014 0.2306338028169014 0.014084507042253521 0.13380281690140844
1 0.03433098591549296 0.2878521126760563 0.04753521126760563 0.02112676056338028
1 0.11707746478873239 0.28257042253521125 0.03345070422535211 0.03345070422535211
1 0.17253521126760563 0.2852112676056338 0.03169014084507042 0.02992957746478873
1 0.1857394366197183 0.2420774647887324 0.03169014084507042 0.07394366197183098
1 0.13380281690140844 0.25704225352112675 0.03697183098591549 0.0721830985915493
1 0.15757042253521128 0.24119718309859156 0.028169014084507043 0.09154929577464789
1 0.0977112676056338 0.23415492957746478 0.03345070422535211 0.09507042253521127
1 0.05457746478873239 0.238556338028169 0.051056338028169015 0.10387323943661972
1 0.025528169014084508 0.20598591549295775 0.04225352112676056 0.1426056338028169
1 0.01584507042253521 0.19190140845070422 0.022887323943661973 0.12323943661971831
1 0.01232394366197183 0.18221830985915494 0.01584507042253521 0.13204225352112675
1 0.014964788732394365 0.12235915492957747 0.01936619718309859 0.125
1 0.01232394366197183 0.13556338028169015 0.014084507042253521 0.0880281690140845
1 0.014964788732394365 0.1857394366197183 0.02112676056338028 0.08626760563380281
1 0.014964788732394365 0.09419014084507042 0.017605633802816902 0.09683098591549295
1 0.01232394366197183 0.07746478873239436 0.01232394366197183 0.0880281690140845
1 0.014964788732394365 0.0801056338028169 0.017605633802816902 0.09330985915492958
1 0.1426056338028169 0.14524647887323944 0.040492957746478875 0.12147887323943662
1 0.05545774647887324 0.11795774647887323 0.03697183098591549 0.10211267605633803
1 0.09154929577464789 0.0818661971830986 0.03697183098591549 0.08450704225352113
1 0.05545774647887324 0.02992957746478873 0.03697183098591549 0.05985915492957746
1 0.18221830985915494 0.09595070422535211 0.045774647887323945 0.13028169014084506
1 0.2147887323943662 0.18045774647887325 0.035211267605633804 0.06690140845070422
1 0.29313380281690143 0.06690140845070422 0.02112676056338028 0.045774647887323945
1 0.2579225352112676 0.07658450704225352 0.03169014084507042 0.08626760563380281
1 0.23327464788732394 0.12411971830985916 0.028169014084507043 0.056338028169014086
1 0.20598591549295775 0.0818661971830986 0.022887323943661973 0.0528169014084507
1 0.3336267605633803 0.01584507042253521 0.022887323943661973 0.03169014084507042
1 0.35651408450704225 0.022007042253521125 0.02640845070422535 0.04401408450704225
1 0.4102112676056338 0.04225352112676056 0.02112676056338028 0.08450704225352113
1 0.01584507042253521 0.045774647887323945 0.017605633802816902 0.09154929577464789
1 0.01232394366197183 0.12940140845070422 0.014084507042253521 0.08274647887323944
1 0.1795774647887324 0.020246478873239437 0.02464788732394366 0.040492957746478875
1 0.12764084507042253 0.023767605633802816 0.03345070422535211 0.04753521126760563
1 0.8688380281690141 0.1329225352112676 0.2623239436619718 0.25880281690140844
1 0.516725352112676 0.13380281690140844 0.20246478873239437 0.2676056338028169
1 0.7702464788732394 0.09595070422535211 0.12852112676056338 0.18485915492957747
1 0.647887323943662 0.07306338028169014 0.1637323943661972 0.1443661971830986
1 0.44454225352112675 0.07042253521126761 0.051056338028169015 0.14084507042253522
1 0.13468309859154928 0.7447183098591549 0.26936619718309857 0.5035211267605634
1 0.03697183098591549 0.4595070422535211 0.040492957746478875 0.06866197183098592
1 0.44014084507042256 0.602112676056338 0.06338028169014084 0.20422535211267606
1 0.5387323943661971 0.8036971830985915 0.11619718309859155 0.17077464788732394
1 0.44014084507042256 0.9172535211267606 0.07394366197183098 0.16549295774647887
1 0.43133802816901406 0.8080985915492958 0.0528169014084507 0.19190140845070422
1 0.7130281690140845 0.8829225352112676 0.09683098591549295 0.15669014084507044
1 0.977112676056338 0.8142605633802817 0.03873239436619718 0.1813380281690141
1 0.7931338028169014 0.5246478873239436 0.07394366197183098 0.14964788732394366
1 0.6575704225352113 0.6126760563380281 0.06514084507042253 0.2147887323943662
1 0.715669014084507 0.3617957746478873 0.058098591549295774 0.1056338028169014
1 0.6690140845070423 0.34330985915492956 0.056338028169014086 0.07042253521126761
1 0.9005281690140845 0.4744718309859155 0.10915492957746478 0.22887323943661972
1 0.4410211267605634 0.4084507042253521 0.058098591549295774 0.15492957746478872
1 0.8609154929577465 0.8265845070422535 0.16549295774647887 0.34683098591549294
1 0.6795774647887324 0.8855633802816901 0.15492957746478872 0.22887323943661972
1 0.9586267605633803 0.5660211267605634 0.08274647887323944 0.3573943661971831
1 0.8459507042253521 0.3829225352112676 0.07746478873239436 0.1426056338028169