1 0.3553054662379421 0.5932475884244373 0.04501607717041801 0.06109324758842444
1 0.44212218649517687 0.565112540192926 0.05787781350482315 0.1270096463022508
1 0.49517684887459806 0.5168810289389068 0.03536977491961415 0.13504823151125403
1 0.3641479099678457 0.46864951768488744 0.04983922829581994 0.17684887459807075
1 0.39389067524115756 0.46061093247588425 0.03858520900321544 0.1382636655948553
1 0.4509646302250804 0.42443729903536975 0.03858520900321544 0.13987138263665594
1 0.5209003215434084 0.4622186495176849 0.03376205787781351 0.16237942122186494
1 0.4702572347266881 0.35932475884244375 0.03697749196141479 0.1157556270096463
1 0.23553054662379422 0.5691318327974276 0.04662379421221865 0.09646302250803858
1 0.0972668810289389 0.5803858520900321 0.03697749196141479 0.0594855305466238
1 0.04662379421221865 0.5442122186495176 0.03858520900321544 0.1270096463022508
1 0.2427652733118971 0.2709003215434084 0.03215434083601286 0.15594855305466238
1 0.2877813504823151 0.3520900321543408 0.03215434083601286 0.10610932475884244
1 0.08440514469453377 0.43890675241157556 0.04983922829581994 0.14308681672025725
1 0.016881028938906754 0.4654340836012862 0.03376205787781351 0.19131832797427653
1 0.1085209003215434 0.24437299035369775 0.024115755627009645 0.12861736334405144
1 0.13745980707395497 0.5120578778135049 0.03536977491961415 0.19935691318327975
1 0.2821543408360129 0.4670418006430868 0.05305466237942122 0.15916398713826366
1 0.3022508038585209 0.5458199356913184 0.04501607717041801 0.1495176848874598
1 0.4332797427652733 0.15192926045016078 0.02572347266881029 0.12057877813504823
1 0.3360128617363344 0.20337620578778134 0.04662379421221865 0.13183279742765272
1 0.8657556270096463 0.2821543408360129 0.2684887459807074 0.5385852090032154
1 0.1495176848874598 0.7282958199356914 0.2990353697749196 0.2508038585209003
1 0.8279742765273312 0.819935691318328 0.3279742765273312 0.36012861736334406