1 0.8943894389438944 0.9661716171617162 0.056105610561056105 0.06765676567656766
1 0.9554455445544554 0.9537953795379538 0.033003300330033 0.0924092409240924
1 0.8935643564356436 0.655940594059406 0.0462046204620462 0.14686468646864687
1 0.9496699669966997 0.6336633663366337 0.03135313531353135 0.12211221122112212
1 0.3655115511551155 0.9546204620462047 0.04785478547854786 0.07755775577557755
1 0.45544554455445546 0.9273927392739274 0.0627062706270627 0.14356435643564355
1 0.5115511551155115 0.8721122112211221 0.039603960396039604 0.13861386138613863
1 0.6377887788778878 0.9306930693069307 0.041254125412541254 0.13861386138613863
1 0.7953795379537953 0.9232673267326733 0.0462046204620462 0.15346534653465346
1 0.7871287128712872 0.7978547854785478 0.04785478547854786 0.11056105610561057
1 0.8143564356435643 0.7656765676567657 0.034653465346534656 0.10726072607260725
1 0.8424092409240924 0.8836633663366337 0.039603960396039604 0.1485148514851485
1 0.7244224422442245 0.6658415841584159 0.04950495049504951 0.1617161716171617
1 0.3778877887788779 0.820957095709571 0.054455445544554455 0.18151815181518152
1 0.4084158415841584 0.8127062706270627 0.0429042904290429 0.1419141914191419
1 0.46782178217821785 0.7764026402640264 0.0429042904290429 0.14356435643564355
1 0.5462046204620462 0.8184818481848185 0.05115511551155116 0.16666666666666666
1 0.4884488448844885 0.7103960396039604 0.039603960396039604 0.1188118811881188
1 0.2433993399339934 0.9282178217821783 0.05115511551155116 0.11386138613861387
1 0.10148514851485149 0.9372937293729373 0.039603960396039604 0.07425742574257425
1 0.05115511551155116 0.891914191419142 0.041254125412541254 0.13036303630363036
1 0.25742574257425743 0.6155115511551155 0.036303630363036306 0.16006600660066006
1 0.30198019801980197 0.6996699669966997 0.034653465346534656 0.10891089108910891
1 0.09158415841584158 0.7846534653465347 0.052805280528052806 0.1485148514851485
1 0.010726072607260726 0.8094059405940595 0.02145214521452145 0.19636963696369636
1 0.11963696369636964 0.5858085808580858 0.028052805280528052 0.13366336633663367
1 0.14356435643564355 0.8679867986798679 0.041254125412541254 0.21782178217821782
1 0.7194719471947195 0.9315181518151815 0.039603960396039604 0.13696369636963696
1 0.745049504950495 0.9867986798679867 0.041254125412541254 0.026402640264026403
1 0.778052805280528 0.5544554455445545 0.04785478547854786 0.21617161716171618
1 0.29372937293729373 0.8168316831683168 0.057755775577557754 0.16501650165016502
1 0.3118811881188119 0.9051155115511551 0.04950495049504951 0.16666666666666666
1 0.4537953795379538 0.4966996699669967 0.028052805280528052 0.12376237623762376
1 0.5693069306930693 0.9488448844884488 0.0627062706270627 0.10231023102310231
1 0.6468646864686468 0.45957095709570955 0.05115511551155116 0.14356435643564355
1 0.8605610561056105 0.5313531353135313 0.033003300330033 0.11386138613861387
1 0.35396039603960394 0.5478547854785478 0.05115511551155116 0.13696369636963696