1 0.41233766233766234 0.5081168831168831 0.06818181818181818 0.17207792207792208
1 0.46266233766233766 0.525974025974026 0.048701298701298704 0.15422077922077923
1 0.515422077922078 0.5170454545454546 0.06493506493506493 0.137987012987013
1 0.5722402597402597 0.4967532467532468 0.05032467532467533 0.13636363636363635
1 0.4366883116883117 0.07061688311688312 0.07305194805194805 0.1396103896103896
1 0.5032467532467533 0.08522727272727272 0.05032467532467533 0.12824675324675325
1 0.5511363636363636 0.05113636363636364 0.04707792207792208 0.10227272727272728
1 0.6728896103896104 0.0698051948051948 0.060064935064935064 0.1396103896103896
1 0.7491883116883117 0.0625 0.0698051948051948 0.125
1 0.911525974025974 0.037337662337662336 0.05357142857142857 0.07467532467532467
1 0.8425324675324676 0.04383116883116883 0.045454545454545456 0.08766233766233766
1 0.9448051948051948 0.1266233766233766 0.07305194805194805 0.15746753246753248
1 0.8327922077922078 0.23214285714285715 0.048701298701298704 0.1672077922077922
1 0.7362012987012987 0.1672077922077922 0.060064935064935064 0.15422077922077923
1 0.7800324675324676 0.24756493506493507 0.03896103896103896 0.1461038961038961
1 0.9001623376623377 0.24025974025974026 0.0762987012987013 0.17207792207792208
1 0.9253246753246753 0.349025974025974 0.040584415584415584 0.07954545454545454
1 0.9707792207792207 0.4237012987012987 0.05519480519480519 0.17857142857142858
1 0.8092532467532467 0.34415584415584416 0.05519480519480519 0.09577922077922078
1 0.8603896103896104 0.4074675324675325 0.05519480519480519 0.12337662337662338
1 0.8141233766233766 0.42207792207792205 0.04220779220779221 0.09415584415584416
1 0.8839285714285714 0.4659090909090909 0.03571428571428571 0.08441558441558442
1 0.9545454545454546 0.5227272727272727 0.04220779220779221 0.08441558441558442
1 0.9017857142857143 0.6193181818181818 0.04383116883116883 0.10227272727272728
1 0.9334415584415584 0.6168831168831169 0.03571428571428571 0.07954545454545454
1 0.9512987012987013 0.5892857142857143 0.037337662337662336 0.08441558441558442
1 0.9797077922077922 0.599025974025974 0.032467532467532464 0.08279220779220779
1 0.9886363636363636 0.6761363636363636 0.022727272727272728 0.07954545454545454
1 0.9034090909090909 0.6777597402597403 0.037337662337662336 0.0633116883116883
1 0.6112012987012987 0.1534090909090909 0.07142857142857142 0.17694805194805194
1 0.6753246753246753 0.19155844155844157 0.056818181818181816 0.12987012987012986
1 0.7256493506493507 0.33685064935064934 0.0698051948051948 0.17532467532467533
1 0.7053571428571429 0.4277597402597403 0.04383116883116883 0.11688311688311688
1 0.6461038961038961 0.362012987012987 0.07954545454545454 0.16883116883116883
1 0.5633116883116883 0.3133116883116883 0.07305194805194805 0.237012987012987
1 0.4512987012987013 0.1728896103896104 0.04220779220779221 0.09577922077922078
1 0.19480519480519481 0.0698051948051948 0.07467532467532467 0.12012987012987013
1 0.10551948051948051 0.1956168831168831 0.1185064935064935 0.25
1 0.24269480519480519 0.1956168831168831 0.05357142857142857 0.1590909090909091
1 0.38555194805194803 0.22727272727272727 0.0762987012987013 0.23214285714285715
1 0.30762987012987014 0.21022727272727273 0.0762987012987013 0.19642857142857142
1 0.3027597402597403 0.060064935064935064 0.03571428571428571 0.10876623376623376
1 0.2637987012987013 0.3530844155844156 0.06655844155844155 0.15746753246753248
1 0.3352272727272727 0.38555194805194803 0.06818181818181818 0.18181818181818182
1 0.3912337662337662 0.3587662337662338 0.06168831168831169 0.14772727272727273
1 0.4448051948051948 0.32061688311688313 0.056818181818181816 0.19805194805194806
1 0.48538961038961037 0.34415584415584416 0.05032467532467533 0.21915584415584416
1 0.07548701298701299 0.05519480519480519 0.06493506493506493 0.08279220779220779
1 0.16396103896103897 0.37987012987012986 0.05194805194805195 0.19480519480519481
1 0.3027597402597403 0.4594155844155844 0.04383116883116883 0.1185064935064935
1 0.21022727272727273 0.4025974025974026 0.056818181818181816 0.18181818181818182
1 0.09496753246753246 0.411525974025974 0.0698051948051948 0.16233766233766234
1 0.030032467532467532 0.4301948051948052 0.05844155844155844 0.13474025974025974
1 0.027597402597402596 0.5722402597402597 0.05519480519480519 0.1525974025974026
1 0.11282467532467533 0.5113636363636364 0.024350649350649352 0.060064935064935064
1 0.07954545454545454 0.5227272727272727 0.04220779220779221 0.07142857142857142
1 0.10714285714285714 0.6038961038961039 0.05194805194805195 0.12824675324675325
1 0.14935064935064934 0.5844155844155844 0.03571428571428571 0.09577922077922078
1 0.3262987012987013 0.6314935064935064 0.05844155844155844 0.2483766233766234
1 0.26866883116883117 0.6152597402597403 0.060064935064935064 0.20941558441558442
1 0.3847402597402597 0.614448051948052 0.048701298701298704 0.1396103896103896
1 0.4301948051948052 0.6233766233766234 0.04383116883116883 0.11525974025974026
1 0.6038961038961039 0.5446428571428571 0.03571428571428571 0.09740259740259741
1 0.6282467532467533 0.46915584415584416 0.048701298701298704 0.09415584415584416
1 0.6412337662337663 0.5340909090909091 0.032467532467532464 0.07954545454545454
1 0.6672077922077922 0.5454545454545454 0.030844155844155844 0.1038961038961039
1 0.6907467532467533 0.560064935064935 0.032467532467532464 0.11201298701298701
1 0.7118506493506493 0.588474025974026 0.048701298701298704 0.10876623376623376
1 0.7418831168831169 0.5251623376623377 0.040584415584415584 0.12337662337662338
1 0.7987012987012987 0.5349025974025974 0.07305194805194805 0.17207792207792208
1 0.8400974025974026 0.5008116883116883 0.04383116883116883 0.07954545454545454
1 0.8693181818181818 0.5462662337662337 0.02922077922077922 0.07954545454545454
1 0.8936688311688312 0.5373376623376623 0.025974025974025976 0.0633116883116883
1 0.9155844155844156 0.48295454545454547 0.04707792207792208 0.11688311688311688
1 0.8417207792207793 0.6038961038961039 0.032467532467532464 0.09577922077922078
1 0.8636363636363636 0.6550324675324676 0.04220779220779221 0.09415584415584416
1 0.8214285714285714 0.6704545454545454 0.03896103896103896 0.09090909090909091
1 0.7767857142857143 0.6761363636363636 0.05844155844155844 0.16396103896103897
1 0.7086038961038961 0.6672077922077922 0.037337662337662336 0.08928571428571429
1 0.7321428571428571 0.7118506493506493 0.037337662337662336 0.12337662337662338
1 0.788961038961039 0.8238636363636364 0.03409090909090909 0.137987012987013
1 0.8181818181818182 0.8060064935064936 0.030844155844155844 0.08603896103896104
1 0.8425324675324676 0.8271103896103896 0.037337662337662336 0.14123376623376624
1 0.8733766233766234 0.7256493506493507 0.025974025974025976 0.06168831168831169
1 0.8141233766233766 0.7337662337662337 0.022727272727272728 0.05357142857142857
1 0.9586038961038961 0.6972402597402597 0.045454545454545456 0.11525974025974026
1 0.913961038961039 0.7727272727272727 0.05194805194805195 0.11201298701298701
1 0.9464285714285714 0.8108766233766234 0.01948051948051948 0.056818181818181816
1 0.961038961038961 0.7800324675324676 0.025974025974025976 0.05519480519480519
1 0.056006493506493504 0.6842532467532467 0.03896103896103896 0.1038961038961039
1 0.09415584415584416 0.7532467532467533 0.06818181818181818 0.13474025974025974
1 0.017857142857142856 0.7378246753246753 0.022727272727272728 0.10714285714285714
1 0.9853896103896104 0.8530844155844156 0.02922077922077922 0.0762987012987013
1 0.987012987012987 0.775974025974026 0.025974025974025976 0.07142857142857142
1 0.926948051948052 0.8636363636363636 0.024350649350649352 0.060064935064935064
1 0.4732142857142857 0.6948051948051948 0.03571428571428571 0.1314935064935065
1 0.5227272727272727 0.614448051948052 0.04707792207792208 0.08279220779220779
1 0.5998376623376623 0.6258116883116883 0.03409090909090909 0.07792207792207792
1 0.650974025974026 0.6136363636363636 0.032467532467532464 0.09090909090909091
1 0.663961038961039 0.685064935064935 0.02922077922077922 0.0698051948051948
1 0.6152597402597403 0.672077922077922 0.03409090909090909 0.06818181818181818
1 0.637987012987013 0.6858766233766234 0.027597402597402596 0.08441558441558442
1 0.5827922077922078 0.6939935064935064 0.032467532467532464 0.08928571428571429
1 0.5430194805194806 0.689935064935065 0.048701298701298704 0.09577922077922078
1 0.5137987012987013 0.7207792207792207 0.048701298701298704 0.1331168831168831
1 0.424512987012987 0.7353896103896104 0.05032467532467533 0.11525974025974026
1 0.3847402597402597 0.7467532467532467 0.03896103896103896 0.12337662337662338
1 0.35633116883116883 0.8027597402597403 0.04383116883116883 0.11688311688311688
1 0.32142857142857145 0.7922077922077922 0.03409090909090909 0.08279220779220779
1 0.26866883116883117 0.747564935064935 0.04707792207792208 0.08116883116883117
1 0.2913961038961039 0.8303571428571429 0.03896103896103896 0.09090909090909091
1 0.39935064935064934 0.8425324675324676 0.02922077922077922 0.08279220779220779
1 0.4902597402597403 0.8368506493506493 0.03896103896103896 0.08766233766233766
1 0.6258116883116883 0.7751623376623377 0.03896103896103896 0.11201298701298701
1 0.5462662337662337 0.8011363636363636 0.03571428571428571 0.09577922077922078
1 0.5795454545454546 0.8344155844155844 0.03571428571428571 0.07954545454545454
1 0.5478896103896104 0.8993506493506493 0.03571428571428571 0.09577922077922078
1 0.6631493506493507 0.8198051948051948 0.045454545454545456 0.12175324675324675
1 0.6923701298701299 0.7410714285714286 0.032467532467532464 0.0633116883116883
1 0.765422077922078 0.8449675324675324 0.021103896103896104 0.04220779220779221
1 0.7337662337662337 0.836038961038961 0.030844155844155844 0.07954545454545454
1 0.7102272727272727 0.7930194805194806 0.025974025974025976 0.05357142857142857
1 0.685064935064935 0.8319805194805194 0.021103896103896104 0.048701298701298704
1 0.8051948051948052 0.9066558441558441 0.022727272727272728 0.0633116883116883
1 0.8262987012987013 0.8969155844155844 0.025974025974025976 0.06818181818181818
1 0.887987012987013 0.8660714285714286 0.04707792207792208 0.08279220779220779
1 0.032467532467532464 0.8920454545454546 0.040584415584415584 0.10227272727272728
1 0.049512987012987016 0.8068181818181818 0.032467532467532464 0.07792207792207792
1 0.661525974025974 0.9025974025974026 0.024350649350649352 0.0633116883116883
1 0.6160714285714286 0.9050324675324676 0.032467532467532464 0.08279220779220779