1 0.11330935251798561 0.14658273381294964 0.14028776978417265 0.07733812949640288
1 0.13848920863309352 0.09352517985611511 0.25539568345323743 0.18705035971223022
1 0.3606115107913669 0.5926258992805755 0.3830935251798561 0.814748201438849
1 0.7203237410071942 0.32194244604316546 0.22122302158273383 0.2446043165467626
1 0.5935251798561151 0.43255395683453235 0.1079136690647482 0.3471223021582734
1 0.8732014388489209 0.5089928057553957 0.22841726618705036 0.4226618705035971
1 0.9622302158273381 0.7140287769784173 0.06654676258992806 0.13489208633093525
1 0.8120503597122302 0.7356115107913669 0.08633093525179857 0.12949640287769784
1 0.887589928057554 0.7670863309352518 0.06654676258992806 0.11151079136690648
1 0.9595323741007195 0.8327338129496403 0.06115107913669065 0.11690647482014388
1 0.7473021582733813 0.887589928057554 0.05935251798561151 0.10251798561151079
1 0.8408273381294964 0.9073741007194245 0.044964028776978415 0.09172661870503597
1 0.7230215827338129 0.954136690647482 0.050359712230215826 0.09172661870503597
1 0.6627697841726619 0.795863309352518 0.10971223021582734 0.17805755395683454
1 0.6178057553956835 0.6519784172661871 0.17086330935251798 0.33992805755395683
1 0.5593525179856115 0.6843525179856115 0.050359712230215826 0.16906474820143885
1 0.5629496402877698 0.7446043165467626 0.06294964028776978 0.21223021582733814
1 0.5566546762589928 0.8156474820143885 0.0539568345323741 0.15827338129496402
1 0.5449640287769785 0.8705035971223022 0.03237410071942446 0.10971223021582734
1 0.545863309352518 0.8408273381294964 0.03237410071942446 0.11510791366906475
1 0.5413669064748201 0.8893884892086331 0.02697841726618705 0.10971223021582734
1 0.539568345323741 0.9433453237410072 0.025179856115107913 0.0737410071942446
1 0.5359712230215827 0.9802158273381295 0.02158273381294964 0.039568345323741004
1 0.5350719424460432 0.9955035971223022 0.019784172661870502 0.008992805755395683
1 0.5377697841726619 0.9676258992805755 0.025179856115107913 0.06474820143884892
1 0.6681654676258992 0.9325539568345323 0.046762589928057555 0.08273381294964029