1 0.42938311688311687 0.5267857142857143 0.06818181818181818 0.17207792207792208
1 0.4780844155844156 0.5056818181818182 0.048701298701298704 0.15422077922077923
1 0.5308441558441559 0.510551948051948 0.06493506493506493 0.13636363636363635
1 0.5892857142857143 0.5267857142857143 0.05032467532467533 0.13636363636363635
1 0.48214285714285715 0.9456168831168831 0.07142857142857142 0.10876623376623376
1 0.549512987012987 0.9383116883116883 0.05032467532467533 0.12175324675324675
1 0.5998376623376623 0.9594155844155844 0.04707792207792208 0.0762987012987013
1 0.7199675324675324 0.9342532467532467 0.05844155844155844 0.1185064935064935
1 0.7962662337662337 0.9375 0.06818181818181818 0.10714285714285714
1 0.9602272727272727 0.9545454545454546 0.05194805194805195 0.06168831168831169
1 0.8912337662337663 0.9512987012987013 0.045454545454545456 0.07305194805194805
1 0.9748376623376623 0.8693181818181818 0.05032467532467533 0.15746753246753248
1 0.8676948051948052 0.7719155844155844 0.048701298701298704 0.1672077922077922
1 0.775974025974026 0.8441558441558441 0.060064935064935064 0.15422077922077923
1 0.8141233766233766 0.7613636363636364 0.03896103896103896 0.1444805194805195
1 0.935064935064935 0.760551948051948 0.0762987012987013 0.17207792207792208
1 0.9521103896103896 0.6501623376623377 0.040584415584415584 0.07954545454545454
1 0.9813311688311688 0.5714285714285714 0.037337662337662336 0.17857142857142858
1 0.836038961038961 0.6631493506493507 0.05519480519480519 0.09577922077922078
1 0.8831168831168831 0.5957792207792207 0.05519480519480519 0.125
1 0.836038961038961 0.5844155844155844 0.04220779220779221 0.09415584415584416
1 0.9025974025974026 0.5357142857142857 0.03571428571428571 0.08441558441558442
1 0.9691558441558441 0.474025974025974 0.04220779220779221 0.08441558441558442
1 0.9099025974025974 0.3814935064935065 0.04383116883116883 0.10227272727272728
1 0.9415584415584416 0.3814935064935065 0.03571428571428571 0.08116883116883117
1 0.961038961038961 0.4082792207792208 0.037337662337662336 0.08441558441558442
1 0.9853896103896104 0.3952922077922078 0.025974025974025976 0.08116883116883117
1 0.9886363636363636 0.31737012987012986 0.01461038961038961 0.07792207792207792
1 0.9074675324675324 0.32305194805194803 0.037337662337662336 0.0633116883116883
1 0.6525974025974026 0.8668831168831169 0.07142857142857142 0.17694805194805194
1 0.713474025974026 0.8238636363636364 0.056818181818181816 0.12987012987012986
1 0.7540584415584416 0.6753246753246753 0.0698051948051948 0.17532467532467533
1 0.7272727272727273 0.586038961038961 0.04383116883116883 0.11688311688311688
1 0.6728896103896104 0.6566558441558441 0.07954545454545454 0.16883116883116883
1 0.5933441558441559 0.7102272727272727 0.07305194805194805 0.237012987012987
1 0.49107142857142855 0.8587662337662337 0.04220779220779221 0.09577922077922078
1 0.24269480519480519 0.9594155844155844 0.07305194805194805 0.08116883116883117
1 0.1444805194805195 0.8603896103896104 0.1185064935064935 0.25
1 0.28165584415584416 0.8506493506493507 0.05357142857142857 0.1590909090909091
1 0.42207792207792205 0.8092532467532467 0.0762987012987013 0.23214285714285715
1 0.3457792207792208 0.8311688311688312 0.0762987012987013 0.19642857142857142
1 0.35064935064935066 0.963474025974026 0.03571428571428571 0.07305194805194805
1 0.2913961038961039 0.6915584415584416 0.06655844155844155 0.15584415584415584
1 0.3612012987012987 0.6542207792207793 0.06818181818181818 0.18181818181818182
1 0.41883116883116883 0.6777597402597403 0.06168831168831169 0.14772727272727273
1 0.47483766233766234 0.711038961038961 0.056818181818181816 0.19967532467532467
1 0.5137987012987013 0.6858766233766234 0.05032467532467533 0.21915584415584416
1 0.1241883116883117 0.9805194805194806 0.0633116883116883 0.03896103896103896
1 0.18993506493506493 0.6712662337662337 0.05194805194805195 0.19318181818181818
1 0.32305194805194803 0.5827922077922078 0.04383116883116883 0.1185064935064935
1 0.23457792207792208 0.6461038961038961 0.056818181818181816 0.18181818181818182
1 0.11931818181818182 0.6444805194805194 0.0698051948051948 0.16071428571428573
1 0.052759740259740256 0.6306818181818182 0.05844155844155844 0.13474025974025974
1 0.036525974025974024 0.48863636363636365 0.06493506493506493 0.1525974025974026
1 0.13068181818181818 0.5446428571428571 0.024350649350649352 0.060064935064935064
1 0.09577922077922078 0.5349025974025974 0.04220779220779221 0.07142857142857142
1 0.1185064935064935 0.45211038961038963 0.05194805194805195 0.12824675324675325
1 0.16152597402597402 0.46915584415584416 0.03571428571428571 0.09577922077922078
1 0.3344155844155844 0.4099025974025974 0.05844155844155844 0.2483766233766234
1 0.2784090909090909 0.42938311688311687 0.060064935064935064 0.20941558441558442
1 0.3944805194805195 0.42207792207792205 0.048701298701298704 0.1396103896103896
1 0.43912337662337664 0.4107142857142857 0.04383116883116883 0.11525974025974026
1 0.6176948051948052 0.4772727272727273 0.03571428571428571 0.09740259740259741
1 0.6469155844155844 0.5503246753246753 0.048701298701298704 0.09415584415584416
1 0.6550324675324676 0.48457792207792205 0.032467532467532464 0.07954545454545454
1 0.6810064935064936 0.4715909090909091 0.030844155844155844 0.1038961038961039
1 0.702922077922078 0.45535714285714285 0.032467532467532464 0.11201298701298701
1 0.7224025974025974 0.4253246753246753 0.048701298701298704 0.10714285714285714
1 0.7573051948051948 0.487012987012987 0.040584415584415584 0.125
1 0.8125 0.4732142857142857 0.07305194805194805 0.1737012987012987
1 0.8563311688311688 0.5040584415584416 0.04383116883116883 0.07954545454545454
1 0.8823051948051948 0.4569805194805195 0.02922077922077922 0.07954545454545454
1 0.9074675324675324 0.463474025974026 0.025974025974025976 0.0633116883116883
1 0.9326298701298701 0.5162337662337663 0.04707792207792208 0.11688311688311688
1 0.8506493506493507 0.400974025974026 0.032467532467532464 0.09577922077922078
1 0.8693181818181818 0.3482142857142857 0.04220779220779221 0.09415584415584416
1 0.825487012987013 0.336038961038961 0.03896103896103896 0.09090909090909091
1 0.7808441558441559 0.3336038961038961 0.060064935064935064 0.16558441558441558
1 0.7142857142857143 0.3474025974025974 0.037337662337662336 0.08928571428571429
1 0.734577922077922 0.30113636363636365 0.037337662337662336 0.12337662337662338
1 0.7832792207792207 0.1858766233766234 0.03409090909090909 0.137987012987013
1 0.8133116883116883 0.2012987012987013 0.030844155844155844 0.08603896103896104
1 0.836038961038961 0.17857142857142858 0.037337662337662336 0.14123376623376624
1 0.8741883116883117 0.2775974025974026 0.025974025974025976 0.06168831168831169
1 0.814935064935065 0.273538961038961 0.022727272727272728 0.05519480519480519
1 0.961038961038961 0.299512987012987 0.045454545454545456 0.11525974025974026
1 0.911525974025974 0.22727272727272727 0.05194805194805195 0.11201298701298701
1 0.9407467532467533 0.1875 0.01948051948051948 0.056818181818181816
1 0.9577922077922078 0.21672077922077923 0.025974025974025976 0.05519480519480519
1 0.060876623376623376 0.3758116883116883 0.03896103896103896 0.10551948051948051
1 0.09415584415584416 0.30438311688311687 0.06818181818181818 0.13474025974025974
1 0.015422077922077922 0.32386363636363635 0.030844155844155844 0.10876623376623376
1 0.9756493506493507 0.14042207792207792 0.027597402597402596 0.07467532467532467
1 0.9813311688311688 0.21834415584415584 0.021103896103896104 0.07142857142857142
1 0.9180194805194806 0.13636363636363635 0.024350649350649352 0.060064935064935064
1 0.4772727272727273 0.336038961038961 0.03571428571428571 0.1314935064935065
1 0.5316558441558441 0.41314935064935066 0.04707792207792208 0.08279220779220779
1 0.6087662337662337 0.3961038961038961 0.03409090909090909 0.07792207792207792
1 0.6599025974025974 0.4050324675324675 0.032467532467532464 0.09090909090909091
1 0.6680194805194806 0.3327922077922078 0.02922077922077922 0.0698051948051948
1 0.6209415584415584 0.349025974025974 0.03409090909090909 0.06818181818181818
1 0.6420454545454546 0.3336038961038961 0.027597402597402596 0.08441558441558442
1 0.5868506493506493 0.32954545454545453 0.032467532467532464 0.08928571428571429
1 0.547077922077922 0.336038961038961 0.048701298701298704 0.09740259740259741
1 0.5162337662337663 0.30762987012987014 0.048701298701298704 0.1331168831168831
1 0.4253246753246753 0.2987012987012987 0.05032467532467533 0.11525974025974026
1 0.3847402597402597 0.2905844155844156 0.03896103896103896 0.12337662337662338
1 0.3530844155844156 0.2362012987012987 0.04383116883116883 0.11688311688311688
1 0.3189935064935065 0.25 0.03409090909090909 0.08279220779220779
1 0.2694805194805195 0.29788961038961037 0.04707792207792208 0.08116883116883117
1 0.286525974025974 0.21347402597402598 0.03896103896103896 0.09090909090909091
1 0.39285714285714285 0.1939935064935065 0.02922077922077922 0.08279220779220779
1 0.48457792207792205 0.19318181818181818 0.03896103896103896 0.08766233766233766
1 0.6233766233766234 0.24512987012987014 0.03896103896103896 0.11363636363636363
1 0.5422077922077922 0.22483766233766234 0.03571428571428571 0.09577922077922078
1 0.5738636363636364 0.18993506493506493 0.03571428571428571 0.07954545454545454
1 0.5373376623376623 0.1266233766233766 0.03571428571428571 0.09415584415584416
1 0.6574675324675324 0.19805194805194806 0.045454545454545456 0.12175324675324675
1 0.6915584415584416 0.27516233766233766 0.032467532467532464 0.0633116883116883
1 0.7581168831168831 0.1663961038961039 0.021103896103896104 0.04220779220779221
1 0.726461038961039 0.17694805194805194 0.030844155844155844 0.08116883116883117
1 0.7061688311688312 0.2215909090909091 0.025974025974025976 0.05357142857142857
1 0.6793831168831169 0.18425324675324675 0.021103896103896104 0.048701298701298704
1 0.7930194805194806 0.10146103896103896 0.022727272727272728 0.0633116883116883
1 0.814935064935065 0.10957792207792208 0.025974025974025976 0.06818181818181818
1 0.8790584415584416 0.13636363636363635 0.04707792207792208 0.08279220779220779
1 0.022727272727272728 0.16964285714285715 0.040584415584415584 0.10227272727272728
1 0.04626623376623377 0.25405844155844154 0.032467532467532464 0.07792207792207792
1 0.650974025974026 0.11525974025974026 0.024350649350649352 0.0633116883116883
1 0.6047077922077922 0.11607142857142858 0.032467532467532464 0.08279220779220779