1 0.3591666666666667 0.0325 0.035 0.05333333333333334
1 0.32416666666666666 0.03 0.04666666666666667 0.045
1 0.26916666666666667 0.029166666666666667 0.06333333333333334 0.03833333333333333
1 0.21 0.030833333333333334 0.04833333333333333 0.035
1 0.3333333333333333 0.02666666666666667 0.07166666666666667 0.04
1 0.2658333333333333 0.02666666666666667 0.05 0.03166666666666667
1 0.21583333333333332 0.024166666666666666 0.04666666666666667 0.021666666666666667
1 0.0925 0.041666666666666664 0.058333333333333334 0.045
1 0.023333333333333334 0.041666666666666664 0.04666666666666667 0.03666666666666667
1 0.030833333333333334 0.04583333333333333 0.058333333333333334 0.04666666666666667
1 0.0033333333333333335 0.045 0.006666666666666667 0.04
1 0.15916666666666668 0.045 0.07 0.058333333333333334
1 0.09333333333333334 0.035833333333333335 0.055 0.03333333333333333
1 0.04833333333333333 0.05 0.06833333333333333 0.056666666666666664
1 0.07083333333333333 0.03333333333333333 0.043333333333333335 0.025
1 0.13 0.04416666666666667 0.07833333333333334 0.05333333333333334
1 0.21416666666666667 0.056666666666666664 0.07333333333333333 0.08833333333333333
1 0.32166666666666666 0.015 0.03833333333333333 0.015
1 0.335 0.04083333333333333 0.055 0.06833333333333333
1 0.295 0.04833333333333333 0.045 0.07833333333333334
1 0.3591666666666667 0.050833333333333335 0.04 0.09
1 0.18 0.0225 0.03333333333333333 0.015
1 0.15083333333333335 0.023333333333333334 0.04666666666666667 0.013333333333333334
1 0.11416666666666667 0.0275 0.03 0.018333333333333333
1 0.09166666666666666 0.03666666666666667 0.03166666666666667 0.03333333333333333
1 0.07083333333333333 0.051666666666666666 0.05 0.06166666666666667
1 0.03666666666666667 0.03666666666666667 0.03833333333333333 0.028333333333333332
1 0.0075 0.051666666666666666 0.015 0.05333333333333334
1 0.021666666666666667 0.12166666666666667 0.043333333333333335 0.17
1 0.08083333333333333 0.1075 0.04 0.09166666666666666
1 0.060833333333333336 0.155 0.04 0.12666666666666668
1 0.015833333333333335 0.27416666666666667 0.03166666666666667 0.14166666666666666
1 0.32416666666666666 0.11416666666666667 0.03833333333333333 0.135
1 0.26666666666666666 0.045 0.04833333333333333 0.06833333333333333
1 0.18833333333333332 0.055 0.035 0.08
1 0.13416666666666666 0.055 0.03333333333333333 0.075
1 0.12833333333333333 0.12166666666666667 0.03166666666666667 0.07166666666666667
1 0.17666666666666667 0.10416666666666667 0.03666666666666667 0.07
1 0.155 0.12 0.03 0.08833333333333333
1 0.21166666666666667 0.1225 0.03666666666666667 0.09166666666666666
1 0.25166666666666665 0.11583333333333333 0.051666666666666666 0.09833333333333333
1 0.2841666666666667 0.14416666666666667 0.051666666666666666 0.13666666666666666
1 0.3675 0.15166666666666667 0.035 0.11833333333333333
1 0.31916666666666665 0.2608333333333333 0.041666666666666664 0.09
1 0.175 0.21 0.043333333333333335 0.115
1 0.25916666666666666 0.23 0.04 0.09833333333333333
1 0.2275 0.26666666666666666 0.03666666666666667 0.08166666666666667
1 0.2658333333333333 0.33 0.03833333333333333 0.09833333333333333
1 0.14083333333333334 0.25916666666666666 0.04833333333333333 0.125
1 0.10416666666666667 0.18083333333333335 0.035 0.065
1 0.03833333333333333 0.2941666666666667 0.021666666666666667 0.045
1 0.07083333333333333 0.2825 0.03166666666666667 0.08166666666666667
1 0.09083333333333334 0.23583333333333334 0.028333333333333332 0.055
1 0.11916666666666667 0.27416666666666667 0.023333333333333334 0.051666666666666666
1 0.0075 0.36 0.015 0.06666666666666667
1 0.15 0.3441666666666667 0.02666666666666667 0.06666666666666667
1 0.1975 0.3425 0.035 0.085
1 0.4033333333333333 0.3641666666666667 0.025 0.06666666666666667
1 0.39916666666666667 0.355 0.018333333333333333 0.08333333333333333
1 0.4025 0.3516666666666667 0.025 0.09166666666666666
1 0.405 0.36916666666666664 0.02666666666666667 0.056666666666666664
1 0.3958333333333333 0.2891666666666667 0.016666666666666666 0.06833333333333333
1 0.56 0.3225 0.345 0.15
1 0.1025 0.8133333333333334 0.195 0.37333333333333335
1 0.5716666666666667 0.8325 0.32666666666666666 0.335