1 0.4397163120567376 0.48404255319148937 0.08333333333333333 0.19148936170212766
1 0.49556737588652483 0.5 0.06205673758865248 0.1702127659574468
1 0.5523049645390071 0.48847517730496454 0.07801418439716312 0.15425531914893617
1 0.6134751773049646 0.4627659574468085 0.06205673758865248 0.15070921985815602
1 0.4441489361702128 0.0425531914893617 0.08156028368794327 0.08333333333333333
1 0.5159574468085106 0.04343971631205674 0.05673758865248227 0.08687943262411348
1 0.5682624113475178 0.016843971631205674 0.051418439716312055 0.03368794326241135
1 0.7021276595744681 0.034574468085106384 0.0673758865248227 0.06914893617021277
1 0.7845744680851063 0.023936170212765957 0.07624113475177305 0.047872340425531915
1 0.8820921985815603 0.1595744680851064 0.06205673758865248 0.18439716312056736
1 0.7730496453900709 0.09308510638297872 0.07446808510638298 0.17198581560283688
1 0.8262411347517731 0.17907801418439717 0.051418439716312055 0.1595744680851064
1 0.9450354609929078 0.16489361702127658 0.07092198581560284 0.18971631205673758
1 0.976063829787234 0.28191489361702127 0.02127659574468085 0.08687943262411348
1 0.8625886524822695 0.28191489361702127 0.06560283687943262 0.10815602836879433
1 0.9228723404255319 0.34929078014184395 0.06560283687943262 0.13652482269503546
1 0.87322695035461 0.3679078014184397 0.051418439716312055 0.10460992907801418
1 0.9512411347517731 0.41134751773049644 0.0425531914893617 0.09397163120567376
1 0.9769503546099291 0.5762411347517731 0.04609929078014184 0.11347517730496454
1 0.9955673758865248 0.5726950354609929 0.008865248226950355 0.0851063829787234
1 0.9813829787234043 0.6400709219858156 0.03723404255319149 0.07092198581560284
1 0.6356382978723404 0.09219858156028368 0.08687943262411348 0.18439716312056736
1 0.7083333333333334 0.12411347517730496 0.06914893617021277 0.14361702127659576
1 0.7712765957446809 0.27925531914893614 0.0851063829787234 0.1950354609929078
1 0.7544326241134752 0.37943262411347517 0.0549645390070922 0.12943262411347517
1 0.6861702127659575 0.31117021276595747 0.09574468085106383 0.1879432624113475
1 0.5930851063829787 0.2632978723404255 0.09219858156028368 0.2624113475177305
1 0.4627659574468085 0.11613475177304965 0.051418439716312055 0.10638297872340426
1 0.18085106382978725 0.054078014184397165 0.08156028368794327 0.06382978723404255
1 0.08599290780141844 0.16489361702127658 0.14361702127659576 0.2695035460992908
1 0.23670212765957446 0.1524822695035461 0.0673758865248227 0.17553191489361702
1 0.3945035460992908 0.17907801418439717 0.09574468085106383 0.2570921985815603
1 0.30851063829787234 0.16489361702127658 0.09397163120567376 0.21808510638297873
1 0.2978723404255319 0.038120567375886524 0.03900709219858156 0.047872340425531915
1 0.26861702127659576 0.32358156028368795 0.08156028368794327 0.17553191489361702
1 0.3484042553191489 0.3546099290780142 0.0851063829787234 0.20212765957446807
1 0.4078014184397163 0.32180851063829785 0.07624113475177305 0.16489361702127658
1 0.4645390070921986 0.2783687943262411 0.0726950354609929 0.21808510638297873
1 0.5097517730496454 0.300531914893617 0.0673758865248227 0.24113475177304963
1 0.16134751773049646 0.35904255319148937 0.0673758865248227 0.21453900709219859
1 0.3173758865248227 0.4379432624113475 0.0549645390070922 0.13120567375886524
1 0.2127659574468085 0.38120567375886527 0.0726950354609929 0.20035460992907803
1 0.08776595744680851 0.3971631205673759 0.0851063829787234 0.18085106382978725
1 0.025709219858156027 0.42021276595744683 0.051418439716312055 0.14893617021276595
1 0.028368794326241134 0.575354609929078 0.05673758865248227 0.16843971631205673
1 0.11347517730496454 0.5044326241134752 0.030141843971631204 0.0673758865248227
1 0.07712765957446809 0.5195035460992907 0.051418439716312055 0.0797872340425532
1 0.1125886524822695 0.6063829787234043 0.06382978723404255 0.14184397163120568
1 0.15780141843971632 0.5824468085106383 0.044326241134751775 0.10638297872340426
1 0.3519503546099291 0.62322695035461 0.07801418439716312 0.2730496453900709
1 0.28900709219858156 0.6090425531914894 0.07801418439716312 0.23049645390070922
1 0.4157801418439716 0.6019503546099291 0.06028368794326241 0.15425531914893617
1 0.46631205673758863 0.6090425531914894 0.0549645390070922 0.1276595744680851
1 0.650709219858156 0.5124113475177305 0.044326241134751775 0.10815602836879433
1 0.6728723404255319 0.4299645390070922 0.05851063829787234 0.10460992907801418
1 0.6906028368794326 0.499113475177305 0.03900709219858156 0.08687943262411348
1 0.7198581560283688 0.5097517730496454 0.03900709219858156 0.11347517730496454
1 0.7455673758865248 0.524822695035461 0.0425531914893617 0.12234042553191489
1 0.7712765957446809 0.5549645390070922 0.06028368794326241 0.12056737588652482
1 0.800531914893617 0.48315602836879434 0.04964539007092199 0.13652482269503546
1 0.8625886524822695 0.49113475177304966 0.08865248226950355 0.19148936170212766
1 0.9060283687943262 0.4521276595744681 0.051418439716312055 0.08865248226950355
1 0.9406028368794326 0.5 0.03546099290780142 0.08687943262411348
1 0.9663120567375887 0.48847517730496454 0.031914893617021274 0.07092198581560284
1 0.9778368794326241 0.42907801418439717 0.044326241134751775 0.1276595744680851
1 0.9131205673758865 0.5647163120567376 0.040780141843971635 0.10460992907801418
1 0.9406028368794326 0.6187943262411347 0.051418439716312055 0.10460992907801418
1 0.8945035460992907 0.6382978723404256 0.047872340425531915 0.10106382978723404
1 0.8466312056737588 0.6471631205673759 0.07446808510638298 0.18085106382978725
1 0.7721631205673759 0.6409574468085106 0.04609929078014184 0.09929078014184398
1 0.800531914893617 0.6879432624113475 0.04609929078014184 0.1347517730496454
1 0.8687943262411347 0.8067375886524822 0.044326241134751775 0.15070921985815602
1 0.899822695035461 0.7854609929078015 0.03723404255319149 0.09397163120567376
1 0.9273049645390071 0.8067375886524822 0.047872340425531915 0.15425531914893617
1 0.9547872340425532 0.6950354609929078 0.031914893617021274 0.0673758865248227
1 0.8909574468085106 0.7065602836879432 0.028368794326241134 0.06028368794326241
1 0.9849290780141844 0.7446808510638298 0.030141843971631204 0.12411347517730496
1 0.06028368794326241 0.6968085106382979 0.047872340425531915 0.11524822695035461
1 0.10638297872340426 0.7695035460992907 0.08156028368794327 0.15070921985815602
1 0.026595744680851064 0.7570921985815603 0.02304964539007092 0.11702127659574468
1 0.5168439716312057 0.6843971631205674 0.04609929078014184 0.14361702127659576
1 0.5664893617021277 0.5939716312056738 0.0549645390070922 0.09219858156028368
1 0.651595744680851 0.6019503546099291 0.040780141843971635 0.0851063829787234
1 0.7056737588652482 0.5851063829787234 0.040780141843971635 0.09929078014184398
1 0.724290780141844 0.6631205673758865 0.03723404255319149 0.07624113475177305
1 0.6710992907801419 0.651595744680851 0.040780141843971635 0.07624113475177305
1 0.6959219858156028 0.6648936170212766 0.03368794326241135 0.09397163120567376
1 0.6365248226950354 0.6764184397163121 0.040780141843971635 0.0975177304964539
1 0.5930851063829787 0.675531914893617 0.05851063829787234 0.10638297872340426
1 0.5629432624113475 0.7101063829787234 0.06028368794326241 0.14716312056737588
1 0.46631205673758863 0.7313829787234043 0.06205673758865248 0.1276595744680851
1 0.4228723404255319 0.7464539007092199 0.047872340425531915 0.13652482269503546
1 0.3953900709219858 0.8093971631205674 0.0549645390070922 0.12943262411347517
1 0.35726950354609927 0.7987588652482269 0.040780141843971635 0.09042553191489362
1 0.2969858156028369 0.7535460992907801 0.0549645390070922 0.09042553191489362
1 0.3262411347517731 0.8430851063829787 0.047872340425531915 0.10106382978723404
1 0.4441489361702128 0.849290780141844 0.03546099290780142 0.09042553191489362
1 0.5434397163120568 0.8377659574468085 0.047872340425531915 0.0975177304964539
1 0.6879432624113475 0.7632978723404256 0.04964539007092199 0.12411347517730496
1 0.6028368794326241 0.7960992907801419 0.044326241134751775 0.10638297872340426
1 0.6409574468085106 0.8306737588652482 0.0425531914893617 0.08865248226950355
1 0.6099290780141844 0.9033687943262412 0.044326241134751775 0.10638297872340426
1 0.7304964539007093 0.8102836879432624 0.0549645390070922 0.1347517730496454
1 0.7579787234042553 0.7225177304964538 0.03900709219858156 0.07092198581560284
1 0.8439716312056738 0.8315602836879432 0.024822695035460994 0.047872340425531915
1 0.8085106382978723 0.8235815602836879 0.03723404255319149 0.08687943262411348
1 0.7810283687943262 0.7783687943262412 0.031914893617021274 0.05851063829787234
1 0.7562056737588653 0.8218085106382979 0.026595744680851064 0.0549645390070922
1 0.8909574468085106 0.8962765957446809 0.028368794326241134 0.07092198581560284
1 0.9140070921985816 0.8847517730496454 0.03368794326241135 0.07624113475177305
1 0.975177304964539 0.8457446808510638 0.04964539007092199 0.09219858156028368
1 0.051418439716312055 0.9237588652482269 0.040780141843971635 0.11170212765957446
1 0.061170212765957445 0.8306737588652482 0.03900709219858156 0.0851063829787234
1 0.7340425531914894 0.900709219858156 0.030141843971631204 0.07092198581560284
1 0.6843971631205674 0.9060283687943262 0.03900709219858156 0.09042553191489362