1 0.033276450511945395 0.35665529010238906 0.05460750853242321 0.11604095563139932
1 0.24914675767918087 0.2858361774744027 0.10580204778156997 0.295221843003413
1 0.3387372013651877 0.33361774744027306 0.10238907849829351 0.21843003412969283
1 0.5273037542662116 0.3395904436860068 0.11092150170648464 0.23890784982935154
1 0.43856655290102387 0.33447098976109213 0.09215017064846416 0.23208191126279865
1 0.621160409556314 0.3267918088737201 0.051194539249146756 0.2764505119453925
1 0.9897610921501706 0.3054607508532423 0.020477815699658702 0.3037542662116041
1 0.9667235494880546 0.29436860068259385 0.06655290102389079 0.27474402730375425
1 0.8984641638225256 0.3037542662116041 0.13310580204778158 0.3361774744027304
1 0.7517064846416383 0.2858361774744027 0.257679180887372 0.39761092150170646
1 0.3097269624573379 0.7175767918088737 0.6194539249146758 0.5648464163822525
1 0.7525597269624573 0.6305460750853242 0.3122866894197952 0.33276450511945393