0 0.7258064516129032 0.425 0.06935483870967742 0.2693548387096774
0 0.4032258064516129 0.8491935483870968 0.10967741935483871 0.3016129032258065
0 0.27580645161290324 0.8403225806451613 0.1 0.3193548387096774
0 0.6516129032258065 0.3935483870967742 0.05967741935483871 0.2435483870967742
0 0.8346774193548387 0.16774193548387098 0.04032258064516129 0.13709677419354838
0 0.5185483870967742 0.2653225806451613 0.056451612903225805 0.21451612903225806
0 0.09193548387096774 0.9362903225806452 0.08387096774193549 0.12741935483870967
0 0.8604838709677419 0.1693548387096774 0.03225806451612903 0.13548387096774195
0 0.8838709677419355 0.09112903225806451 0.024193548387096774 0.10161290322580645
0 0.6814516129032258 0.4346774193548387 0.03870967741935484 0.16129032258064516
0 0.9008064516129032 0.09838709677419355 0.025806451612903226 0.08870967741935484
0 0.7774193548387097 0.11370967741935484 0.01935483870967742 0.037096774193548385
0 0.7491935483870967 0.0846774193548387 0.03064516129032258 0.05967741935483871