0 0.7533333333333333 0.435 0.056666666666666664 0.275
0 0.3983333333333333 0.8508333333333333 0.09666666666666666 0.29833333333333334
0 0.2675 0.8383333333333334 0.085 0.3233333333333333
0 0.6791666666666667 0.3983333333333333 0.04833333333333333 0.25
0 0.88 0.175 0.035 0.14
0 0.5483333333333333 0.25916666666666666 0.04666666666666667 0.22
0 0.0725 0.9325 0.07833333333333334 0.135
0 0.9066666666666666 0.17833333333333334 0.02666666666666667 0.13833333333333334
0 0.935 0.09916666666666667 0.02 0.10333333333333333
0 0.7075 0.4425 0.03166666666666667 0.165
0 0.9516666666666667 0.1075 0.021666666666666667 0.09
0 0.8241666666666667 0.11666666666666667 0.018333333333333333 0.03666666666666667
0 0.7966666666666666 0.085 0.028333333333333332 0.06