0 0.7564935064935064 0.4017857142857143 0.0633116883116883 0.2711038961038961
0 0.29788961038961037 0.8084415584415584 0.09253246753246754 0.3262987012987013
0 0.43587662337662336 0.836038961038961 0.11525974025974026 0.32792207792207795
0 0.6842532467532467 0.37094155844155846 0.05357142857142857 0.24675324675324675
0 0.549512987012987 0.2418831168831169 0.056818181818181816 0.21753246753246752
0 0.11607142857142858 0.9180194805194806 0.08603896103896104 0.16396103896103897
0 0.8676948051948052 0.14772727272727273 0.037337662337662336 0.14123376623376624
0 0.8944805194805194 0.15665584415584416 0.032467532467532464 0.14285714285714285
0 0.711038961038961 0.4082792207792208 0.03409090909090909 0.1590909090909091
0 0.9180194805194806 0.07224025974025974 0.021103896103896104 0.10064935064935066
0 0.9334415584415584 0.07873376623376624 0.022727272727272728 0.08928571428571429
0 0.8116883116883117 0.09253246753246754 0.01948051948051948 0.03571428571428571
0 0.7832792207792207 0.0625 0.02922077922077922 0.060064935064935064