0 0.3044982698961938 0.7889273356401384 0.10553633217993079 0.356401384083045
0 0.7923875432525952 0.38321799307958476 0.06055363321799308 0.28719723183391005
0 0.44896193771626297 0.8183391003460208 0.10207612456747404 0.3633217993079585
0 0.7145328719723183 0.3356401384083045 0.05536332179930796 0.25432525951557095
0 0.5692041522491349 0.2102076124567474 0.05709342560553633 0.22491349480968859
0 0.9134948096885813 0.12197231833910034 0.0328719723183391 0.14878892733564014
0 0.11245674740484429 0.9022491349480969 0.09342560553633218 0.19550173010380623
0 0.9411764705882353 0.13408304498269896 0.031141868512110725 0.1522491349480969
0 0.9688581314878892 0.04757785467128028 0.020761245674740483 0.09515570934256055
0 0.7448096885813149 0.38235294117647056 0.029411764705882353 0.15570934256055363
0 0.986159169550173 0.05363321799307959 0.020761245674740483 0.09169550173010381
0 0.8555363321799307 0.06055363321799308 0.01903114186851211 0.03806228373702422
0 0.8269896193771626 0.03027681660899654 0.02768166089965398 0.06055363321799308