0 0.727491961414791 0.4517684887459807 0.06591639871382636 0.26366559485530544
0 0.25 0.8336012861736335 0.10128617363344052 0.3183279742765273
0 0.35932475884244375 0.8464630225080386 0.08681672025723473 0.30064308681672025
0 0.6591639871382636 0.41318327974276525 0.05305466237942122 0.24115755627009647
0 0.5409967845659164 0.27491961414790994 0.05466237942122187 0.21543408360128619
0 0.8633440514469454 0.20257234726688103 0.03697749196141479 0.13665594855305466
0 0.04983922829581994 0.9172025723472669 0.07877813504823152 0.1382636655948553
0 0.8882636655948553 0.20659163987138263 0.03215434083601286 0.13344051446945338
0 0.6840836012861736 0.45980707395498394 0.03536977491961415 0.1607717041800643
0 0.9180064308681672 0.13183279742765272 0.022508038585209004 0.09967845659163987
0 0.9340836012861736 0.14308681672025725 0.024115755627009645 0.0819935691318328
0 0.7861736334405145 0.11414790996784566 0.03054662379421222 0.05787781350482315
0 0.8110932475884244 0.1454983922829582 0.01929260450160772 0.03536977491961415