0 0.29596774193548386 0.8032258064516129 0.11612903225806452 0.3370967741935484
0 0.7306451612903225 0.40161290322580645 0.07096774193548387 0.2709677419354839
0 0.432258064516129 0.8258064516129032 0.11290322580645161 0.34838709677419355
0 0.6556451612903226 0.36129032258064514 0.06451612903225806 0.23870967741935484
0 0.5145161290322581 0.25161290322580643 0.06451612903225806 0.2129032258064516
0 0.8306451612903226 0.15241935483870966 0.037096774193548385 0.1403225806451613
0 0.12258064516129032 0.9120967741935484 0.0967741935483871 0.17580645161290323
0 0.8572580645161291 0.1620967741935484 0.037096774193548385 0.1435483870967742
0 0.8782258064516129 0.07580645161290323 0.024193548387096774 0.10161290322580645
0 0.6862903225806452 0.4032258064516129 0.035483870967741936 0.14677419354838708
0 0.8951612903225806 0.08548387096774193 0.024193548387096774 0.08709677419354839
0 0.7733870967741936 0.09838709677419355 0.01935483870967742 0.037096774193548385
0 0.7459677419354839 0.07016129032258064 0.02903225806451613 0.06129032258064516