0 0.7279661016949153 0.4516949152542373 0.061016949152542375 0.2830508474576271
0 0.22796610169491524 0.838135593220339 0.08983050847457627 0.3152542372881356
0 0.37033898305084745 0.8567796610169491 0.1135593220338983 0.2830508474576271
0 0.6542372881355932 0.4152542372881356 0.05254237288135593 0.2559322033898305
0 0.5211864406779662 0.27288135593220336 0.05423728813559322 0.2271186440677966
0 0.03728813559322034 0.9305084745762712 0.07457627118644068 0.12203389830508475
0 0.8576271186440678 0.1923728813559322 0.03559322033898305 0.14576271186440679
0 0.8847457627118644 0.2033898305084746 0.03220338983050847 0.14745762711864407
0 0.6805084745762712 0.4559322033898305 0.03389830508474576 0.16440677966101694
0 0.9144067796610169 0.11610169491525424 0.020338983050847456 0.10508474576271186
0 0.9305084745762712 0.12457627118644068 0.022033898305084745 0.09322033898305085
0 0.8025423728813559 0.13220338983050847 0.01864406779661017 0.03728813559322034
0 0.7745762711864407 0.1 0.030508474576271188 0.061016949152542375