0 0.22083333333333333 0.43666666666666665 0.023333333333333334 0.09666666666666666
0 0.2991666666666667 0.4508333333333333 0.025 0.09666666666666666
0 0.38333333333333336 0.465 0.023333333333333334 0.09166666666666666
0 0.315 0.4608333333333333 0.025 0.095
0 0.27166666666666667 0.4625 0.025 0.11666666666666667
0 0.42083333333333334 0.5425 0.06333333333333334 0.25333333333333335
0 0.675 0.645 0.095 0.42833333333333334
0 0.6108333333333333 0.67 0.09 0.5066666666666667
0 0.5708333333333333 0.6691666666666667 0.135 0.5566666666666666
0 0.7108333333333333 0.7291666666666666 0.075 0.48
0 0.7391666666666666 0.725 0.115 0.55
0 0.225 0.7025 0.15 0.56