0 0.2597402597402597 0.4724025974025974 0.02922077922077922 0.09577922077922078
0 0.336038961038961 0.474025974025974 0.02922077922077922 0.09740259740259741
0 0.41883116883116883 0.4732142857142857 0.02922077922077922 0.09090909090909091
0 0.351461038961039 0.48133116883116883 0.030844155844155844 0.09577922077922078
0 0.30844155844155846 0.4902597402597403 0.032467532467532464 0.11525974025974026
0 0.45616883116883117 0.5430194805194806 0.07792207792207792 0.25
0 0.7077922077922078 0.6022727272727273 0.1185064935064935 0.4237012987012987
0 0.6452922077922078 0.635551948051948 0.11688311688311688 0.49837662337662336
0 0.6055194805194806 0.6412337662337663 0.16396103896103897 0.5503246753246753
0 0.7426948051948052 0.6777597402597403 0.10227272727272728 0.4707792207792208
0 0.7727272727272727 0.6777597402597403 0.1461038961038961 0.5584415584415584
0 0.26785714285714285 0.7199675324675324 0.18019480519480519 0.5373376623376623