0 0.24758842443729903 0.47186495176848875 0.028938906752411574 0.09485530546623794
0 0.32315112540192925 0.4734726688102894 0.028938906752411574 0.09646302250803858
0 0.40514469453376206 0.47266881028938906 0.028938906752411574 0.09003215434083602
0 0.3384244372990354 0.4807073954983923 0.03054662379421222 0.09485530546623794
0 0.2958199356913183 0.4887459807073955 0.03215434083601286 0.11414790996784566
0 0.44212218649517687 0.5418006430868167 0.07717041800643087 0.24758842443729903
0 0.6913183279742765 0.6004823151125402 0.11736334405144695 0.41961414790996787
0 0.6294212218649518 0.6334405144694534 0.1157556270096463 0.49356913183279744
0 0.590032154340836 0.6382636655948553 0.16237942122186494 0.545016077170418
0 0.7258842443729904 0.6752411575562701 0.10128617363344052 0.4662379421221865
0 0.7556270096463023 0.6752411575562701 0.14469453376205788 0.5530546623794212
0 0.25562700964630225 0.7186495176848875 0.17845659163987138 0.5369774919614148