0 0.2549019607843137 0.5187908496732027 0.02287581699346405 0.09477124183006536
0 0.33169934640522875 0.5147058823529411 0.02287581699346405 0.09640522875816994
0 0.4150326797385621 0.5081699346405228 0.02287581699346405 0.08986928104575163
0 0.3480392156862745 0.5212418300653595 0.024509803921568627 0.09477124183006536
0 0.3055555555555556 0.5326797385620915 0.024509803921568627 0.11437908496732026
0 0.45751633986928103 0.5759803921568627 0.06045751633986928 0.24836601307189543
0 0.7140522875816994 0.6176470588235294 0.08986928104575163 0.4215686274509804
0 0.6535947712418301 0.6552287581699346 0.08333333333333333 0.49673202614379086
0 0.6143790849673203 0.6633986928104575 0.12745098039215685 0.545751633986928
0 0.7549019607843137 0.6911764705882353 0.07026143790849673 0.47058823529411764
0 0.7843137254901961 0.6887254901960784 0.10784313725490197 0.5555555555555556
0 0.28104575163398693 0.75 0.1437908496732026 0.5