0 0.2697841726618705 0.5566546762589928 0.03237410071942446 0.10611510791366907
0 0.3534172661870504 0.545863309352518 0.03237410071942446 0.1079136690647482
0 0.4442446043165468 0.5323741007194245 0.03237410071942446 0.10071942446043165
0 0.3723021582733813 0.552158273381295 0.0341726618705036 0.10611510791366907
0 0.32643884892086333 0.5683453237410072 0.03597122302158273 0.12769784172661872
0 0.49640287769784175 0.60431654676259 0.08633093525179857 0.27697841726618705
0 0.7814748201438849 0.6303956834532374 0.13129496402877697 0.4694244604316547
0 0.7176258992805755 0.6762589928057554 0.12949640287769784 0.552158273381295
0 0.6753597122302158 0.6879496402877698 0.18165467625899281 0.6097122302158273
0 0.8318345323741008 0.7077338129496403 0.11330935251798561 0.5215827338129496
0 0.862410071942446 0.685251798561151 0.15827338129496402 0.5863309352517986
0 0.3129496402877698 0.7643884892086331 0.1906474820143885 0.4712230215827338