1 0.27 0.37636363636363634 0.4490909090909091 0.5381818181818182
1 0.6163636363636363 0.03090909090909091 0.04363636363636364 0.06181818181818182
1 0.7145454545454546 0.022727272727272728 0.07272727272727272 0.045454545454545456
1 0.6927272727272727 0.011818181818181818 0.05454545454545454 0.023636363636363636
1 0.6463636363636364 0.031818181818181815 0.07454545454545454 0.06363636363636363
1 0.81 0.023636363636363636 0.10363636363636364 0.04727272727272727
1 0.8872727272727273 0.00909090909090909 0.05454545454545454 0.01818181818181818
1 0.7472727272727273 0.00909090909090909 0.05090909090909091 0.01818181818181818
1 0.7127272727272728 0.017272727272727273 0.05454545454545454 0.034545454545454546
1 0.6318181818181818 0.03636363636363636 0.07090909090909091 0.07272727272727272
1 0.6145454545454545 0.04727272727272727 0.04363636363636364 0.09454545454545454
1 0.6054545454545455 0.0036363636363636364 0.025454545454545455 0.007272727272727273
1 0.6054545454545455 0.023636363636363636 0.025454545454545455 0.04727272727272727
1 0.6090909090909091 0.045454545454545456 0.03272727272727273 0.09090909090909091
1 0.610909090909091 0.03 0.03272727272727273 0.06
1 0.6063636363636363 0.056363636363636366 0.02 0.08363636363636363
1 0.6045454545454545 0.038181818181818185 0.02 0.07636363636363637
1 0.61 0.0809090909090909 0.02909090909090909 0.14363636363636365
1 0.6063636363636363 0.07181818181818182 0.02181818181818182 0.12181818181818181
1 0.6127272727272727 0.12545454545454546 0.02 0.09090909090909091
1 0.6127272727272727 0.11363636363636363 0.02909090909090909 0.13636363636363635
1 0.6145454545454545 0.15454545454545454 0.02 0.07636363636363637
1 0.6163636363636363 0.1509090909090909 0.025454545454545455 0.10545454545454545
1 0.6209090909090909 0.20636363636363636 0.02181818181818182 0.07090909090909091
1 0.62 0.21454545454545454 0.02 0.07818181818181819
1 0.6181818181818182 0.19 0.01818181818181818 0.05454545454545454
1 0.6218181818181818 0.24363636363636362 0.016363636363636365 0.05272727272727273
1 0.62 0.23636363636363636 0.012727272727272728 0.04909090909090909
1 0.6245454545454545 0.27454545454545454 0.016363636363636365 0.07090909090909091
1 0.6336363636363637 0.3663636363636364 0.016363636363636365 0.04909090909090909
1 0.6318181818181818 0.38 0.012727272727272728 0.05272727272727273
1 0.63 0.36363636363636365 0.01090909090909091 0.045454545454545456
1 0.8136363636363636 0.02909090909090909 0.05272727272727273 0.05818181818181818
1 0.6318181818181818 0.08272727272727273 0.06909090909090909 0.13454545454545455
1 0.6181818181818182 0.2109090909090909 0.02181818181818182 0.1509090909090909
1 0.6254545454545455 0.27545454545454545 0.023636363636363636 0.12727272727272726
1 0.6281818181818182 0.3181818181818182 0.01818181818181818 0.09272727272727273
1 0.8618181818181818 0.06454545454545454 0.04181818181818182 0.10727272727272727
1 0.8227272727272728 0.08727272727272728 0.04 0.08363636363636363
1 0.75 0.12818181818181817 0.034545454545454546 0.09454545454545454
1 0.69 0.05909090909090909 0.056363636363636366 0.11818181818181818
1 0.7645454545454545 0.04090909090909091 0.045454545454545456 0.08181818181818182
1 0.9718181818181818 0.21363636363636362 0.016363636363636365 0.09272727272727273
1 0.9645454545454546 0.2581818181818182 0.02909090909090909 0.06727272727272728
1 0.7163636363636363 0.40636363636363637 0.038181818181818185 0.08727272727272728
1 0.8245454545454546 0.42727272727272725 0.02727272727272727 0.06181818181818182
1 0.8690909090909091 0.41909090909090907 0.01090909090909091 0.038181818181818185
1 0.8472727272727273 0.40636363636363637 0.014545454545454545 0.03272727272727273
1 0.8781818181818182 0.41454545454545455 0.01090909090909091 0.03090909090909091
1 0.9009090909090909 0.4318181818181818 0.014545454545454545 0.04727272727272727
1 0.94 0.43636363636363634 0.01818181818181818 0.05272727272727273
1 0.93 0.4318181818181818 0.012727272727272728 0.045454545454545456
1 0.9509090909090909 0.42727272727272725 0.00909090909090909 0.034545454545454546
1 0.9572727272727273 0.43272727272727274 0.007272727272727273 0.03090909090909091
1 0.9672727272727273 0.4409090909090909 0.012727272727272728 0.04363636363636364
1 0.9818181818181818 0.44 0.02 0.04909090909090909
1 0.6354545454545455 0.4072727272727273 0.012727272727272728 0.04909090909090909
1 0.9636363636363636 0.11454545454545455 0.016363636363636365 0.09090909090909091
1 0.9545454545454546 0.024545454545454544 0.014545454545454545 0.04909090909090909
1 0.8327272727272728 0.29545454545454547 0.023636363636363636 0.06909090909090909
1 0.8863636363636364 0.2718181818181818 0.03090909090909091 0.07818181818181819
1 0.7245454545454545 0.46454545454545454 0.016363636363636365 0.05818181818181818
1 0.71 0.46090909090909093 0.01818181818181818 0.05818181818181818
1 0.6563636363636364 0.35454545454545455 0.01818181818181818 0.04181818181818182
1 0.6890909090909091 0.17 0.03090909090909091 0.0890909090909091
1 0.7127272727272728 0.20272727272727273 0.025454545454545455 0.07272727272727272
1 0.7754545454545455 0.11818181818181818 0.034545454545454546 0.08
1 0.8027272727272727 0.13636363636363635 0.034545454545454546 0.08545454545454545
1 0.8272727272727273 0.16545454545454547 0.034545454545454546 0.07636363636363637
1 0.8781818181818182 0.14363636363636365 0.023636363636363636 0.06363636363636363
1 0.9163636363636364 0.08818181818181818 0.04 0.08363636363636363
1 0.9063636363636364 0.02090909090909091 0.02 0.04181818181818182
1 0.6181818181818182 0.17636363636363636 0.02181818181818182 0.06545454545454546
1 0.6327272727272727 0.2081818181818182 0.03272727272727273 0.08545454545454545
1 0.6845454545454546 0.21727272727272728 0.02727272727272727 0.06
1 0.6636363636363637 0.22090909090909092 0.02 0.05090909090909091
1 0.7354545454545455 0.16727272727272727 0.03272727272727273 0.0890909090909091
1 0.7754545454545455 0.22454545454545455 0.023636363636363636 0.08181818181818182
1 0.7027272727272728 0.2672727272727273 0.02 0.06363636363636363
1 0.6318181818181818 0.27454545454545454 0.03090909090909091 0.06
1 0.6372727272727273 0.3718181818181818 0.014545454545454545 0.03272727272727273
1 0.6345454545454545 0.41363636363636364 0.01090909090909091 0.05090909090909091
1 0.9145454545454546 0.18818181818181817 0.025454545454545455 0.06363636363636363
1 0.9290909090909091 0.16272727272727272 0.023636363636363636 0.04909090909090909
1 0.9445454545454546 0.12818181818181817 0.02909090909090909 0.06909090909090909
1 0.9390909090909091 0.21363636363636362 0.03090909090909091 0.08181818181818182
1 0.8581818181818182 0.35454545454545455 0.02181818181818182 0.06363636363636363
1 0.9818181818181818 0.3054545454545455 0.012727272727272728 0.08545454545454545
1 0.9727272727272728 0.32181818181818184 0.025454545454545455 0.07272727272727272
1 0.6918181818181818 0.3836363636363636 0.025454545454545455 0.056363636363636366
1 0.6227272727272727 0.26636363636363636 0.01818181818181818 0.09454545454545454
1 0.7554545454545455 0.2827272727272727 0.038181818181818185 0.0890909090909091
1 0.6845454545454546 0.2772727272727273 0.02727272727272727 0.06545454545454546
1 0.6163636363636363 0.20545454545454545 0.012727272727272728 0.07272727272727272
1 0.6363636363636364 0.4290909090909091 0.01090909090909091 0.045454545454545456
1 0.6372727272727273 0.4509090909090909 0.00909090909090909 0.04181818181818182
1 0.6354545454545455 0.41818181818181815 0.01090909090909091 0.045454545454545456
1 0.6372727272727273 0.44636363636363635 0.01090909090909091 0.04363636363636364
1 0.6227272727272727 0.2690909090909091 0.014545454545454545 0.07090909090909091
1 0.09818181818181818 0.82 0.17454545454545456 0.36
1 0.35 0.8036363636363636 0.39454545454545453 0.3927272727272727
1 0.61 0.7963636363636364 0.14363636363636365 0.3981818181818182
1 0.7036363636363636 0.8245454545454546 0.08727272727272728 0.17454545454545456