1 0.0944055944055944 0.1555944055944056 0.1888111888111888 0.2902097902097902
1 0.030594405594405596 0.033216783216783216 0.06118881118881119 0.038461538461538464
1 0.6958041958041958 0.19230769230769232 0.24125874125874125 0.38461538461538464
1 0.354020979020979 0.5541958041958042 0.11363636363636363 0.08391608391608392
1 0.5472027972027972 0.5428321678321678 0.09615384615384616 0.07517482517482517
1 0.23863636363636365 0.8286713286713286 0.057692307692307696 0.1381118881118881
1 0.2928321678321678 0.5498251748251748 0.06993006993006994 0.06993006993006994
1 0.12674825174825174 0.6722027972027972 0.06118881118881119 0.1486013986013986
1 0.34527972027972026 0.6311188811188811 0.050699300699300696 0.09615384615384616
1 0.39335664335664333 0.9562937062937062 0.03146853146853147 0.08741258741258741
1 0.2928321678321678 0.9300699300699301 0.07517482517482517 0.13986013986013987
1 0.5157342657342657 0.5445804195804196 0.07517482517482517 0.07517482517482517
1 0.5192307692307693 0.5253496503496503 0.06293706293706294 0.03671328671328671
1 0.2875874125874126 0.5402097902097902 0.04020979020979021 0.050699300699300696
1 0.3881118881118881 0.993006993006993 0.038461538461538464 0.013986013986013986
1 0.13374125874125875 0.8033216783216783 0.043706293706293704 0.11188811188811189
1 0.06293706293706294 0.7237762237762237 0.05244755244755245 0.11888111888111888
1 0.2229020979020979 0.9405594405594405 0.05419580419580419 0.11888111888111888
1 0.1791958041958042 0.8129370629370629 0.0472027972027972 0.11188811188811189
1 0.3881118881118881 0.5533216783216783 0.07692307692307693 0.08216783216783216
1 0.5174825174825175 0.8846153846153846 0.03671328671328671 0.0979020979020979
1 0.4825174825174825 0.5332167832167832 0.03496503496503497 0.04895104895104895
1 0.31993006993006995 0.9921328671328671 0.06993006993006994 0.015734265734265736
1 0.4160839160839161 0.9501748251748252 0.02972027972027972 0.09265734265734266
1 0.5716783216783217 0.5305944055944056 0.027972027972027972 0.050699300699300696
1 0.5288461538461539 0.5437062937062938 0.055944055944055944 0.07342657342657342
1 0.5559440559440559 0.861013986013986 0.03496503496503497 0.08566433566433566
1 0.28321678321678323 0.5393356643356644 0.05944055944055944 0.0472027972027972
1 0.2718531468531469 0.7517482517482518 0.0472027972027972 0.09265734265734266
1 0.5926573426573427 0.6066433566433567 0.01048951048951049 0.0944055944055944
1 0.3103146853146853 0.7727272727272727 0.04020979020979021 0.08391608391608392
1 0.5428321678321678 0.9554195804195804 0.03671328671328671 0.08916083916083917
1 0.2980769230769231 0.826048951048951 0.043706293706293704 0.1048951048951049
1 0.03409090909090909 0.8732517482517482 0.04020979020979021 0.09265734265734266
1 0.5874125874125874 0.7727272727272727 0.033216783216783216 0.0944055944055944
1 0.5716783216783217 0.5340909090909091 0.045454545454545456 0.057692307692307696
1 0.5096153846153846 0.6363636363636364 0.024475524475524476 0.055944055944055944
1 0.3076923076923077 0.5332167832167832 0.03496503496503497 0.03671328671328671
1 0.4020979020979021 0.8732517482517482 0.03671328671328671 0.11188811188811189
1 0.06993006993006994 0.9300699300699301 0.07342657342657342 0.13986013986013987
1 0.21328671328671328 0.5734265734265734 0.10664335664335664 0.11188811188811189
1 0.36713286713286714 0.7508741258741258 0.06643356643356643 0.17482517482517482
1 0.13636363636363635 0.9388111888111889 0.07692307692307693 0.12237762237762238
1 0.9195804195804196 0.8907342657342657 0.16083916083916083 0.19405594405594406