1 0.3848122866894198 0.13651877133105803 0.3361774744027304 0.27303754266211605
1 0.9351535836177475 0.14419795221843004 0.1296928327645051 0.27474402730375425
1 0.47952218430034127 0.5392491467576792 0.13651877133105803 0.5341296928327645
1 0.3779863481228669 0.48890784982935154 0.09044368600682594 0.43686006825938567
1 0.20477815699658702 0.5793515358361775 0.14334470989761092 0.6245733788395904
1 0.11262798634812286 0.32764505119453924 0.05802047781569966 0.12457337883959044
1 0.10494880546075085 0.5264505119453925 0.06313993174061433 0.4180887372013652
1 0.03754266211604096 0.3677474402730375 0.06313993174061433 0.20648464163822525
1 0.011092150170648464 0.3395904436860068 0.020477815699658702 0.15017064846416384
1 0.005972696245733789 0.29692832764505117 0.006825938566552901 0.06484641638225255
1 0.014505119453924915 0.5341296928327645 0.02901023890784983 0.30716723549488056
1 0.032423208191126277 0.4931740614334471 0.06484641638225255 0.46075085324232085
1 0.008532423208191127 0.3250853242320819 0.013651877133105802 0.12116040955631399
1 0.013651877133105802 0.3191126279863481 0.02218430034129693 0.10921501706484642
1 0.04607508532423208 0.5443686006825939 0.09215017064846416 0.5597269624573379