1 0.2937062937062937 0.19055944055944055 0.34440559440559443 0.3741258741258741
1 0.9527972027972028 0.12674825174825174 0.05944055944055944 0.2534965034965035
1 0.6547202797202797 0.27534965034965037 0.07517482517482517 0.13636363636363635
1 0.7753496503496503 0.24825174825174826 0.04895104895104895 0.11363636363636363
1 0.7290209790209791 0.2770979020979021 0.04895104895104895 0.12062937062937062
1 0.8304195804195804 0.23164335664335664 0.050699300699300696 0.1520979020979021
1 0.47027972027972026 0.30244755244755245 0.024475524475524476 0.10664335664335664
1 0.47202797202797203 0.23076923076923078 0.04020979020979021 0.13286713286713286
1 0.6617132867132867 0.043706293706293704 0.11713286713286714 0.08741258741258741
1 0.9685314685314685 0.30594405594405594 0.033216783216783216 0.02972027972027972
1 0.5865384615384616 0.19405594405594406 0.10139860139860139 0.18181818181818182
1 0.7473776223776224 0.12325174825174826 0.09265734265734266 0.20454545454545456
1 0.47027972027972026 0.14772727272727273 0.05419580419580419 0.23251748251748253
1 0.4973776223776224 0.19755244755244755 0.09090909090909091 0.1993006993006993
1 0.9055944055944056 0.23513986013986013 0.08216783216783216 0.18356643356643357
1 0.4729020979020979 0.15646853146853146 0.05419580419580419 0.16958041958041958
1 0.46678321678321677 0.05332167832167832 0.05244755244755245 0.10664335664335664
1 0.46503496503496505 0.038461538461538464 0.04895104895104895 0.07692307692307693
1 0.9440559440559441 0.045454545454545456 0.055944055944055944 0.09090909090909091
1 0.4868881118881119 0.03671328671328671 0.07517482517482517 0.07342657342657342
1 0.5725524475524476 0.028846153846153848 0.08566433566433566 0.057692307692307696
1 0.46153846153846156 0.04020979020979021 0.04195804195804196 0.07867132867132867
1 0.46678321678321677 0.16171328671328672 0.045454545454545456 0.23776223776223776
1 0.7727272727272727 0.30856643356643354 0.0472027972027972 0.05419580419580419
1 0.833916083916084 0.3103146853146853 0.03671328671328671 0.04020979020979021
1 0.24825174825174826 0.597027972027972 0.4965034965034965 0.48426573426573427
1 0.8846153846153846 0.6590909090909091 0.23076923076923078 0.26573426573426573