1 0.2788808664259928 0.19855595667870035 0.33754512635379064 0.3953068592057762
1 0.9684115523465704 0.1796028880866426 0.05776173285198556 0.26353790613718414
1 0.6471119133574007 0.3185920577617328 0.0703971119133574 0.13898916967509026
1 0.7725631768953068 0.29783393501805056 0.04512635379061372 0.11371841155234658
1 0.723826714801444 0.3249097472924188 0.04332129963898917 0.12274368231046931
1 0.8312274368231047 0.2833935018050541 0.04332129963898917 0.1552346570397112
1 0.45577617328519854 0.33664259927797835 0.019855595667870037 0.10830324909747292
1 0.4611913357400722 0.26353790613718414 0.03429602888086643 0.13537906137184116
1 0.6678700361010831 0.061371841155234655 0.11552346570397112 0.12274368231046931
1 0.9693140794223827 0.36732851985559567 0.032490974729241874 0.02888086642599278
1 0.5812274368231047 0.23104693140794225 0.09566787003610108 0.18411552346570398
1 0.7509025270758123 0.16696750902527077 0.08483754512635379 0.2075812274368231
1 0.463898916967509 0.17779783393501805 0.04332129963898917 0.23826714801444043
1 0.4891696750902527 0.23014440433212996 0.08303249097472924 0.20216606498194944
1 0.907942238267148 0.29061371841155237 0.07581227436823104 0.18592057761732853
1 0.4657039711191336 0.18682310469314078 0.04693140794223827 0.17328519855595667
1 0.4657039711191336 0.06768953068592058 0.048736462093862815 0.13357400722021662
1 0.463898916967509 0.05144404332129964 0.04693140794223827 0.10108303249097472
1 0.9629963898916968 0.07220216606498195 0.05956678700361011 0.1444043321299639
1 0.48646209386281586 0.04963898916967509 0.0740072202166065 0.09927797833935018
1 0.575812274368231 0.04332129963898917 0.08664259927797834 0.08664259927797834
1 0.4602888086642599 0.05324909747292419 0.039711191335740074 0.10469314079422383
1 0.45938628158844763 0.19133574007220217 0.03429602888086643 0.24368231046931407
1 0.7671480144404332 0.3592057761732852 0.04693140794223827 0.052346570397111915
1 0.8294223826714802 0.36462093862815886 0.036101083032490974 0.039711191335740074
1 0.22743682310469315 0.6272563176895307 0.4548736462093863 0.4747292418772563
1 0.868231046931408 0.7283393501805054 0.23465703971119134 0.26173285198555957