1 0.4907094594594595 0.34459459459459457 0.23817567567567569 0.33783783783783783
1 0.30489864864864863 0.45861486486486486 0.06925675675675676 0.08277027027027027
1 0.20692567567567569 0.47297297297297297 0.08952702702702703 0.04560810810810811
1 0.13260135135135134 0.4594594594594595 0.05912162162162162 0.0625
1 0.052364864864864864 0.44594594594594594 0.08952702702702703 0.08277027027027027
1 0.7964527027027027 0.26942567567567566 0.40709459459459457 0.5287162162162162
1 0.4501689189189189 0.8074324324324325 0.16722972972972974 0.38513513513513514
1 0.3910472972972973 0.8471283783783784 0.08445945945945946 0.2989864864864865
1 0.30743243243243246 0.8243243243243243 0.14864864864864866 0.33952702702702703
1 0.18412162162162163 0.8631756756756757 0.11486486486486487 0.24662162162162163
1 0.07347972972972973 0.7449324324324325 0.14695945945945946 0.46959459459459457
1 0.6309121621621622 0.902027027027027 0.125 0.15033783783783783