1 0.09479553903345725 0.2174721189591078 0.17472118959107807 0.31970260223048325
1 0.516728624535316 0.2137546468401487 0.5130111524163569 0.4275092936802974
1 0.8568773234200744 0.22862453531598512 0.2862453531598513 0.39776951672862454
1 0.22862453531598512 0.06784386617100371 0.09293680297397769 0.0724907063197026
1 0.09107806691449814 0.75 0.1821561338289963 0.5
1 0.9284386617100372 0.4563197026022305 0.05762081784386617 0.05762081784386617
1 0.7713754646840149 0.46096654275092935 0.040892193308550186 0.06691449814126393
1 0.41356877323420077 0.46189591078066916 0.05390334572490706 0.0687732342007435
1 0.5260223048327137 0.48141263940520446 0.055762081784386616 0.10780669144981413
1 0.3271375464684015 0.46654275092936803 0.05204460966542751 0.07806691449814127
1 0.1970260223048327 0.46654275092936803 0.02973977695167286 0.07806691449814127
1 0.5864312267657993 0.47026022304832715 0.05762081784386617 0.08550185873605948
1 0.19237918215613384 0.4628252788104089 0.020446096654275093 0.07063197026022305
1 0.5390334572490706 0.4646840148698885 0.048327137546468404 0.07434944237918216
1 0.595724907063197 0.47026022304832715 0.0687732342007435 0.08550185873605948
1 0.8680297397769516 0.4646840148698885 0.048327137546468404 0.07434944237918216
1 0.19237918215613384 0.4656133828996282 0.020446096654275093 0.0762081784386617
1 0.24535315985130113 0.4711895910780669 0.048327137546468404 0.08736059479553904
1 0.9869888475836431 0.48234200743494426 0.026022304832713755 0.10966542750929369
1 0.5027881040892194 0.4674721189591078 0.03531598513011153 0.07992565055762081
1 0.19888475836431227 0.4879182156133829 0.03345724907063197 0.120817843866171
1 0.4451672862453532 0.49349442379182157 0.06133828996282528 0.13197026022304834
1 0.7063197026022305 0.491635687732342 0.07063197026022305 0.12825278810408922
1 0.275092936802974 0.48605947955390333 0.07063197026022305 0.1171003717472119