1 0.4809688581314879 0.31141868512110726 0.24394463667820068 0.3460207612456747
1 0.291522491349481 0.4273356401384083 0.07093425605536333 0.0847750865051903
1 0.19117647058823528 0.4420415224913495 0.09169550173010381 0.04671280276816609
1 0.11505190311418685 0.4290657439446367 0.06055363321799308 0.06401384083044982
1 0.039792387543252594 0.41522491349480967 0.07612456747404844 0.08304498269896193
1 0.7923875432525952 0.25519031141868515 0.41522491349480967 0.5
1 0.4403114186851211 0.7941176470588235 0.17128027681660898 0.4117647058823529
1 0.379757785467128 0.8339100346020761 0.08823529411764706 0.3235294117647059
1 0.29325259515570934 0.8105536332179931 0.15397923875432526 0.36505190311418684
1 0.16695501730103807 0.8503460207612457 0.11937716262975778 0.2698961937716263
1 0.06487889273356401 0.7301038062283737 0.12975778546712802 0.4982698961937716
1 0.6254325259515571 0.8814878892733564 0.12802768166089964 0.15397923875432526