1 0.06683168316831684 0.2698019801980198 0.13366336633663367 0.4867986798679868
1 0.022277227722772276 0.334983498349835 0.04455445544554455 0.21122112211221122
1 0.05033003300330033 0.22442244224422442 0.10066006600660066 0.3927392739273927
1 0.009900990099009901 0.2871287128712871 0.019801980198019802 0.1419141914191419
1 0.015676567656765675 0.2978547854785479 0.03135313531353135 0.09075907590759076
1 0.0165016501650165 0.2896039603960396 0.033003300330033 0.11056105610561057
1 0.08333333333333333 0.2986798679867987 0.09570957095709572 0.17326732673267325
1 0.2145214521452145 0.32673267326732675 0.17491749174917492 0.29372937293729373
1 0.5866336633663366 0.27805280528052806 0.4834983498349835 0.44884488448844884
1 0.8745874587458746 0.29042904290429045 0.24752475247524752 0.367986798679868
1 0.6707920792079208 0.024752475247524754 0.10066006600660066 0.04950495049504951
1 0.7945544554455446 0.04207920792079208 0.15346534653465346 0.08415841584158416
1 0.32425742574257427 0.18564356435643564 0.08745874587458746 0.06930693069306931
1 0.22277227722772278 0.7854785478547854 0.23432343234323433 0.429042904290429
1 0.9678217821782178 0.485973597359736 0.054455445544554455 0.054455445544554455
1 0.8292079207920792 0.5 0.039603960396039604 0.06105610561056106
1 0.5123762376237624 0.523102310231023 0.052805280528052806 0.06435643564356436
1 0.613036303630363 0.5338283828382838 0.056105610561056105 0.09900990099009901
1 0.43646864686468645 0.5321782178217822 0.05115511551155116 0.07260726072607261
1 0.320957095709571 0.5404290429042904 0.03135313531353135 0.07095709570957096
1 0.6658415841584159 0.5198019801980198 0.056105610561056105 0.07920792079207921
1 0.31683168316831684 0.5379537953795379 0.0231023102310231 0.06435643564356436
1 0.6237623762376238 0.5181518151815182 0.04785478547854786 0.06930693069306931
1 0.6740924092409241 0.518976897689769 0.066006600660066 0.07920792079207921
1 0.915016501650165 0.4975247524752475 0.04785478547854786 0.06930693069306931
1 0.31683168316831684 0.5404290429042904 0.0231023102310231 0.06930693069306931
1 0.36386138613861385 0.5420792079207921 0.04785478547854786 0.08085808580858085
1 0.5915841584158416 0.5222772277227723 0.036303630363036306 0.07260726072607261
1 0.32425742574257427 0.5594059405940595 0.036303630363036306 0.10891089108910891
1 0.5420792079207921 0.5495049504950495 0.0627062706270627 0.12046204620462046
1 0.773102310231023 0.5313531353135313 0.07095709570957096 0.11716171617161716
1 0.3910891089108911 0.5528052805280528 0.06930693069306931 0.10726072607260725