1 0.075 0.24274193548387096 0.15 0.4854838709677419
1 0.02903225806451613 0.3185483870967742 0.05161290322580645 0.20483870967741935
1 0.06370967741935483 0.20241935483870968 0.12096774193548387 0.40483870967741936
1 0.055645161290322584 0.2725806451612903 0.06935483870967742 0.1403225806451613
1 0.14758064516129032 0.2887096774193548 0.08870967741935484 0.09032258064516129
1 0.21935483870967742 0.2846774193548387 0.05806451612903226 0.10806451612903226
1 0.2967741935483871 0.3008064516129032 0.09032258064516129 0.1693548387096774
1 0.4306451612903226 0.3443548387096774 0.18548387096774194 0.2854838709677419
1 0.6209677419354839 0.357258064516129 0.22741935483870968 0.3193548387096774
1 0.942741935483871 0.3564516129032258 0.11451612903225807 0.2
1 0.7879032258064517 0.3395161290322581 0.20161290322580644 0.18225806451612903
1 0.6266129032258064 0.31370967741935485 0.17580645161290323 0.1338709677419355
1 0.23870967741935484 0.7137096774193549 0.4774193548387097 0.4693548387096774
1 0.5056451612903226 0.9959677419354839 0.043548387096774194 0.008064516129032258
1 0.49193548387096775 0.910483870967742 0.014516129032258065 0.05
1 0.7991935483870968 0.8153225806451613 0.04516129032258064 0.12580645161290321
1 0.49193548387096775 0.917741935483871 0.014516129032258065 0.06451612903225806
1 0.5725806451612904 0.8548387096774194 0.024193548387096774 0.05806451612903226
1 0.48870967741935484 0.9725806451612903 0.014516129032258065 0.054838709677419356
1 0.8580645161290322 0.8846774193548387 0.035483870967741936 0.11612903225806452
1 0.5580645161290323 0.9814516129032258 0.025806451612903226 0.037096774193548385
1 0.6153225806451613 0.8185483870967742 0.03225806451612903 0.08064516129032258
1 0.49516129032258066 0.957258064516129 0.025806451612903226 0.06774193548387097
1 0.896774193548387 0.896774193548387 0.0467741935483871 0.14677419354838708
1 0.657258064516129 0.8733870967741936 0.02903225806451613 0.08709677419354839
1 0.6959677419354838 0.8637096774193549 0.03064516129032258 0.08064516129032258
1 0.4967741935483871 0.842741935483871 0.016129032258064516 0.06290322580645161
1 0.5314516129032258 0.8959677419354839 0.03225806451612903 0.05967741935483871
1 0.8661290322580645 0.9475806451612904 0.024193548387096774 0.07741935483870968
1 0.7403225806451613 0.9241935483870968 0.03064516129032258 0.08870967741935484
1 0.6491935483870968 0.8895161290322581 0.03387096774193549 0.09193548387096774
1 0.49112903225806454 0.9725806451612903 0.020967741935483872 0.054838709677419356
1 0.49435483870967745 0.932258064516129 0.024193548387096774 0.10967741935483871
1 0.4967741935483871 0.9709677419354839 0.03225806451612903 0.05806451612903226
1 0.49193548387096775 0.9693548387096774 0.02258064516129032 0.06129032258064516
1 0.6475806451612903 0.717741935483871 0.017741935483870968 0.03225806451612903
1 0.5435483870967742 0.7274193548387097 0.017741935483870968 0.02258064516129032
1 0.49838709677419357 0.7233870967741935 0.0064516129032258064 0.020967741935483872
1 0.853225806451613 0.7225806451612903 0.02903225806451613 0.0467741935483871
1 0.7419354838709677 0.7346774193548387 0.014516129032258065 0.01935483870967742