1 0.05642361111111111 0.3046875 0.11284722222222222 0.5538194444444444
1 0.009548611111111112 0.4079861111111111 0.019097222222222224 0.21875
1 0.03993055555555555 0.2630208333333333 0.0798611111111111 0.4670138888888889
1 0.025173611111111112 0.3550347222222222 0.050347222222222224 0.15104166666666666
1 0.11284722222222222 0.3611111111111111 0.09722222222222222 0.09722222222222222
1 0.1892361111111111 0.3480902777777778 0.0642361111111111 0.11631944444444445
1 0.2734375 0.3550347222222222 0.10069444444444445 0.18229166666666666
1 0.421875 0.3836805555555556 0.2048611111111111 0.3107638888888889
1 0.6276041666666666 0.3715277777777778 0.25 0.3472222222222222
1 0.9522569444444444 0.3307291666666667 0.08854166666666667 0.21354166666666666
1 0.8029513888888888 0.3315972222222222 0.2204861111111111 0.1996527777777778
1 0.6276041666666666 0.3246527777777778 0.1909722222222222 0.14756944444444445
1 0.2638888888888889 0.7734375 0.5208333333333334 0.453125
1 0.5616319444444444 0.9748263888888888 0.015625 0.043402777777777776
1 0.8776041666666666 0.8385416666666666 0.050347222222222224 0.13541666666666666
1 0.5616319444444444 0.9748263888888888 0.015625 0.043402777777777776
1 0.640625 0.9105902777777778 0.026041666666666668 0.0625
1 0.9496527777777778 0.9045138888888888 0.03993055555555555 0.125
1 0.6814236111111112 0.8654513888888888 0.034722222222222224 0.08680555555555555
1 0.9826388888888888 0.9001736111111112 0.034722222222222224 0.13368055555555555
1 0.7335069444444444 0.9184027777777778 0.03298611111111111 0.09375
1 0.7734375 0.9036458333333334 0.03298611111111111 0.08680555555555555
1 0.5581597222222222 0.9071180555555556 0.019097222222222224 0.06770833333333333
1 0.6024305555555556 0.9592013888888888 0.034722222222222224 0.0642361111111111
1 0.9635416666666666 0.9496527777777778 0.026041666666666668 0.03993055555555555
1 0.8272569444444444 0.9470486111111112 0.03125 0.0642361111111111
1 0.7274305555555556 0.9366319444444444 0.03819444444444445 0.09895833333333333
1 0.5651041666666666 0.9704861111111112 0.022569444444444444 0.05381944444444445
1 0.703125 0.7534722222222222 0.019097222222222224 0.036458333333333336
1 0.59375 0.7777777777777778 0.019097222222222224 0.024305555555555556
1 0.5451388888888888 0.7795138888888888 0.006944444444444444 0.022569444444444444
1 0.9236111111111112 0.7326388888888888 0.03298611111111111 0.050347222222222224
1 0.8064236111111112 0.7595486111111112 0.015625 0.022569444444444444