0 0.5769828926905132 0.3651656314699793 0.5505443234836703 0.7303312629399586
0 0.1349144634525661 0.40113871635610765 0.22317262830482115 0.2536231884057971
0 0.9708398133748056 0.5186335403726708 0.0583203732503888 0.19461697722567287
0 0.8709175738724728 0.5320910973084886 0.14463452566096424 0.17908902691511386
0 0.10808709175738725 0.24663561076604554 0.19984447900466562 0.11594202898550725
0 0.09292379471228616 0.1193064182194617 0.15396578538102643 0.13716356107660455
0 0.2286158631415241 0.11490683229813664 0.16951788491446346 0.11956521739130435
0 0.24922239502332816 0.19099378881987578 0.17107309486780714 0.11801242236024845
0 0.9241835147744946 0.363871635610766 0.15163297045101087 0.11697722567287784
0 0.9630637636080871 0.2890786749482402 0.07387247278382582 0.12784679089026915
0 0.8759720062208398 0.18012422360248448 0.15863141524105753 0.12318840579710146
0 0.749611197511664 0.15734989648033126 0.15241057542768274 0.14803312629399587
0 0.6520217729393468 0.1669254658385093 0.10342146189735614 0.13509316770186336
0 0.447900466562986 0.5240683229813664 0.1290824261275272 0.15993788819875776