0 0.5621279761904762 0.3821924603174603 0.5446428571428571 0.71875
0 0.13764880952380953 0.41790674603174605 0.21949404761904762 0.24553571428571427
0 0.9520089285714286 0.5396825396825397 0.09598214285714286 0.1875
0 0.8385416666666666 0.5515873015873016 0.14285714285714285 0.17311507936507936
0 0.11607142857142858 0.26959325396825395 0.19419642857142858 0.1130952380952381
0 0.10491071428571429 0.14756944444444445 0.15104166666666666 0.13293650793650794
0 0.2347470238095238 0.14459325396825398 0.16517857142857142 0.11656746031746032
0 0.2526041666666667 0.2177579365079365 0.16666666666666666 0.11458333333333333
0 0.9099702380952381 0.39087301587301587 0.1800595238095238 0.11408730158730158
0 0.9479166666666666 0.3196924603174603 0.10416666666666667 0.12351190476190477
0 0.8526785714285714 0.21453373015873015 0.15476190476190477 0.1195436507936508
0 0.7321428571428571 0.19122023809523808 0.14955357142857142 0.1433531746031746
0 0.6383928571428571 0.19915674603174602 0.10267857142857142 0.13045634920634921
0 0.4341517857142857 0.5391865079365079 0.12723214285714285 0.15476190476190477