1 0.0625 0.19453125 0.1125 0.3890625
1 0.04296875 0.03359375 0.0265625 0.0671875
1 0.0421875 0.0375 0.028125 0.075
1 0.04140625 0.1359375 0.0546875 0.271875
1 0.05859375 0.19453125 0.1046875 0.3890625
1 0.03515625 0.1203125 0.0359375 0.240625
1 0.04296875 0.07265625 0.0390625 0.1453125
1 0.03828125 0.08046875 0.0328125 0.1609375
1 0.090625 0.1 0.1 0.2
1 0.18125 0.2 0.184375 0.4
1 0.36796875 0.20546875 0.1109375 0.4109375
1 0.3421875 0.1140625 0.096875 0.228125
1 0.290625 0.09453125 0.071875 0.1890625
1 0.37265625 0.20078125 0.1015625 0.4015625
1 0.6640625 0.2234375 0.5375 0.446875
1 0.4828125 0.2109375 0.175 0.421875
1 0.875 0.23515625 0.25 0.4359375
1 0.1859375 0.8484375 0.371875 0.284375
1 0.65390625 0.7078125 0.4390625 0.584375
1 0.409375 0.5015625 0.05 0.14375