1 0.09098101265822785 0.5617088607594937 0.1819620253164557 0.8512658227848101
1 0.048259493670886076 0.27056962025316456 0.0490506329113924 0.20411392405063292
1 0.11471518987341772 0.2689873417721519 0.05063291139240506 0.22151898734177214
1 0.20569620253164558 0.4596518987341772 0.08860759493670886 0.620253164556962
1 0.28560126582278483 0.560126582278481 0.1819620253164557 0.8433544303797469
1 0.31170886075949367 0.4224683544303797 0.05379746835443038 0.5585443037974683
1 0.375 0.33069620253164556 0.0680379746835443 0.3639240506329114
1 0.40031645569620256 0.34098101265822783 0.04430379746835443 0.3939873417721519
1 0.4588607594936709 0.38449367088607594 0.10126582278481013 0.4651898734177215
1 0.5514240506329114 0.5585443037974683 0.18829113924050633 0.8829113924050633
1 0.8425632911392406 0.5640822784810127 0.314873417721519 0.8718354430379747
1 0.7143987341772152 0.41693037974683544 0.09968354430379747 0.48575949367088606
1 0.6613924050632911 0.3900316455696203 0.07278481012658228 0.41455696202531644
1 0.7871835443037974 0.5245253164556962 0.18037974683544303 0.7753164556962026
1 0.9762658227848101 0.3512658227848101 0.04746835443037975 0.2721518987341772