1 0.43810289389067525 0.17363344051446947 0.09485530546623794 0.32315112540192925
1 0.3528938906752412 0.16559485530546625 0.18488745980707397 0.3311897106109325
1 0.3311897106109325 0.16157556270096463 0.06430868167202572 0.32315112540192925
1 0.2692926045016077 0.15916398713826366 0.08520900321543408 0.3183279742765273
1 0.24517684887459806 0.15836012861736334 0.0594855305466238 0.3167202572347267
1 0.18488745980707397 0.1567524115755627 0.11254019292604502 0.3135048231511254
1 0.09807073954983923 0.15434083601286175 0.1639871382636656 0.3086816720257235
1 0.10048231511254019 0.15434083601286175 0.16881028938906753 0.3086816720257235
1 0.04340836012861737 0.1495176848874598 0.05466237942122187 0.2990353697749196
1 0.03617363344051447 0.1487138263665595 0.04019292604501608 0.297427652733119
1 0.06189710610932476 0.15112540192926044 0.09163987138263666 0.3022508038585209
1 0.03456591639871383 0.1567524115755627 0.03697749196141479 0.27491961414790994
1 0.702572347266881 0.18569131832797428 0.4180064308681672 0.37138263665594856
1 0.0409967845659164 0.7138263665594855 0.0819935691318328 0.49517684887459806
1 0.2516077170418006 0.6254019292604501 0.28135048231511256 0.3553054662379421
1 0.7419614147909968 0.6712218649517685 0.5160771704180064 0.657556270096463