1 0.05536912751677853 0.1644295302013423 0.09395973154362416 0.3288590604026846
1 0.026845637583892617 0.18791946308724833 0.03691275167785235 0.2751677852348993
1 0.08221476510067115 0.16526845637583892 0.1476510067114094 0.33053691275167785
1 0.08389261744966443 0.22902684563758388 0.04697986577181208 0.20134228187919462
1 0.23573825503355705 0.28439597315436244 0.09563758389261745 0.10906040268456375
1 0.34815436241610737 0.17281879194630873 0.18624161073825504 0.34563758389261745
1 0.5083892617449665 0.2802013422818792 0.09395973154362416 0.14597315436241612
1 0.5536912751677853 0.17785234899328858 0.09899328859060402 0.3540268456375839
1 0.7919463087248322 0.1912751677852349 0.4161073825503356 0.3724832214765101
1 0.2156040268456376 0.6845637583892618 0.313758389261745 0.5889261744966443
1 0.5176174496644296 0.5478187919463087 0.03523489932885906 0.09060402684563758
1 0.7793624161073825 0.6031879194630873 0.4412751677852349 0.4983221476510067
1 0.6375838926174496 0.589765100671141 0.1476510067114094 0.36577181208053694