1 0.07590759075907591 0.5561056105610561 0.15181518151815182 0.8877887788778878
1 0.019801980198019802 0.2508250825082508 0.039603960396039604 0.21122112211221122
1 0.08663366336633663 0.2466996699669967 0.04455445544554455 0.22937293729372937
1 0.18811881188118812 0.44224422442244227 0.06930693069306931 0.6452145214521452
1 0.2755775577557756 0.5437293729372937 0.16006600660066006 0.8745874587458746
1 0.2978547854785479 0.39933993399339934 0.036303630363036306 0.5808580858085809
1 0.36056105610561057 0.30198019801980197 0.057755775577557754 0.3778877887788779
1 0.38696369636963696 0.3118811881188119 0.03135313531353135 0.40924092409240925
1 0.44966996699669964 0.3547854785478548 0.0891089108910891 0.48184818481848185
1 0.5528052805280528 0.5379537953795379 0.16501650165016502 0.9240924092409241
1 0.8539603960396039 0.5396039603960396 0.29207920792079206 0.9207920792079208
1 0.716996699669967 0.3795379537953795 0.0858085808580858 0.5033003300330033
1 0.6608910891089109 0.35313531353135313 0.06105610561056106 0.4306930693069307
1 0.7970297029702971 0.4884488448844885 0.16006600660066006 0.8036303630363036
1 0.9843234323432343 0.30115511551155116 0.03135313531353135 0.28217821782178215