1 0.06518151815181518 0.5742574257425742 0.13036303630363036 0.8514851485148515
1 0.009075907590759076 0.2871287128712871 0.018151815181518153 0.21122112211221122
1 0.06518151815181518 0.283003300330033 0.04455445544554455 0.22937293729372937
1 0.16666666666666666 0.47854785478547857 0.06930693069306931 0.6452145214521452
1 0.2533003300330033 0.570957095709571 0.16006600660066006 0.858085808580858
1 0.2764026402640264 0.43564356435643564 0.036303630363036306 0.5808580858085809
1 0.33910891089108913 0.33828382838283827 0.057755775577557754 0.3778877887788779
1 0.3655115511551155 0.3481848184818482 0.03135313531353135 0.40924092409240925
1 0.4282178217821782 0.3910891089108911 0.0891089108910891 0.48184818481848185
1 0.5313531353135313 0.5561056105610561 0.16501650165016502 0.8877887788778878
1 0.8432343234323433 0.5577557755775577 0.31353135313531355 0.8844884488448845
1 0.6955445544554455 0.4158415841584158 0.0858085808580858 0.5033003300330033
1 0.6394389438943895 0.38943894389438943 0.06105610561056106 0.4306930693069307
1 0.7755775577557755 0.5247524752475248 0.16006600660066006 0.8036303630363036
1 0.9735973597359736 0.33745874587458746 0.052805280528052806 0.28217821782178215