1 0.018333333333333333 0.3225 0.03666666666666667 0.645
1 0.014166666666666666 0.3225 0.028333333333333332 0.645
1 0.025833333333333333 0.5666666666666667 0.051666666666666666 0.15666666666666668
1 0.049166666666666664 0.5541666666666667 0.03166666666666667 0.18166666666666667
1 0.11166666666666666 0.5141666666666667 0.09 0.26166666666666666
1 0.21666666666666667 0.3225 0.16666666666666666 0.645
1 0.48083333333333333 0.3225 0.215 0.645
1 0.38166666666666665 0.49583333333333335 0.08666666666666667 0.29833333333333334
1 0.3258333333333333 0.5275 0.06166666666666667 0.235
1 0.4625 0.365 0.16166666666666665 0.56
1 0.7166666666666667 0.43166666666666664 0.25666666666666665 0.4266666666666667
1 0.14833333333333334 0.8225 0.2966666666666667 0.355
1 0.6833333333333333 0.8225 0.19 0.355
1 0.9016666666666666 0.8225 0.19666666666666666 0.355