1 0.37542662116040953 0.20733788395904437 0.08361774744027303 0.3395904436860068
1 0.2841296928327645 0.197098976109215 0.17747440273037543 0.35665529010238906
1 0.26109215017064846 0.19795221843003413 0.04948805460750853 0.34982935153583616
1 0.1962457337883959 0.197098976109215 0.07337883959044368 0.3464163822525597
1 0.1697952218430034 0.19368600682593856 0.04436860068259386 0.3515358361774744
1 0.10494880546075085 0.19539249146757678 0.10238907849829351 0.3464163822525597
1 0.04692832764505119 0.1825938566552901 0.08703071672354949 0.3651877133105802
1 0.04948805460750853 0.1825938566552901 0.09215017064846416 0.3651877133105802
1 0.6561433447098977 0.1962457337883959 0.4283276450511945 0.3924914675767918
1 0.2030716723549488 0.6962457337883959 0.27986348122866894 0.363481228668942
1 0.7372013651877133 0.6902730375426621 0.5255972696245734 0.6194539249146758