1 0.06643356643356643 0.4431818181818182 0.13286713286713286 0.8583916083916084
1 0.05944055944055944 0.7281468531468531 0.055944055944055944 0.24475524475524477
1 0.1590909090909091 0.5174825174825175 0.0979020979020979 0.6835664335664335
1 0.24825174825174826 0.4388111888111888 0.1993006993006993 0.8653846153846154
1 0.2770979020979021 0.5585664335664335 0.05944055944055944 0.6171328671328671
1 0.34702797202797203 0.6590909090909091 0.07517482517482517 0.4020979020979021
1 0.375 0.6477272727272727 0.04895104895104895 0.4353146853146853
1 0.4396853146853147 0.5996503496503497 0.11188811188811189 0.513986013986014
1 0.5437062937062938 0.44667832167832167 0.2062937062937063 0.8933566433566433
1 0.8461538461538461 0.4405594405594406 0.3076923076923077 0.8811188811188811
1 0.722027972027972 0.5638111888111889 0.11013986013986014 0.5367132867132867
1 0.6634615384615384 0.5944055944055944 0.08041958041958042 0.458041958041958
1 0.8024475524475524 0.4458041958041958 0.1993006993006993 0.8566433566433567
1 0.993006993006993 0.6372377622377622 0.013986013986013986 0.29895104895104896