1 0.9392605633802817 0.5818661971830986 0.12147887323943662 0.8362676056338029
1 0.977112676056338 0.31161971830985913 0.045774647887323945 0.24647887323943662
1 0.8661971830985915 0.5140845070422535 0.10915492957746478 0.6919014084507042
1 0.7684859154929577 0.5730633802816901 0.21654929577464788 0.8538732394366197
1 0.7517605633802817 0.4621478873239437 0.07042253521126761 0.6214788732394366
1 0.6901408450704225 0.35475352112676056 0.08450704225352113 0.40669014084507044
1 0.6610915492957746 0.363556338028169 0.056338028169014086 0.43838028169014087
1 0.5924295774647887 0.40580985915492956 0.11971830985915492 0.5176056338028169
1 0.4744718309859155 0.5492957746478874 0.22359154929577466 0.9014084507042254
1 0.16549295774647887 0.5352112676056338 0.33098591549295775 0.9084507042253521
1 0.30633802816901406 0.41725352112676056 0.11971830985915492 0.5404929577464789
1 0.3670774647887324 0.3926056338028169 0.0880281690140845 0.4630281690140845
1 0.2147887323943662 0.5290492957746479 0.2147887323943662 0.8644366197183099
1 0.025528169014084508 0.31954225352112675 0.04929577464788732 0.3028169014084507