1 0.7245762711864406 0.13474576271186442 0.03559322033898305 0.23559322033898306
1 0.6330508474576271 0.22966101694915253 0.08644067796610169 0.44745762711864406
1 0.5423728813559322 0.2288135593220339 0.17966101694915254 0.4576271186440678
1 0.5194915254237288 0.2288135593220339 0.05254237288135593 0.4576271186440678
1 0.45508474576271185 0.2016949152542373 0.07457627118644068 0.3898305084745763
1 0.4279661016949153 0.21271186440677967 0.04745762711864407 0.42203389830508475
1 0.3644067796610169 0.2364406779661017 0.10508474576271186 0.4542372881355932
1 0.2584745762711864 0.23728813559322035 0.1847457627118644 0.46271186440677964
1 0.053389830508474574 0.2440677966101695 0.10677966101694915 0.4610169491525424
1 0.08983050847457627 0.2533898305084746 0.10338983050847457 0.4406779661016949
1 0.14745762711864407 0.2559322033898305 0.07627118644067797 0.4288135593220339
1 0.048305084745762714 0.2440677966101695 0.09661016949152543 0.4610169491525424
1 0.6533898305084745 0.6991525423728814 0.22542372881355932 0.5
1 0.28728813559322036 0.7127118644067797 0.5322033898305085 0.511864406779661