1 0.08828671328671328 0.41346153846153844 0.17657342657342656 0.8269230769230769
1 0.008741258741258742 0.6704545454545454 0.017482517482517484 0.22552447552447552
1 0.05856643356643357 0.6800699300699301 0.06468531468531469 0.2465034965034965
1 0.18094405594405594 0.4807692307692308 0.12062937062937062 0.6853146853146853
1 0.2770979020979021 0.42395104895104896 0.229020979020979 0.8479020979020979
1 0.2937062937062937 0.534965034965035 0.08216783216783216 0.6171328671328671
1 0.3522727272727273 0.6424825174825175 0.08916083916083917 0.40384615384615385
1 0.3811188811188811 0.6337412587412588 0.06293706293706294 0.4353146853146853
1 0.45017482517482516 0.5926573426573427 0.12937062937062938 0.5157342657342657
1 0.5690559440559441 0.45017482517482516 0.23601398601398602 0.9003496503496503
1 0.8513986013986014 0.46853146853146854 0.2972027972027972 0.9055944055944056
1 0.7351398601398601 0.5865384615384616 0.12762237762237763 0.5384615384615384
1 0.673951048951049 0.6101398601398601 0.09615384615384616 0.4597902097902098
1 0.8277972027972028 0.4772727272727273 0.229020979020979 0.8618881118881119