1 0.09317343173431734 0.5304428044280443 0.1863468634686347 0.9391143911439115
1 0.006457564575645757 0.22416974169741696 0.012915129151291513 0.23800738007380073
1 0.05719557195571956 0.2158671586715867 0.06826568265682657 0.26014760147601473
1 0.1863468634686347 0.4261992619926199 0.12730627306273062 0.7250922509225092
1 0.2896678966789668 0.518450184501845 0.24723247232472326 0.9630996309963099
1 0.3053505535055351 0.36900369003690037 0.08671586715867159 0.6512915129151291
1 0.3671586715867159 0.2555350553505535 0.0940959409594096 0.4261992619926199
1 0.39760147601476015 0.26476014760147604 0.06642066420664207 0.45940959409594095
1 0.470479704797048 0.3081180811808118 0.13653136531365315 0.544280442804428
1 0.5996309963099631 0.49907749077490776 0.25461254612546125 0.9981549815498155
1 0.8680811808118081 0.48985239852398527 0.26383763837638374 0.9797047970479705
1 0.7712177121771218 0.3145756457564576 0.13468634686346864 0.5682656826568265
1 0.7066420664206642 0.2896678966789668 0.1014760147601476 0.48523985239852396
1 0.8680811808118081 0.4418819188191882 0.24169741697416974 0.8837638376383764