1 0.040780141843971635 0.40602836879432624 0.08156028368794327 0.8120567375886525
1 0.007978723404255319 0.6657801418439716 0.015957446808510637 0.24645390070921985
1 0.10372340425531915 0.4592198581560284 0.09929078014184398 0.6932624113475178
1 0.1976950354609929 0.4122340425531915 0.20035460992907803 0.824468085106383
1 0.2198581560283688 0.5097517730496454 0.06028368794326241 0.625886524822695
1 0.28368794326241137 0.6170212765957447 0.07624113475177305 0.4078014184397163
1 0.3129432624113475 0.6072695035460993 0.04964539007092199 0.44148936170212766
1 0.38120567375886527 0.5629432624113475 0.11347517730496454 0.5212765957446809
1 0.4973404255319149 0.43439716312056736 0.2074468085106383 0.8687943262411347
1 0.8235815602836879 0.4423758865248227 0.3528368794326241 0.874113475177305
1 0.6693262411347518 0.5469858156028369 0.11170212765957446 0.5443262411347518
1 0.6081560283687943 0.5726950354609929 0.08156028368794327 0.4645390070921986
1 0.7588652482269503 0.43617021276595747 0.20212765957446807 0.8599290780141844
1 0.9654255319148937 0.6400709219858156 0.06914893617021277 0.3049645390070922