1 0.7618181818181818 0.2018181818181818 0.03272727272727273 0.25272727272727274
1 0.6618181818181819 0.3018181818181818 0.08545454545454545 0.48
1 0.5645454545454546 0.2963636363636364 0.18545454545454546 0.49636363636363634
1 0.54 0.29818181818181816 0.04909090909090909 0.4890909090909091
1 0.4718181818181818 0.2681818181818182 0.07272727272727272 0.41818181818181815
1 0.44272727272727275 0.2790909090909091 0.04181818181818182 0.4509090909090909
1 0.37363636363636366 0.30363636363636365 0.10545454545454545 0.48545454545454547
1 0.26 0.28545454545454546 0.19090909090909092 0.5290909090909091
1 0.046363636363636364 0.2909090909090909 0.09272727272727273 0.5236363636363637
1 0.07818181818181819 0.31636363636363635 0.10181818181818182 0.4709090909090909
1 0.14 0.3209090909090909 0.07272727272727272 0.46
1 0.04090909090909091 0.29454545454545455 0.08181818181818182 0.5163636363636364
1 0.6745454545454546 0.769090909090909 0.2309090909090909 0.46
1 0.28 0.7709090909090909 0.56 0.4581818181818182