1 0.08095238095238096 0.569047619047619 0.1619047619047619 0.8555555555555555
1 0.03253968253968254 0.2746031746031746 0.04285714285714286 0.20317460317460317
1 0.0992063492063492 0.2706349206349206 0.04285714285714286 0.22063492063492063
1 0.19682539682539682 0.4587301587301587 0.06666666666666667 0.6206349206349207
1 0.28095238095238095 0.5563492063492064 0.15396825396825398 0.8412698412698413
1 0.30238095238095236 0.4174603174603175 0.03492063492063492 0.5587301587301587
1 0.3626984126984127 0.3238095238095238 0.05555555555555555 0.3634920634920635
1 0.3880952380952381 0.3333333333333333 0.03015873015873016 0.39365079365079364
1 0.44841269841269843 0.3746031746031746 0.08571428571428572 0.4634920634920635
1 0.5476190476190477 0.5531746031746032 0.15873015873015872 0.8936507936507937
1 0.8484126984126984 0.5547619047619048 0.30317460317460315 0.8904761904761904
1 0.7055555555555556 0.3984126984126984 0.08253968253968254 0.48412698412698413
1 0.6515873015873016 0.373015873015873 0.05873015873015873 0.4142857142857143
1 0.7825396825396825 0.5031746031746032 0.15396825396825398 0.773015873015873
1 0.9738095238095238 0.32301587301587303 0.05238095238095238 0.2714285714285714