1 0.07792207792207792 0.4383116883116883 0.15584415584415584 0.8668831168831169
1 0.02353896103896104 0.7353896103896104 0.04220779220779221 0.2077922077922078
1 0.08928571428571429 0.7386363636363636 0.04707792207792208 0.22564935064935066
1 0.1858766233766234 0.5446428571428571 0.07954545454545454 0.6347402597402597
1 0.2702922077922078 0.4431818181818182 0.17207792207792208 0.8636363636363636
1 0.29464285714285715 0.5844155844155844 0.045454545454545456 0.5714285714285714
1 0.35795454545454547 0.6793831168831169 0.0633116883116883 0.37337662337662336
1 0.38392857142857145 0.6696428571428571 0.037337662337662336 0.4025974025974026
1 0.4448051948051948 0.6258116883116883 0.09577922077922078 0.47564935064935066
1 0.5422077922077922 0.4496753246753247 0.17857142857142858 0.8993506493506493
1 0.8433441558441559 0.44642857142857145 0.3133116883116883 0.8928571428571429
1 0.7069805194805194 0.5974025974025974 0.09253246753246754 0.4967532467532468
1 0.6525974025974026 0.6241883116883117 0.06818181818181818 0.4253246753246753
1 0.7840909090909091 0.48863636363636365 0.17045454545454544 0.7938311688311688
1 0.976461038961039 0.6696428571428571 0.04707792207792208 0.2775974025974026