1 0.03350515463917526 0.22766323024054982 0.06701030927835051 0.4106529209621993
1 0.007731958762886598 0.16151202749140894 0.015463917525773196 0.24054982817869416
1 0.09536082474226804 0.2259450171821306 0.09278350515463918 0.4072164948453608
1 0.18470790378006874 0.21993127147766323 0.1872852233676976 0.41580756013745707
1 0.20790378006872853 0.218213058419244 0.058419243986254296 0.40893470790378006
1 0.27405498281786944 0.20618556701030927 0.08075601374570447 0.39347079037800686
1 0.3015463917525773 0.21391752577319587 0.05326460481099656 0.40893470790378006
1 0.36597938144329895 0.2104810996563574 0.1134020618556701 0.41237113402061853
1 0.6039518900343642 0.2542955326460481 0.27319587628865977 0.3075601374570447
1 0.22508591065292097 0.6503436426116839 0.42783505154639173 0.47766323024054985
1 0.511168384879725 0.7130584192439863 0.17010309278350516 0.5738831615120275
1 0.8067010309278351 0.6881443298969072 0.27319587628865977 0.6048109965635738
1 0.570446735395189 0.6984536082474226 0.2920962199312715 0.6030927835051546