1 0.6478758169934641 0.21241830065359477 0.08660130718954248 0.25326797385620914
1 0.9264705882352942 0.09558823529411764 0.14705882352941177 0.14215686274509803
1 0.31781045751633985 0.673202614379085 0.04411764705882353 0.10130718954248366
1 0.34967320261437906 0.9616013071895425 0.049019607843137254 0.06209150326797386
1 0.02287581699346405 0.940359477124183 0.0457516339869281 0.05718954248366013
1 0.07107843137254902 0.954248366013072 0.05555555555555555 0.03758169934640523
1 0.035130718954248366 0.8455882352941176 0.05065359477124183 0.10457516339869281
1 0.23039215686274508 0.9477124183006536 0.049019607843137254 0.0718954248366013
1 0.0727124183006536 0.8799019607843137 0.05392156862745098 0.12254901960784313
1 0.00980392156862745 0.8349673202614379 0.0196078431372549 0.13725490196078433
1 0.38562091503267976 0.7508169934640523 0.049019607843137254 0.14215686274509803
1 0.0024509803921568627 0.548202614379085 0.004901960784313725 0.07352941176470588
1 0.3897058823529412 0.8799019607843137 0.058823529411764705 0.13398692810457516
1 0.16013071895424835 0.9395424836601307 0.05555555555555555 0.0784313725490196
1 0.5898692810457516 0.5702614379084967 0.049019607843137254 0.10457516339869281
1 0.3022875816993464 0.954248366013072 0.058823529411764705 0.06862745098039216
1 0.6348039215686274 0.6944444444444444 0.032679738562091505 0.06699346405228758
1 0.11274509803921569 0.7712418300653595 0.03431372549019608 0.08333333333333333
1 0.10784313725490197 0.8325163398692811 0.03758169934640523 0.08006535947712418
1 0.47794117647058826 0.954248366013072 0.042483660130718956 0.0915032679738562
1 0.21160130718954248 0.9093137254901961 0.05065359477124183 0.119281045751634
1 0.18790849673202614 0.8071895424836601 0.04084967320261438 0.0784313725490196
1 0.5547385620915033 0.6176470588235294 0.05718954248366013 0.12091503267973856
1 0.10294117647058823 0.9174836601307189 0.0392156862745098 0.10784313725490197
1 0.18627450980392157 0.6380718954248366 0.0457516339869281 0.10947712418300654
1 0.2679738562091503 0.6576797385620915 0.05228758169934641 0.1323529411764706
1 0.39950980392156865 0.9689542483660131 0.03431372549019608 0.05228758169934641
1 0.08496732026143791 0.5955882352941176 0.05065359477124183 0.11274509803921569
1 0.5449346405228758 0.803921568627451 0.04411764705882353 0.07516339869281045
1 0.004084967320261438 0.5571895424836601 0.008169934640522876 0.08169934640522876
1 0.08660130718954248 0.7034313725490197 0.04084967320261438 0.08496732026143791
1 0.2361111111111111 0.7916666666666666 0.05392156862745098 0.13398692810457516
1 0.6274509803921569 0.8390522875816994 0.03104575163398693 0.13725490196078433
1 0.43300653594771243 0.6168300653594772 0.05555555555555555 0.14705882352941177
1 0.5367647058823529 0.9452614379084967 0.05718954248366013 0.10947712418300654
1 0.7271241830065359 0.6593137254901961 0.16993464052287582 0.2696078431372549
1 0.8504901960784313 0.7132352941176471 0.12908496732026145 0.27450980392156865
1 0.8080065359477124 0.9117647058823529 0.10947712418300654 0.17647058823529413
1 0.690359477124183 0.880718954248366 0.12581699346405228 0.23366013071895425