1 0.6440972222222222 0.19270833333333334 0.07291666666666667 0.2638888888888889
1 0.9288194444444444 0.058159722222222224 0.1423611111111111 0.11631944444444445
1 0.328125 0.7057291666666666 0.03993055555555555 0.10590277777777778
1 0.3836805555555556 0.9887152777777778 0.04861111111111111 0.022569444444444444
1 0.030381944444444444 0.9913194444444444 0.057291666666666664 0.017361111111111112
1 0.041666666666666664 0.9097222222222222 0.046875 0.1076388888888889
1 0.2560763888888889 0.9835069444444444 0.046875 0.03298611111111111
1 0.08333333333333333 0.9392361111111112 0.04861111111111111 0.12152777777777778
1 0.009548611111111112 0.9019097222222222 0.019097222222222224 0.1440972222222222
1 0.40625 0.7829861111111112 0.041666666666666664 0.14930555555555555
1 0.4201388888888889 0.9192708333333334 0.052083333333333336 0.1388888888888889
1 0.1814236111111111 0.9800347222222222 0.05381944444444445 0.03993055555555555
1 0.609375 0.5763888888888888 0.04513888888888889 0.1076388888888889
1 0.3324652777777778 0.9852430555555556 0.057291666666666664 0.029513888888888888
1 0.6657986111111112 0.7048611111111112 0.029513888888888888 0.06944444444444445
1 0.11805555555555555 0.8246527777777778 0.03125 0.08680555555555555
1 0.11805555555555555 0.8897569444444444 0.034722222222222224 0.08333333333333333
1 0.5190972222222222 0.9722222222222222 0.03819444444444445 0.05555555555555555
1 0.2326388888888889 0.9505208333333334 0.04513888888888889 0.09895833333333333
1 0.20052083333333334 0.8576388888888888 0.03819444444444445 0.08159722222222222
1 0.5755208333333334 0.6293402777777778 0.052083333333333336 0.125
1 0.11805555555555555 0.9618055555555556 0.034722222222222224 0.0763888888888889
1 0.18663194444444445 0.6779513888888888 0.041666666666666664 0.11284722222222222
1 0.2743055555555556 0.6927083333333334 0.046875 0.1371527777777778
1 0.4366319444444444 0.9930555555555556 0.03298611111111111 0.013888888888888888
1 0.07552083333333333 0.640625 0.04513888888888889 0.11631944444444445
1 0.5789930555555556 0.8272569444444444 0.041666666666666664 0.0763888888888889
1 0.0859375 0.7552083333333334 0.036458333333333336 0.08854166666666667
1 0.2508680555555556 0.8376736111111112 0.046875 0.1388888888888889
1 0.6692708333333334 0.8585069444444444 0.022569444444444444 0.1440972222222222
1 0.4461805555555556 0.6371527777777778 0.04861111111111111 0.1527777777777778
1 0.5815972222222222 0.9609375 0.052083333333333336 0.078125
1 0.7612847222222222 0.6605902777777778 0.16145833333333334 0.2760416666666667
1 0.8958333333333334 0.7083333333333334 0.11805555555555555 0.2847222222222222
1 0.8671875 0.9157986111111112 0.10243055555555555 0.1684027777777778
1 0.7387152777777778 0.8888888888888888 0.11631944444444445 0.2222222222222222