1 0.08813559322033898 0.1788135593220339 0.05254237288135593 0.09661016949152543
1 0.976271186440678 0.2889830508474576 0.04745762711864407 0.08983050847457627
1 0.8576271186440678 0.10762711864406779 0.04406779661016949 0.08983050847457627
1 0.08898305084745763 0.4745762711864407 0.06949152542372881 0.14745762711864407
1 0.14152542372881355 0.1423728813559322 0.05254237288135593 0.12372881355932204
1 0.9889830508474576 0.3788135593220339 0.022033898305084745 0.08644067796610169
1 0.9457627118644067 0.07203389830508475 0.04915254237288136 0.08813559322033898
1 0.9152542372881356 0.3923728813559322 0.04406779661016949 0.0847457627118644
1 0.6262711864406779 0.08728813559322034 0.05593220338983051 0.16271186440677965
1 0.9194915254237288 0.24915254237288137 0.0576271186440678 0.13050847457627118
1 0.8059322033898305 0.16610169491525423 0.030508474576271188 0.07966101694915254
1 0.961864406779661 0.376271186440678 0.04406779661016949 0.09491525423728814
1 0.8661016949152542 0.05593220338983051 0.03898305084745763 0.06440677966101695
1 0.09322033898305085 0.28559322033898304 0.05593220338983051 0.09661016949152543
1 0.4847457627118644 0.9050847457627119 0.0711864406779661 0.16271186440677965
1 0.8127118644067797 0.08983050847457627 0.03728813559322034 0.09491525423728814
1 0.9830508474576272 0.07542372881355933 0.03389830508474576 0.08644067796610169
1 0.8542372881355932 0.588135593220339 0.05254237288135593 0.09491525423728814
1 0.37966101694915255 0.9398305084745763 0.05593220338983051 0.10847457627118644
1 0.30677966101694915 0.015254237288135594 0.03728813559322034 0.030508474576271188
1 0.044915254237288135 0.32966101694915256 0.06610169491525424 0.1135593220338983
1 0.5966101694915255 0.02711864406779661 0.0423728813559322 0.04576271186440678
1 0.9245762711864407 0.04067796610169491 0.03220338983050847 0.025423728813559324
1 0.4728813559322034 0.0211864406779661 0.04745762711864407 0.0423728813559322
1 0.8008474576271186 0.6652542372881356 0.04576271186440678 0.09830508474576272
1 0.7669491525423728 0.03983050847457627 0.030508474576271188 0.04576271186440678
1 0.8906779661016949 0.4491525423728814 0.03220338983050847 0.06271186440677966
1 0.3923728813559322 0.013559322033898305 0.03898305084745763 0.02711864406779661
1 0.838135593220339 0.036440677966101696 0.03559322033898305 0.0288135593220339
1 0.7788135593220339 0.07966101694915254 0.03220338983050847 0.07627118644067797
1 0.9966101694915255 0.21779661016949153 0.006779661016949152 0.07627118644067797
1 0.1805084745762712 0.488135593220339 0.05423728813559322 0.10508474576271186
1 0.7330508474576272 0.9127118644067796 0.061016949152542375 0.10508474576271186
1 0.6745762711864407 0.9338983050847458 0.06271186440677966 0.09830508474576272
1 0.6550847457627119 0.43813559322033896 0.061016949152542375 0.11694915254237288
1 0.29915254237288136 0.45847457627118643 0.061016949152542375 0.1271186440677966
1 0.43389830508474575 0.7389830508474576 0.07966101694915254 0.16779661016949152
1 0.5169491525423728 0.7322033898305085 0.0711864406779661 0.16440677966101694
1 0.15338983050847457 0.6161016949152542 0.0576271186440678 0.13220338983050847
1 0.048305084745762714 0.7084745762711865 0.06949152542372881 0.11186440677966102