1 0.5523465703971119 0.49097472924187724 0.11732851985559567 0.259927797833935
1 0.7536101083032491 0.924187725631769 0.1263537906137184 0.1444043321299639
1 0.7788808664259927 0.20397111913357402 0.048736462093862815 0.1444043321299639
1 0.7608303249097473 0.4368231046931408 0.09747292418772563 0.22743682310469315
1 0.9512635379061372 0.5794223826714802 0.09747292418772563 0.6967509025270758
1 0.8935018050541517 0.9296028880866426 0.17509025270758122 0.1299638989169675
1 0.15433212996389892 0.9214801444043321 0.11371841155234658 0.15703971119133575
1 0.23465703971119134 0.8086642599277978 0.11191335740072202 0.38267148014440433
1 0.7454873646209387 0.740072202166065 0.1371841155234657 0.26714801444043323
1 0.05144404332129964 0.7743682310469314 0.09747292418772563 0.20938628158844766
1 0.4981949458483754 0.898014440433213 0.1263537906137184 0.20397111913357402
1 0.5586642599277978 0.8231046931407943 0.08664259927797834 0.17509025270758122
1 0.6092057761732852 0.26534296028880866 0.0740072202166065 0.11010830324909747