1 0.700168918918919 0.7043918918918919 0.10135135135135136 0.24155405405405406
1 0.8015202702702703 0.7880067567567568 0.09966216216216216 0.19087837837837837
1 0.41807432432432434 0.6190878378378378 0.05574324324324324 0.11993243243243243
1 0.2702702702702703 0.8065878378378378 0.10472972972972973 0.22466216216216217
1 0.6182432432432432 0.7043918918918919 0.07094594594594594 0.14695945945945946
1 0.44594594594594594 0.5506756756756757 0.06418918918918919 0.13175675675675674
1 0.5016891891891891 0.11486486486486487 0.04391891891891892 0.10472972972972973
1 0.12077702702702703 0.19510135135135134 0.052364864864864864 0.13006756756756757
1 0.14949324324324326 0.700168918918919 0.10135135135135136 0.18243243243243243
1 0.5734797297297297 0.4282094594594595 0.052364864864864864 0.10472972972972973
1 0.30405405405405406 0.6672297297297297 0.05574324324324324 0.08445945945945946
1 0.2677364864864865 0.6055743243243243 0.057432432432432436 0.13682432432432431
1 0.11993243243243243 0.5692567567567568 0.052364864864864864 0.07263513513513513
1 0.5886824324324325 0.5861486486486487 0.05067567567567568 0.10472972972972973
1 0.35135135135135137 0.950168918918919 0.09797297297297297 0.09966216216216216
1 0.8538851351351351 0.7136824324324325 0.07094594594594594 0.10304054054054054
1 0.6047297297297297 0.8826013513513513 0.14358108108108109 0.23141891891891891
1 0.22972972972972974 0.4527027027027027 0.060810810810810814 0.1097972972972973
1 0.6798986486486487 0.527027027027027 0.052364864864864864 0.11993243243243243
1 0.3581081081081081 0.5211148648648649 0.05067567567567568 0.08952702702702703
1 0.28716216216216217 0.4780405405405405 0.0625 0.1266891891891892
1 0.7271959459459459 0.9163851351351351 0.09966216216216216 0.15033783783783783
1 0.44763513513513514 0.9442567567567568 0.07094594594594594 0.11148648648648649
1 0.643581081081081 0.46452702702702703 0.04054054054054054 0.07939189189189189
1 0.5160472972972973 0.7888513513513513 0.07432432432432433 0.24493243243243243
1 0.23395270270270271 0.3277027027027027 0.05067567567567568 0.10641891891891891
1 0.7077702702702703 0.47719594594594594 0.0472972972972973 0.11486486486486487
1 0.4484797297297297 0.43158783783783783 0.052364864864864864 0.11824324324324324
1 0.4518581081081081 0.7753378378378378 0.09966216216216216 0.24324324324324326
1 0.27702702702702703 0.3581081081081081 0.05405405405405406 0.125
1 0.13513513513513514 0.8336148648648649 0.0945945945945946 0.1570945945945946
1 0.04560810810810811 0.7018581081081081 0.07939189189189189 0.1570945945945946
1 0.1875 0.32263513513513514 0.057432432432432436 0.14189189189189189
1 0.5819256756756757 0.1858108108108108 0.0472972972972973 0.14695945945945946
1 0.016047297297297296 0.048986486486486486 0.03209459459459459 0.05067567567567568
1 0.6021959459459459 0.31756756756756754 0.057432432432432436 0.13682432432432431
1 0.17483108108108109 0.5050675675675675 0.06587837837837837 0.12837837837837837
1 0.09206081081081081 0.4873310810810811 0.06587837837837837 0.10472972972972973
1 0.03462837837837838 0.9349662162162162 0.03209459459459459 0.13006756756756757
1 0.37584459459459457 0.42567567567567566 0.057432432432432436 0.11486486486486487
1 0.3640202702702703 0.620777027027027 0.0625 0.11655405405405406
1 0.13766891891891891 0.3885135135135135 0.05912162162162162 0.11993243243243243
1 0.9518581081081081 0.49493243243243246 0.08614864864864864 0.23986486486486486
1 0.037162162162162164 0.3766891891891892 0.07432432432432433 0.14527027027027026
1 0.7694256756756757 0.013513513513513514 0.04560810810810811 0.02702702702702703
1 0.5228040540540541 0.42989864864864863 0.0625 0.11824324324324324
1 0.8344594594594594 0.09797297297297297 0.03885135135135135 0.06925675675675676
1 0.5599662162162162 0.65625 0.0625 0.14189189189189189
1 0.02702702702702703 0.5168918918918919 0.05405405405405406 0.125
1 0.21114864864864866 0.6630067567567568 0.0472972972972973 0.0945945945945946
1 0.30405405405405406 0.24155405405405406 0.03547297297297297 0.08614864864864864
1 0.30743243243243246 0.30489864864864863 0.037162162162162164 0.08277027027027027
1 0.7027027027027027 0.3859797297297297 0.04222972972972973 0.09966216216216216
1 0.4231418918918919 0.37077702702702703 0.05067567567567568 0.12162162162162163
1 0.3859797297297297 0.26942567567567566 0.04054054054054054 0.08108108108108109
1 0.737331081081081 0.044763513513513514 0.05574324324324324 0.08952702702702703
1 0.032939189189189186 0.8125 0.04054054054054054 0.14189189189189189
1 0.3125 0.3927364864864865 0.03885135135135135 0.11148648648648649
1 0.36317567567567566 0.09543918918918919 0.04560810810810811 0.11148648648648649
1 0.4484797297297297 0.10557432432432433 0.052364864864864864 0.13513513513513514
1 0.35050675675675674 0.7652027027027027 0.06756756756756757 0.15371621621621623
1 0.6241554054054054 0.4222972972972973 0.03547297297297297 0.08277027027027027
1 0.25253378378378377 0.06672297297297297 0.048986486486486486 0.1097972972972973
1 0.7516891891891891 0.2204391891891892 0.04391891891891892 0.07601351351351351
1 0.08699324324324324 0.9197635135135135 0.10641891891891891 0.16047297297297297
1 0.8716216216216216 0.12753378378378377 0.052364864864864864 0.08445945945945946
1 0.9510135135135135 0.03547297297297297 0.0472972972972973 0.07094594594594594
1 0.052364864864864864 0.05320945945945946 0.04054054054054054 0.0625
1 0.26942567567567566 0.17567567567567569 0.04054054054054054 0.08783783783783784
1 0.7744932432432432 0.566722972972973 0.10135135135135136 0.2533783783783784
1 0.43327702702702703 0.24746621621621623 0.052364864864864864 0.13682432432432431
1 0.8809121621621622 0.4358108108108108 0.0929054054054054 0.22972972972972974
1 0.8614864864864865 0.24577702702702703 0.06925675675675676 0.14358108108108109
1 0.6131756756756757 0.05827702702702703 0.05405405405405406 0.11655405405405406
1 0.7635135135135135 0.37753378378378377 0.057432432432432436 0.13175675675675674