1 0.5130718954248366 0.12173202614379085 0.06862745098039216 0.19117647058823528
1 0.5498366013071896 0.9665032679738562 0.06372549019607843 0.06699346405228758
1 0.5040849673202614 0.2630718954248366 0.042483660130718956 0.09803921568627451
1 0.5571895424836601 0.5915032679738562 0.05228758169934641 0.1111111111111111
1 0.5359477124183006 0.3627450980392157 0.07516339869281045 0.16339869281045752
1 0.5612745098039216 0.21160130718954248 0.058823529411764705 0.15196078431372548
1 0.4117647058823529 0.12990196078431374 0.04738562091503268 0.1111111111111111
1 0.4542483660130719 0.24754901960784315 0.05718954248366013 0.13398692810457516
1 0.4493464052287582 0.15604575163398693 0.04411764705882353 0.09803921568627451
1 0.49019607843137253 0.4738562091503268 0.05555555555555555 0.11601307189542484
1 0.4681372549019608 0.05800653594771242 0.042483660130718956 0.10294117647058823
1 0.4158496732026144 0.5179738562091504 0.06209150326797386 0.10947712418300654
1 0.3161764705882353 0.09068627450980392 0.06699346405228758 0.18137254901960784
1 0.35866013071895425 0.21160130718954248 0.05555555555555555 0.09967320261437909
1 0.6127450980392157 0.19526143790849673 0.058823529411764705 0.1454248366013072
1 0.369281045751634 0.024509803921568627 0.0457516339869281 0.049019607843137254
1 0.3880718954248366 0.08333333333333333 0.03594771241830065 0.119281045751634
1 0.5179738562091504 0.7303921568627451 0.07516339869281045 0.1568627450980392
1 0.6625816993464052 0.4910130718954248 0.09803921568627451 0.1895424836601307
1 0.7181372549019608 0.35375816993464054 0.09640522875816994 0.13725490196078433
1 0.75 0.6870915032679739 0.14869281045751634 0.12745098039215685
1 0.2426470588235294 0.2973856209150327 0.09967320261437909 0.184640522875817
1 0.375 0.32107843137254904 0.08823529411764706 0.13398692810457516
1 0.3341503267973856 0.4681372549019608 0.0784313725490196 0.13398692810457516
1 0.13562091503267973 0.39869281045751637 0.12745098039215685 0.13725490196078433
1 0.23039215686274508 0.5833333333333334 0.10457516339869281 0.1111111111111111
1 0.7704248366013072 0.5032679738562091 0.1111111111111111 0.18790849673202614
1 0.7818627450980392 0.17647058823529413 0.15522875816993464 0.2581699346405229
1 0.6699346405228758 0.18790849673202614 0.0718954248366013 0.16830065359477125
1 0.940359477124183 0.32107843137254904 0.119281045751634 0.17483660130718953
1 0.8218954248366013 0.41911764705882354 0.10947712418300654 0.13398692810457516
1 0.9101307189542484 0.5326797385620915 0.17973856209150327 0.13398692810457516
1 0.6184640522875817 0.7924836601307189 0.06209150326797386 0.10457516339869281
1 0.4199346405228758 0.8733660130718954 0.05718954248366013 0.11764705882352941
1 0.42320261437908496 0.7532679738562091 0.05718954248366013 0.13398692810457516
1 0.46568627450980393 0.795751633986928 0.05555555555555555 0.14052287581699346
1 0.2549019607843137 0.15522875816993464 0.06209150326797386 0.10130718954248366
1 0.05473856209150327 0.23937908496732027 0.08169934640522876 0.09313725490196079
1 0.6127450980392157 0.3472222222222222 0.05228758169934641 0.11601307189542484