1 0.17532467532467533 0.7613636363636364 0.10714285714285714 0.1590909090909091
1 0.11607142857142858 0.8790584415584416 0.1444805194805195 0.19805194805194806
1 0.36038961038961037 0.12743506493506493 0.060064935064935064 0.16233766233766234
1 0.6712662337662337 0.6258116883116883 0.11201298701298701 0.14285714285714285
1 0.2435064935064935 0.6818181818181818 0.07954545454545454 0.14285714285714285
1 0.056006493506493504 0.75 0.11201298701298701 0.21428571428571427
1 0.47483766233766234 0.7849025974025974 0.10551948051948051 0.14123376623376624
1 0.30357142857142855 0.20941558441558442 0.07305194805194805 0.18344155844155843
1 0.40584415584415584 0.3782467532467532 0.048701298701298704 0.09253246753246754
1 0.275974025974026 0.336038961038961 0.056818181818181816 0.12012987012987013
1 0.8068181818181818 0.3530844155844156 0.056818181818181816 0.12987012987012986
1 0.3612012987012987 0.30762987012987014 0.07467532467532467 0.14772727272727273
1 0.34415584415584416 0.7881493506493507 0.1038961038961039 0.14285714285714285
1 0.7215909090909091 0.7061688311688312 0.07142857142857142 0.1331168831168831
1 0.4715909090909091 0.04383116883116883 0.04707792207792208 0.08766233766233766
1 0.4074675324675325 0.8798701298701299 0.1038961038961039 0.15584415584415584
1 0.8944805194805194 0.5081168831168831 0.06168831168831169 0.1396103896103896
1 0.6883116883116883 0.5243506493506493 0.05032467532467533 0.09090909090909091
1 0.6761363636363636 0.21834415584415584 0.032467532467532464 0.08441558441558442
1 0.1331168831168831 0.28733766233766234 0.05194805194805195 0.09902597402597403
1 0.7678571428571429 0.2288961038961039 0.07792207792207792 0.18344155844155843
1 0.17532467532467533 0.43912337662337664 0.06655844155844155 0.10876623376623376
1 0.5016233766233766 0.8928571428571429 0.07792207792207792 0.14285714285714285
1 0.2159090909090909 0.5008116883116883 0.0762987012987013 0.15097402597402598
1 0.49107142857142855 0.974025974025974 0.060064935064935064 0.05194805194805195
1 0.7159090909090909 0.8425324675324676 0.04220779220779221 0.09253246753246754
1 0.6875 0.1452922077922078 0.04220779220779221 0.09415584415584416
1 0.900974025974026 0.38636363636363635 0.04383116883116883 0.1038961038961039
1 0.3847402597402597 0.9586038961038961 0.09577922077922078 0.07467532467532467
1 0.2021103896103896 0.6241883116883117 0.05194805194805195 0.10551948051948051
1 0.9586038961038961 0.4667207792207792 0.05357142857142857 0.11201298701298701
1 0.22077922077922077 0.23133116883116883 0.04707792207792208 0.09090909090909091
1 0.8327922077922078 0.2288961038961039 0.05519480519480519 0.15584415584415584
1 0.859577922077922 0.37337662337662336 0.04707792207792208 0.10551948051948051
1 0.6306818181818182 0.747564935064935 0.07792207792207792 0.15584415584415584
1 0.5543831168831169 0.27435064935064934 0.03571428571428571 0.09090909090909091
1 0.37987012987012986 0.6566558441558441 0.06493506493506493 0.1331168831168831
1 0.23295454545454544 0.032467532467532464 0.04383116883116883 0.06493506493506493
1 0.24107142857142858 0.16152597402597402 0.05519480519480519 0.12824675324675325
1 0.5487012987012987 0.6550324675324676 0.03571428571428571 0.08928571428571429
1 0.7516233766233766 0.10795454545454546 0.07792207792207792 0.18831168831168832
1 0.5941558441558441 0.05762987012987013 0.032467532467532464 0.10064935064935066
1 0.2800324675324675 0.8896103896103896 0.09902597402597403 0.18668831168831168
1 0.4163961038961039 0.2637987012987013 0.040584415584415584 0.11201298701298701
1 0.6542207792207793 0.22321428571428573 0.030844155844155844 0.08766233766233766
1 0.25892857142857145 0.05113636363636364 0.04383116883116883 0.10064935064935066
1 0.2922077922077922 0.614448051948052 0.07467532467532467 0.15422077922077923
1 0.04707792207792208 0.010551948051948052 0.02922077922077922 0.021103896103896104
1 0.15016233766233766 0.1737012987012987 0.037337662337662336 0.09740259740259741
1 0.18668831168831168 0.14691558441558442 0.045454545454545456 0.09902597402597403
1 0.6883116883116883 0.07548701298701299 0.027597402597402596 0.07142857142857142
1 0.4675324675324675 0.612012987012987 0.02922077922077922 0.07954545454545454
1 0.4724025974025974 0.11444805194805195 0.03571428571428571 0.10227272727272728
1 0.3425324675324675 0.9074675324675324 0.048701298701298704 0.07954545454545454
1 0.17694805194805194 0.2077922077922078 0.025974025974025976 0.05357142857142857
1 0.1176948051948052 0.11201298701298701 0.08279220779220779 0.18831168831168832
1 0.19805194805194806 0.3547077922077922 0.07305194805194805 0.10876623376623376
1 0.3969155844155844 0.07873376623376624 0.05032467532467533 0.15422077922077923
1 0.5097402597402597 0.017045454545454544 0.045454545454545456 0.03409090909090909
1 0.033279220779220776 0.34334415584415584 0.05194805194805195 0.07467532467532467
1 0.03571428571428571 0.5819805194805194 0.07142857142857142 0.16396103896103897
1 0.5073051948051948 0.6396103896103896 0.060064935064935064 0.137987012987013
1 0.5162337662337663 0.2922077922077922 0.03409090909090909 0.08116883116883117
1 0.29707792207792205 0.05113636363636364 0.045454545454545456 0.10227272727272728
1 0.7094155844155844 0.9707792207792207 0.05844155844155844 0.05844155844155844
1 0.2702922077922078 0.4253246753246753 0.04383116883116883 0.08116883116883117
1 0.15097402597402598 0.015422077922077922 0.045454545454545456 0.030844155844155844
1 0.7686688311688312 0.42045454545454547 0.04707792207792208 0.08766233766233766
1 0.4448051948051948 0.5219155844155844 0.037337662337662336 0.08766233766233766
1 0.7353896103896104 0.3977272727272727 0.03896103896103896 0.07792207792207792
1 0.5373376623376623 0.20373376623376624 0.037337662337662336 0.08603896103896104
1 0.8003246753246753 0.037337662337662336 0.04220779220779221 0.03896103896103896
1 0.43344155844155846 0.1461038961038961 0.045454545454545456 0.11688311688311688
1 0.7516233766233766 0.349025974025974 0.04383116883116883 0.09740259740259741
1 0.989448051948052 0.33035714285714285 0.021103896103896104 0.08603896103896104
1 0.47483766233766234 0.3693181818181818 0.040584415584415584 0.08766233766233766
1 0.44886363636363635 0.6810064935064936 0.07467532467532467 0.10876623376623376
1 0.9415584415584416 0.04383116883116883 0.02922077922077922 0.02922077922077922
1 0.23944805194805194 0.9366883116883117 0.08928571428571429 0.09740259740259741
1 0.5373376623376623 0.5040584415584416 0.024350649350649352 0.05357142857142857
1 0.6948051948051948 0.8782467532467533 0.03409090909090909 0.06655844155844155
1 0.6599025974025974 0.29545454545454547 0.03571428571428571 0.1038961038961039
1 0.8157467532467533 0.11525974025974026 0.04220779220779221 0.09253246753246754
1 0.09009740259740259 0.021103896103896104 0.0698051948051948 0.04220779220779221
1 0.45292207792207795 0.1858766233766234 0.032467532467532464 0.09090909090909091
1 0.9675324675324676 0.2597402597402597 0.06493506493506493 0.16233766233766234
1 0.786525974025974 0.8441558441558441 0.11038961038961038 0.20941558441558442
1 0.6801948051948052 0.411525974025974 0.06818181818181818 0.16396103896103897
1 0.913961038961039 0.22483766233766234 0.07954545454545454 0.18831168831168832