1 0.43164794007490637 0.24812734082397003 0.7284644194756554 0.49625468164794007
1 0.8810861423220974 0.03277153558052434 0.08239700374531835 0.04119850187265917
1 0.8558052434456929 0.07958801498127341 0.04681647940074907 0.09176029962546817
1 0.8108614232209738 0.1647940074906367 0.04681647940074907 0.20599250936329588
1 0.9784644194756554 0.07209737827715355 0.04307116104868914 0.1104868913857678
1 0.9297752808988764 0.14794007490636704 0.06367041198501873 0.14232209737827714
1 0.9794007490636704 0.1647940074906367 0.04119850187265917 0.10861423220973783
1 0.903558052434457 0.2153558052434457 0.04119850187265917 0.09737827715355805
1 0.8211610486891385 0.2808988764044944 0.04868913857677903 0.09737827715355805
1 0.8820224719101124 0.3913857677902622 0.05056179775280899 0.11797752808988764
1 0.8455056179775281 0.3895131086142322 0.04119850187265917 0.09176029962546817
1 0.8258426966292135 0.35674157303370785 0.04307116104868914 0.09737827715355805
1 0.7968164794007491 0.36797752808988765 0.0299625468164794 0.09363295880149813
1 0.7893258426966292 0.45786516853932585 0.020599250936329586 0.0898876404494382
1 0.8810861423220974 0.45880149812734083 0.04307116104868914 0.07303370786516854
1 0.9794007490636704 0.29213483146067415 0.04119850187265917 0.19850187265917604
1 0.9531835205992509 0.2556179775280899 0.05056179775280899 0.09176029962546817
1 0.9194756554307116 0.3080524344569288 0.033707865168539325 0.09176029962546817
1 0.8923220973782772 0.29681647940074907 0.0299625468164794 0.07303370786516854
1 0.8670411985018727 0.2350187265917603 0.054307116104868915 0.1348314606741573
1 0.952247191011236 0.37453183520599254 0.03745318352059925 0.1104868913857678
1 0.9269662921348315 0.43352059925093633 0.04868913857677903 0.10861423220973783
1 0.9756554307116105 0.45131086142322097 0.0449438202247191 0.10486891385767791
1 0.9784644194756554 0.5861423220973783 0.031835205992509365 0.05805243445692884
1 0.952247191011236 0.5814606741573034 0.03932584269662921 0.06554307116104868
1 0.9157303370786517 0.5140449438202247 0.0299625468164794 0.07116104868913857
1 0.9831460674157303 0.5234082397003745 0.026217228464419477 0.06179775280898876
1 0.8174157303370787 0.48220973782771537 0.05056179775280899 0.13295880149812733
1 0.8689138576779026 0.5580524344569289 0.0599250936329588 0.10674157303370786
1 0.8314606741573034 0.5936329588014981 0.02247191011235955 0.0299625468164794
1 0.8136704119850188 0.5777153558052435 0.0299625468164794 0.06367041198501873
1 0.7874531835205992 0.5692883895131086 0.02247191011235955 0.07677902621722846
1 0.5973782771535581 0.7378277153558053 0.35580524344569286 0.2846441947565543
1 0.8202247191011236 0.8033707865168539 0.11610486891385768 0.39325842696629215