1 0.49653979238754326 0.7534602076124568 0.11418685121107267 0.2508650519031142
1 0.5337370242214533 0.9325259515570934 0.08131487889273356 0.13494809688581316
1 0.48875432525951557 0.12802768166089964 0.08823529411764706 0.2560553633217993
1 0.717128027681661 0.3460207612456747 0.07958477508650519 0.2370242214532872
1 0.4870242214532872 0.5077854671280276 0.09169550173010381 0.28027681660899656
1 0.17993079584775087 0.759515570934256 0.0847750865051903 0.24740484429065743
1 0.39273356401384085 0.7664359861591695 0.10380622837370242 0.19204152249134948
1 0.7387543252595156 0.9290657439446367 0.15397923875432526 0.1245674740484429
1 0.40743944636678203 0.42301038062283736 0.08650519031141868 0.3546712802768166
1 0.8373702422145328 0.20674740484429066 0.13494809688581316 0.4134948096885813
1 0.3356401384083045 0.28719723183391005 0.07612456747404844 0.185121107266436
1 0.25951557093425603 0.19290657439446368 0.10034602076124567 0.36505190311418684
1 0.7863321799307958 0.7413494809688581 0.11418685121107267 0.3027681660899654
1 0.3157439446366782 0.11505190311418685 0.08131487889273356 0.21453287197231835
1 0.6375432525951558 0.6756055363321799 0.13494809688581316 0.4429065743944637
1 0.02768166089965398 0.1185121107266436 0.04844290657439446 0.10034602076124567
1 0.45501730103806226 0.96280276816609 0.09688581314878893 0.07439446366782007
1 0.32612456747404844 0.6678200692041523 0.06747404844290658 0.1453287197231834
1 0.8737024221453287 0.777681660899654 0.08131487889273356 0.2301038062283737
1 0.10553633217993079 0.8434256055363322 0.12110726643598616 0.31314878892733566
1 0.6730103806228374 0.23615916955017302 0.11764705882352941 0.47231833910034604
1 0.3546712802768166 0.5536332179930796 0.07612456747404844 0.22664359861591696
1 0.005190311418685121 0.2811418685121107 0.010380622837370242 0.17128027681660898
1 0.03460207612456748 0.9411764705882353 0.031141868512110725 0.11764705882352941
1 0.01384083044982699 0.24394463667820068 0.02768166089965398 0.10726643598615918
1 0.263840830449827 0.5103806228373703 0.08304498269896193 0.3062283737024221
1 0.41695501730103807 0.8858131487889274 0.11418685121107267 0.22837370242214533
1 0.7923875432525952 0.551038062283737 0.14878892733564014 0.29411764705882354
1 0.5916955017301038 0.34429065743944637 0.12283737024221453 0.32698961937716264
1 0.9558823529411765 0.578719723183391 0.08823529411764706 0.3304498269896194
1 0.0986159169550173 0.08564013840830449 0.04671280276816609 0.11937716262975778
1 0.07006920415224914 0.07352941176470588 0.03460207612456748 0.10553633217993079
1 0.34515570934256057 0.04930795847750865 0.07439446366782007 0.08650519031141868
1 0.1323529411764706 0.10121107266435986 0.04152249134948097 0.11072664359861592
1 0.9342560553633218 0.8979238754325259 0.1314878892733564 0.16608996539792387
1 0.18858131487889274 0.23356401384083045 0.06747404844290658 0.24567474048442905
1 0.1323529411764706 0.32006920415224915 0.06747404844290658 0.21626297577854672
1 0.09429065743944637 0.5216262975778547 0.11591695501730104 0.30103806228373703
1 0.04411764705882353 0.5311418685121108 0.08823529411764706 0.2629757785467128
1 0.07093425605536333 0.3209342560553633 0.06920415224913495 0.1643598615916955
1 0.25 0.8944636678200693 0.07439446366782007 0.21107266435986158
1 0.3166089965397924 0.8529411764705882 0.08650519031141868 0.29411764705882354