1 0.414568345323741 0.5620503597122302 0.26798561151079137 0.4154676258992806
1 0.6034172661870504 0.5107913669064749 0.11330935251798561 0.2589928057553957
1 0.8111510791366906 0.6762589928057554 0.10431654676258993 0.2643884892086331
1 0.7248201438848921 0.5431654676258992 0.10611510791366907 0.1528776978417266
1 0.6780575539568345 0.6241007194244604 0.10971223021582734 0.1528776978417266
1 0.9505395683453237 0.6789568345323741 0.09532374100719425 0.2787769784172662
1 0.8732014388489209 0.677158273381295 0.0737410071942446 0.26798561151079137
1 0.3192446043165468 0.289568345323741 0.10251798561151079 0.2715827338129496
1 0.7194244604316546 0.5863309352517986 0.12410071942446044 0.17446043165467626
1 0.045863309352517985 0.38758992805755393 0.09172661870503597 0.7751798561151079
1 0.9451438848920863 0.4505395683453237 0.10071942446043165 0.17266187050359713
1 0.1960431654676259 0.5656474820143885 0.20863309352517986 0.4460431654676259