1 0.09424920127795527 0.3865814696485623 0.07507987220447285 0.21725239616613418
1 0.2963258785942492 0.24680511182108625 0.0926517571884984 0.48881789137380194
1 0.0231629392971246 0.2515974440894569 0.0463258785942492 0.48722044728434505
1 0.6869009584664537 0.4273162939297125 0.2827476038338658 0.1182108626198083
1 0.2380191693290735 0.847444089456869 0.2268370607028754 0.305111821086262
1 0.8833865814696485 0.6014376996805112 0.23322683706070288 0.2476038338658147
1 0.9057507987220448 0.7611821086261981 0.18849840255591055 0.46166134185303515
1 0.6206070287539937 0.6118210862619808 0.268370607028754 0.25878594249201275
1 0.6086261980830671 0.7547923322683706 0.2795527156549521 0.46006389776357826
1 0.4057507987220447 0.755591054313099 0.12300319488817892 0.44568690095846647
1 0.43690095846645366 0.6038338658146964 0.18849840255591055 0.23482428115015974