1 0.39544025157232704 0.5330188679245284 0.22169811320754718 0.3553459119496855
1 0.5589622641509434 0.4827044025157233 0.09119496855345911 0.22327044025157233
1 0.7460691823899371 0.6210691823899371 0.08333333333333333 0.2279874213836478
1 0.6666666666666666 0.5070754716981132 0.0880503144654088 0.13050314465408805
1 0.6281446540880503 0.5794025157232704 0.09119496855345911 0.13050314465408805
1 0.8742138364779874 0.6187106918238994 0.0880503144654088 0.24056603773584906
1 0.800314465408805 0.6194968553459119 0.05660377358490566 0.23270440251572327
1 0.30424528301886794 0.2979559748427673 0.08176100628930817 0.23427672955974843
1 0.6627358490566038 0.5448113207547169 0.10377358490566038 0.14937106918238993
1 0.04874213836477988 0.3671383647798742 0.09748427672955975 0.7295597484276729
1 0.8561320754716981 0.419811320754717 0.08333333333333333 0.14779874213836477
1 0.9512578616352201 0.5778301886792453 0.09748427672955975 0.30660377358490565
1 0.20518867924528303 0.5432389937106918 0.16981132075471697 0.3836477987421384