1 0.5507936507936508 0.27380952380952384 0.09682539682539683 0.22698412698412698
1 0.5277777777777778 0.08968253968253968 0.07142857142857142 0.15555555555555556
1 0.5158730158730159 0.8642857142857143 0.07301587301587302 0.2714285714285714
1 0.32301587301587303 0.6325396825396825 0.06507936507936508 0.21587301587301588
1 0.5436507936507936 0.4992063492063492 0.0761904761904762 0.25555555555555554
1 0.8412698412698413 0.28809523809523807 0.06984126984126984 0.2253968253968254
1 0.6468253968253969 0.26825396825396824 0.0873015873015873 0.173015873015873
1 0.3396825396825397 0.07539682539682539 0.13968253968253969 0.15079365079365079
1 0.6111111111111112 0.580952380952381 0.06825396825396825 0.3238095238095238
1 0.20238095238095238 0.7801587301587302 0.1111111111111111 0.43174603174603177
1 0.6682539682539682 0.7111111111111111 0.06349206349206349 0.16825396825396827
1 0.7309523809523809 0.8174603174603174 0.08095238095238096 0.36507936507936506
1 0.2849206349206349 0.26587301587301587 0.09523809523809523 0.273015873015873
1 0.6730158730158731 0.8857142857142857 0.06984126984126984 0.22857142857142856
1 0.4174603174603175 0.3357142857142857 0.1111111111111111 0.4031746031746032
1 0.9396825396825397 0.8849206349206349 0.04285714285714286 0.09047619047619047
1 0.6015873015873016 0.05873015873015873 0.0873015873015873 0.11587301587301588
1 0.7015873015873015 0.3626984126984127 0.05873015873015873 0.13174603174603175
1 0.20714285714285716 0.22777777777777777 0.06666666666666667 0.20952380952380953
1 0.915079365079365 0.2 0.1 0.3142857142857143
1 0.3547619047619048 0.7547619047619047 0.09365079365079365 0.473015873015873
1 0.6682539682539682 0.4658730158730159 0.06190476190476191 0.20634920634920634
1 0.9825396825396825 0.7373015873015873 0.03015873015873016 0.15873015873015872
1 0.9857142857142858 0.10952380952380952 0.02857142857142857 0.14603174603174604
1 0.9626984126984127 0.7706349206349207 0.02857142857142857 0.09682539682539683
1 0.7484126984126984 0.5103174603174603 0.06666666666666667 0.27936507936507937
1 0.6317460317460317 0.14603174603174604 0.09682539682539683 0.22857142857142856
1 0.26746031746031745 0.4396825396825397 0.1253968253968254 0.2650793650793651
1 0.4380952380952381 0.6420634920634921 0.1 0.2984126984126984
1 0.08253968253968254 0.4023809523809524 0.14444444444444443 0.30317460317460315
1 0.8722222222222222 0.9103174603174603 0.0380952380952381 0.10793650793650794
1 0.8976190476190476 0.9246031746031746 0.02857142857142857 0.10158730158730159
1 0.6428571428571429 0.9444444444444444 0.06666666666666667 0.1111111111111111
1 0.7150793650793651 0.027777777777777776 0.09206349206349207 0.049206349206349205
1 0.8420634920634921 0.8944444444444445 0.03650793650793651 0.1
1 0.12936507936507938 0.09365079365079365 0.1761904761904762 0.1873015873015873
1 0.7992063492063493 0.7690476190476191 0.05396825396825397 0.22380952380952382
1 0.8571428571428571 0.6936507936507936 0.05555555555555555 0.19682539682539682
1 0.9047619047619048 0.5119047619047619 0.09682539682539683 0.273015873015873
1 0.9563492063492064 0.503968253968254 0.0873015873015873 0.2396825396825397
1 0.9126984126984127 0.6968253968253968 0.06031746031746032 0.1492063492063492
1 0.7849206349206349 0.15158730158730158 0.06031746031746032 0.20952380952380953
1 0.7222222222222222 0.19126984126984126 0.06984126984126984 0.273015873015873