1 0.25975177304964536 0.17198581560283688 0.09574468085106383 0.32269503546099293
1 0.0062056737588652485 0.18439716312056736 0.012411347517730497 0.3191489361702128
1 0.04521276595744681 0.18351063829787234 0.09042553191489362 0.324468085106383
1 0.5939716312056738 0.16046099290780141 0.34397163120567376 0.32092198581560283
1 0.45567375886524825 0.26595744680851063 0.044326241134751775 0.11170212765957446
1 0.23670212765957446 0.7030141843971631 0.4734042553191489 0.5939716312056738
1 0.48138297872340424 0.8617021276595744 0.044326241134751775 0.2765957446808511
1 0.48315602836879434 0.8643617021276596 0.044326241134751775 0.2712765957446808
1 0.9689716312056738 0.7420212765957447 0.06205673758865248 0.46631205673758863
1 0.6418439716312057 0.8812056737588653 0.08156028368794327 0.22695035460992907
1 0.5106382978723404 0.8625886524822695 0.09219858156028368 0.274822695035461
1 0.7570921985815603 0.8785460992907801 0.0975177304964539 0.2198581560283688
1 0.8537234042553191 0.898936170212766 0.0673758865248227 0.1702127659574468
1 0.9122340425531915 0.8590425531914894 0.06028368794326241 0.24113475177304963
1 0.9459219858156028 0.7198581560283688 0.04609929078014184 0.14361702127659576
1 0.8900709219858156 0.6914893617021277 0.03723404255319149 0.1276595744680851
1 0.8404255319148937 0.7287234042553191 0.06560283687943262 0.21099290780141844