1 0.6073770491803279 0.46885245901639344 0.06229508196721312 0.10163934426229508
1 0.5040983606557377 0.230327868852459 0.05901639344262295 0.07704918032786885
1 0.006557377049180328 0.3377049180327869 0.009836065573770493 0.08688524590163935
1 0.319672131147541 0.4155737704918033 0.06393442622950819 0.10163934426229508
1 0.5418032786885246 0.4139344262295082 0.040983606557377046 0.08032786885245902
1 0.2540983606557377 0.4483606557377049 0.05737704918032787 0.12459016393442623
1 0.6459016393442623 0.44426229508196724 0.022950819672131147 0.08032786885245902
1 0.012295081967213115 0.18934426229508197 0.014754098360655738 0.07377049180327869
1 0.3836065573770492 0.005737704918032787 0.03278688524590164 0.011475409836065573
1 0.013934426229508197 0.08278688524590164 0.014754098360655738 0.09016393442622951
1 0.3368852459016393 0.4852459016393443 0.07213114754098361 0.07213114754098361
1 0.5778688524590164 0.20737704918032787 0.05901639344262295 0.08196721311475409
1 0.5278688524590164 0.49754098360655735 0.07377049180327869 0.054098360655737705
1 0.5073770491803279 0.17131147540983607 0.04262295081967213 0.06721311475409836
1 0.6114754098360655 0.3040983606557377 0.05737704918032787 0.09672131147540984
1 0.1377049180327869 0.48278688524590163 0.06393442622950819 0.06885245901639345
1 0.580327868852459 0.380327868852459 0.05245901639344262 0.09344262295081968
1 0.027868852459016394 0.00819672131147541 0.03934426229508197 0.01639344262295082
1 0.49426229508196723 0.35081967213114756 0.06885245901639345 0.08032786885245902
1 0.36311475409836064 0.32868852459016396 0.04590163934426229 0.10163934426229508
1 0.6426229508196721 0.36885245901639346 0.03278688524590164 0.07704918032786885
1 0.6491803278688525 0.2614754098360656 0.022950819672131147 0.09508196721311475
1 0.37868852459016394 0.14262295081967213 0.040983606557377046 0.06885245901639345
1 0.419672131147541 0.03770491803278689 0.03934426229508197 0.07540983606557378
1 0.27459016393442626 0.12377049180327869 0.04262295081967213 0.08852459016393442
1 0.4713114754098361 0.4377049180327869 0.047540983606557376 0.09836065573770492
1 0.34262295081967215 0.1557377049180328 0.03770491803278689 0.07704918032786885
1 0.5016393442622951 0.04262295081967213 0.03278688524590164 0.08196721311475409
1 0.4237704918032787 0.2860655737704918 0.054098360655737705 0.07704918032786885
1 0.3081967213114754 0.32049180327868854 0.03934426229508197 0.09344262295081968
1 0.07213114754098361 0.030327868852459017 0.03934426229508197 0.060655737704918035
1 0.3598360655737705 0.25245901639344265 0.03934426229508197 0.08032786885245902
1 0.559016393442623 0.08524590163934426 0.05901639344262295 0.11639344262295082
1 0.4131147540983607 0.35 0.05901639344262295 0.1
1 0.5442622950819672 0.02459016393442623 0.03442622950819672 0.047540983606557376
1 0.43278688524590164 0.1139344262295082 0.040983606557377046 0.07377049180327869
1 0.22540983606557377 0.07950819672131147 0.04426229508196721 0.08360655737704918
1 0.036065573770491806 0.05327868852459016 0.036065573770491806 0.08524590163934426
1 0.3073770491803279 0.2262295081967213 0.047540983606557376 0.08360655737704918
1 0.40327868852459015 0.47704918032786886 0.054098360655737705 0.09016393442622951
1 0.3942622950819672 0.0942622950819672 0.03934426229508197 0.07377049180327869
1 0.47704918032786886 0.11721311475409836 0.03934426229508197 0.07704918032786885
1 0.6311475409836066 0.15163934426229508 0.05901639344262295 0.07377049180327869
1 0.44098360655737706 0.2081967213114754 0.04262295081967213 0.08032786885245902
1 0.7147540983606557 0.26557377049180325 0.11967213114754098 0.5245901639344263
1 0.8270491803278689 0.26639344262295084 0.34590163934426227 0.5295081967213114
1 0.24098360655737705 0.6073770491803279 0.46229508196721314 0.18688524590163935