1 0.24509803921568626 0.7491830065359477 0.16830065359477125 0.4624183006535948
1 0.1184640522875817 0.23366013071895425 0.23366013071895425 0.4673202614379085
1 0.47467320261437906 0.25245098039215685 0.2042483660130719 0.5032679738562091
1 0.6078431372549019 0.7704248366013072 0.16013071895424835 0.4591503267973856
1 0.7630718954248366 0.7818627450980392 0.17973856209150327 0.4362745098039216
1 0.6511437908496732 0.2679738562091503 0.17647058823529413 0.47875816993464054
1 0.440359477124183 0.7565359477124183 0.2042483660130719 0.4869281045751634
1 0.9354575163398693 0.28431372549019607 0.12908496732026145 0.49019607843137253
1 0.08415032679738563 0.7295751633986928 0.16830065359477125 0.4918300653594771
1 0.8080065359477124 0.27941176470588236 0.16013071895424835 0.477124183006536
1 0.3014705882352941 0.23529411764705882 0.15196078431372548 0.47058823529411764
1 0.9166666666666666 0.7769607843137255 0.11764705882352941 0.44607843137254904