1 0.5737410071942446 0.5188848920863309 0.26798561151079137 0.4154676258992806
1 0.3893884892086331 0.4550359712230216 0.11510791366906475 0.2589928057553957
1 0.16996402877697842 0.6052158273381295 0.10431654676258993 0.2643884892086331
1 0.2652877697841727 0.4784172661870504 0.10611510791366907 0.1528776978417266
1 0.3057553956834532 0.5629496402877698 0.10971223021582734 0.1528776978417266
1 0.03866906474820144 0.5971223021582733 0.07733812949640288 0.27697841726618705
1 0.1079136690647482 0.6016187050359713 0.0737410071942446 0.26798561151079137
1 0.6879496402877698 0.25359712230215825 0.10251798561151079 0.2715827338129496
1 0.26798561151079137 0.5215827338129496 0.12410071942446044 0.17446043165467626
1 0.9532374100719424 0.38669064748201437 0.09352517985611511 0.7446043165467626
1 0.052158273381294966 0.37140287769784175 0.10071942446043165 0.17266187050359713
1 0.7913669064748201 0.5377697841726619 0.20863309352517986 0.4460431654676259