1 0.14636363636363636 0.2681818181818182 0.2927272727272727 0.48545454545454547
1 0.7009090909090909 0.2790909090909091 0.48545454545454547 0.5581818181818182
1 0.3881818181818182 0.5645454545454546 0.11454545454545455 0.09272727272727273
1 0.4118181818181818 0.58 0.09272727272727273 0.12
1 0.3181818181818182 0.56 0.08363636363636363 0.09272727272727273
1 0.053636363636363635 0.5354545454545454 0.10727272727272727 0.08181818181818182
1 0.1390909090909091 0.8681818181818182 0.05272727272727273 0.10363636363636364
1 0.28454545454545455 0.9154545454545454 0.06363636363636363 0.13454545454545455
1 0.19090909090909092 0.9227272727272727 0.08181818181818182 0.11818181818181818
1 0.19818181818181818 0.5463636363636364 0.11090909090909092 0.08363636363636363
1 0.12 0.5445454545454546 0.11090909090909092 0.09090909090909091
1 0.3972727272727273 0.8 0.07454545454545454 0.12181818181818181
1 0.02727272727272727 0.5345454545454545 0.05454545454545454 0.08
1 0.3518181818181818 0.730909090909091 0.08545454545454545 0.1709090909090909
1 0.026363636363636363 0.5145454545454545 0.05272727272727273 0.04
1 0.1409090909090909 0.5272727272727272 0.10545454545454545 0.05272727272727273
1 0.36727272727272725 0.5927272727272728 0.05818181818181818 0.12
1 0.16636363636363635 0.5681818181818182 0.07272727272727272 0.12727272727272726
1 0.2609090909090909 0.5636363636363636 0.10363636363636364 0.10909090909090909
1 0.1290909090909091 0.9545454545454546 0.04 0.04363636363636364
1 0.26636363636363636 0.6027272727272728 0.08363636363636363 0.17272727272727273
1 0.07 0.6063636363636363 0.03272727272727273 0.0890909090909091
1 0.19272727272727272 0.5281818181818182 0.05272727272727273 0.045454545454545456
1 0.3718181818181818 0.8945454545454545 0.08363636363636363 0.12181818181818181
1 0.02909090909090909 0.5754545454545454 0.05818181818181818 0.15454545454545454
1 0.017272727272727273 0.9427272727272727 0.034545454545454546 0.04909090909090909
1 0.2909090909090909 0.8154545454545454 0.04909090909090909 0.09090909090909091
1 0.09545454545454546 0.7072727272727273 0.04181818181818182 0.1
1 0.06181818181818182 0.8772727272727273 0.045454545454545456 0.09818181818181818
1 0.0890909090909091 0.5436363636363636 0.08181818181818182 0.09090909090909091
1 0.30454545454545456 0.5454545454545454 0.09636363636363636 0.06545454545454546