1 0.615916955017301 0.18598615916955016 0.06920415224913495 0.12629757785467127
1 0.25259515570934254 0.2647058823529412 0.0657439446366782 0.12283737024221453
1 0.2811418685121107 0.3313148788927336 0.04844290657439446 0.12110726643598616
1 0.36505190311418684 0.10813148788927336 0.0657439446366782 0.11937716262975778
1 0.46280276816608995 0.49480968858131485 0.08131487889273356 0.14705882352941177
1 0.31055363321799306 0.4602076124567474 0.05709342560553633 0.10899653979238755
1 0.263840830449827 0.47837370242214533 0.04498269896193772 0.11072664359861592
1 0.4835640138408305 0.3391003460207612 0.08823529411764706 0.19896193771626297
1 0.9835640138408305 0.3711072664359862 0.0328719723183391 0.14359861591695502
1 0.24567474048442905 0.6237024221453287 0.050173010380622836 0.10380622837370242
1 0.7326989619377162 0.7586505190311419 0.04325259515570934 0.07785467128027682
1 0.3486159169550173 0.029411764705882353 0.05709342560553633 0.058823529411764705
1 0.6946366782006921 0.5873702422145328 0.06920415224913495 0.1695501730103806
1 0.14792387543252594 0.4809688581314879 0.039792387543252594 0.08823529411764706
1 0.4619377162629758 0.08044982698961937 0.07612456747404844 0.16089965397923875
1 0.6903114186851211 0.6920415224913494 0.05190311418685121 0.07612456747404844
1 0.444636678200692 0.6020761245674741 0.07439446366782007 0.11245674740484429
1 0.092560553633218 0.23269896193771628 0.06747404844290658 0.13321799307958476
1 0.15051903114186851 0.20761245674740483 0.058823529411764705 0.11245674740484429
1 0.21107266435986158 0.19550173010380623 0.04671280276816609 0.08996539792387544
1 0.23615916955017302 0.34429065743944637 0.04498269896193772 0.0726643598615917
1 0.9714532871972318 0.5596885813148789 0.05709342560553633 0.09169550173010381
1 0.20588235294117646 0.8416955017301038 0.050173010380622836 0.11245674740484429
1 0.8295847750865052 0.4740484429065744 0.06401384083044982 0.1314878892733564
1 0.9679930795847751 0.7491349480968859 0.0328719723183391 0.10899653979238755
1 0.12889273356401384 0.12370242214532871 0.05536332179930796 0.10207612456747404
1 0.9057093425605537 0.596885813148789 0.058823529411764705 0.0847750865051903
1 0.28719723183391005 0.9377162629757786 0.03633217993079585 0.06920415224913495
1 0.6349480968858131 0.6115916955017301 0.05190311418685121 0.0986159169550173
1 0.7984429065743944 0.5666089965397924 0.06228373702422145 0.11245674740484429
1 0.1842560553633218 0.4610726643598616 0.04325259515570934 0.09342560553633218
1 0.9152249134948097 0.7387543252595156 0.05190311418685121 0.07785467128027682
1 0.06487889273356401 0.11245674740484429 0.0847750865051903 0.22491349480968859
1 0.39965397923875434 0.052768166089965395 0.0726643598615917 0.10553633217993079
1 0.6479238754325259 0.7205882352941176 0.05363321799307959 0.11764705882352941
1 0.9152249134948097 0.486159169550173 0.058823529411764705 0.07785467128027682
1 0.29238754325259514 0.18079584775086505 0.0657439446366782 0.13321799307958476
1 0.22491349480968859 0.41782006920415227 0.05190311418685121 0.08650519031141868
1 0.8572664359861591 0.7603806228373703 0.04498269896193772 0.0847750865051903
1 0.3088235294117647 0.06660899653979238 0.07093425605536333 0.13321799307958476
1 0.13927335640138408 0.04152249134948097 0.07785467128027682 0.08304498269896193
1 0.3408304498269896 0.777681660899654 0.0328719723183391 0.0657439446366782
1 0.14359861591695502 0.5640138408304498 0.04498269896193772 0.0986159169550173
1 0.27335640138408307 0.7949826989619377 0.04671280276816609 0.08304498269896193
1 0.2586505190311419 0.025086505190311418 0.050173010380622836 0.050173010380622836
1 0.6885813148788927 0.07612456747404844 0.0657439446366782 0.12802768166089964
1 0.3728373702422145 0.5294117647058824 0.09169550173010381 0.16089965397923875
1 0.19290657439446368 0.2647058823529412 0.05363321799307959 0.08823529411764706
1 0.7707612456747405 0.4688581314878893 0.06747404844290658 0.15570934256055363
1 0.6020761245674741 0.6522491349480969 0.04498269896193772 0.08650519031141868
1 0.36505190311418684 0.634083044982699 0.04498269896193772 0.08131487889273356
1 0.8641868512110726 0.6980968858131488 0.04325259515570934 0.07612456747404844
1 0.29498269896193774 0.5813148788927336 0.04844290657439446 0.09342560553633218
1 0.08910034602076125 0.7534602076124568 0.050173010380622836 0.08996539792387544
1 0.4731833910034602 0.7387543252595156 0.06228373702422145 0.11764705882352941
1 0.9307958477508651 0.8339100346020761 0.04844290657439446 0.07785467128027682
1 0.7491349480968859 0.578719723183391 0.06401384083044982 0.11591695501730104
1 0.31141868512110726 0.6929065743944637 0.050173010380622836 0.09169550173010381
1 0.6894463667820069 0.7525951557093425 0.04498269896193772 0.0847750865051903
1 0.33477508650519033 0.23875432525951557 0.09688581314878893 0.17647058823529413
1 0.9377162629757786 0.19117647058823528 0.09515570934256055 0.3096885813148789
1 0.1375432525951557 0.4126297577854671 0.04844290657439446 0.10380622837370242
1 0.5873702422145328 0.717128027681661 0.04844290657439446 0.08996539792387544
1 0.13321799307958476 0.7854671280276817 0.050173010380622836 0.10034602076124567
1 0.037197231833910036 0.9057093425605537 0.03633217993079585 0.08996539792387544
1 0.18339100346020762 0.5666089965397924 0.06055363321799308 0.11072664359861592
1 0.41695501730103807 0.6652249134948097 0.04152249134948097 0.0986159169550173
1 0.7854671280276817 0.6773356401384083 0.04844290657439446 0.08650519031141868
1 0.9757785467128027 0.14619377162629757 0.04844290657439446 0.21626297577854672
1 0.41695501730103807 0.7326989619377162 0.03806228373702422 0.0657439446366782
1 0.6245674740484429 0.9359861591695502 0.058823529411764705 0.12802768166089964
1 0.23356401384083045 0.9307958477508651 0.04844290657439446 0.0986159169550173
1 0.3788927335640138 0.38321799307958476 0.0726643598615917 0.185121107266436
1 0.2517301038062284 0.14100346020761245 0.06747404844290658 0.15051903114186851
1 0.22664359861591696 0.5570934256055363 0.03806228373702422 0.08131487889273356
1 0.2171280276816609 0.05363321799307959 0.05709342560553633 0.10726643598615918
1 0.08823529411764706 0.8217993079584776 0.03633217993079585 0.08131487889273356
1 0.5596885813148789 0.629757785467128 0.06055363321799308 0.14705882352941177
1 0.17906574394463667 0.3745674740484429 0.05363321799307959 0.10726643598615918
1 0.6634948096885813 0.25951557093425603 0.0726643598615917 0.20069204152249134
1 0.8849480968858131 0.328719723183391 0.08131487889273356 0.21453287197231835