1 0.47109375 0.1328125 0.065625 0.1828125
1 0.6203125 0.9453125 0.0625 0.0984375
1 0.48125 0.26796875 0.040625 0.09375
1 0.57578125 0.571875 0.05 0.10625
1 0.52421875 0.3578125 0.071875 0.15625
1 0.528125 0.2125 0.05625 0.1453125
1 0.3765625 0.1546875 0.0453125 0.10625
1 0.43203125 0.26015625 0.0546875 0.128125
1 0.415625 0.17421875 0.0421875 0.09375
1 0.49609375 0.46953125 0.053125 0.1109375
1 0.41953125 0.07890625 0.040625 0.0984375
1 0.43203125 0.52109375 0.059375 0.1046875
1 0.28046875 0.1234375 0.0640625 0.1875
1 0.33671875 0.2390625 0.053125 0.0953125
1 0.575 0.1890625 0.05625 0.1390625
1 0.321875 0.046875 0.0453125 0.075
1 0.34765625 0.11328125 0.034375 0.1140625
1 0.55703125 0.709375 0.071875 0.15
1 0.66171875 0.4625 0.09375 0.18125
1 0.69609375 0.32578125 0.0921875 0.13125
1 0.7703125 0.63671875 0.1421875 0.121875
1 0.23828125 0.3359375 0.0953125 0.1765625
1 0.36640625 0.33984375 0.084375 0.128125
1 0.34765625 0.48515625 0.075 0.128125
1 0.15 0.4453125 0.121875 0.13125
1 0.26484375 0.6078125 0.1 0.10625
1 0.76484375 0.46015625 0.10625 0.1796875
1 0.7328125 0.14921875 0.1484375 0.246875
1 0.628125 0.175 0.06875 0.1609375
1 0.90859375 0.2640625 0.128125 0.1671875
1 0.803125 0.37421875 0.1046875 0.128125
1 0.90859375 0.46796875 0.1828125 0.1296875
1 0.66015625 0.75390625 0.059375 0.1
1 0.4828125 0.8578125 0.0546875 0.1125
1 0.4703125 0.74296875 0.0546875 0.128125
1 0.515625 0.77734375 0.053125 0.134375
1 0.23046875 0.19921875 0.059375 0.096875
1 0.04921875 0.30625 0.084375 0.0890625
1 0.5953125 0.33359375 0.05 0.1109375