1 0.6666666666666666 0.5714285714285714 0.07692307692307693 0.11721611721611722
1 0.5705128205128205 0.2976190476190476 0.07142857142857142 0.08974358974358974
1 0.3498168498168498 0.4899267399267399 0.07875457875457875 0.11721611721611722
1 0.597985347985348 0.5045787545787546 0.05128205128205128 0.09340659340659341
1 0.27472527472527475 0.5210622710622711 0.07326007326007326 0.14285714285714285
1 0.7115384615384616 0.5467032967032966 0.031135531135531136 0.09157509157509157
1 0.027472527472527472 0.21336996336996336 0.016483516483516484 0.08241758241758242
1 0.45604395604395603 0.023809523809523808 0.040293040293040296 0.047619047619047616
1 0.038461538461538464 0.09432234432234432 0.018315018315018316 0.10073260073260074
1 0.36446886446886445 0.5677655677655677 0.08608058608058608 0.08608058608058608
1 0.6547619047619048 0.2774725274725275 0.07142857142857142 0.09523809523809523
1 0.576007326007326 0.5970695970695971 0.08608058608058608 0.06593406593406594
1 0.6016483516483516 0.027472527472527472 0.047619047619047616 0.04395604395604396
1 0.3663003663003663 0.00641025641025641 0.04395604395604396 0.01282051282051282
1 0.5787545787545788 0.2316849816849817 0.05128205128205128 0.07875457875457875
1 0.6840659340659341 0.3882783882783883 0.07142857142857142 0.11172161172161173
1 0.14285714285714285 0.5503663003663004 0.07509157509157509 0.08058608058608059
1 0.6428571428571429 0.4706959706959707 0.06593406593406594 0.10622710622710622
1 0.06227106227106227 0.011904761904761904 0.04395604395604396 0.023809523809523808
1 0.5503663003663004 0.43040293040293043 0.08241758241758242 0.09340659340659341
1 0.40476190476190477 0.3965201465201465 0.05860805860805861 0.11721611721611722
1 0.7133699633699634 0.4624542124542125 0.04212454212454213 0.08791208791208792
1 0.7298534798534798 0.3434065934065934 0.03296703296703297 0.10805860805860806
1 0.40293040293040294 0.008241758241758242 0.040293040293040296 0.016483516483516484
1 0.4368131868131868 0.19047619047619047 0.05128205128205128 0.08058608058608059
1 0.49175824175824173 0.07509157509157509 0.04945054945054945 0.08974358974358974
1 0.3232600732600733 0.16117216117216118 0.054945054945054944 0.10256410256410256
1 0.5183150183150184 0.5265567765567766 0.06043956043956044 0.11355311355311355
1 0.4139194139194139 0.010073260073260074 0.04395604395604396 0.020146520146520148
1 0.3965201465201465 0.20146520146520147 0.047619047619047616 0.08974358974358974
1 0.5824175824175825 0.08791208791208792 0.04212454212454213 0.09340659340659341
1 0.47619047619047616 0.3534798534798535 0.06593406593406594 0.08974358974358974
1 0.34523809523809523 0.38278388278388276 0.05128205128205128 0.10805860805860806
1 0.10531135531135531 0.038461538461538464 0.04945054945054945 0.07692307692307693
1 0.36721611721611724 0.016483516483516484 0.04212454212454213 0.03296703296703297
1 0.4084249084249084 0.31043956043956045 0.04945054945054945 0.09340659340659341
1 0.6428571428571429 0.1401098901098901 0.07509157509157509 0.1336996336996337
1 0.4597069597069597 0.423992673992674 0.07326007326007326 0.11538461538461539
1 0.6327838827838828 0.05402930402930403 0.04395604395604396 0.09157509157509157
1 0.5164835164835165 0.016483516483516484 0.05128205128205128 0.03296703296703297
1 0.5 0.1620879120879121 0.05128205128205128 0.08608058608058608
1 0.27106227106227104 0.10805860805860806 0.054945054945054944 0.09706959706959707
1 0.06318681318681318 0.0641025641025641 0.045787545787545784 0.0989010989010989
1 0.3516483516483517 0.2774725274725275 0.05860805860805861 0.09706959706959707
1 0.43956043956043955 0.5641025641025641 0.06776556776556776 0.1043956043956044
1 0.45787545787545786 0.13736263736263737 0.04945054945054945 0.08608058608058608
1 0.5494505494505495 0.16941391941391942 0.04945054945054945 0.08974358974358974
1 0.7188644688644689 0.21978021978021978 0.07142857142857142 0.08608058608058608
1 0.5018315018315018 0.2673992673992674 0.05311355311355311 0.09340659340659341
1 0.652014652014652 0.02197802197802198 0.04212454212454213 0.02564102564102564
1 0.8040293040293041 0.33516483516483514 0.17582417582417584 0.6282051282051282
1 0.8571428571428571 0.3525641025641026 0.2857142857142857 0.6172161172161172
1 0.2554945054945055 0.6968864468864469 0.510989010989011 0.24358974358974358