1 0.7715827338129496 0.8138489208633094 0.09892086330935251 0.25359712230215825
1 0.8732014388489209 0.9046762589928058 0.09892086330935251 0.1906474820143885
1 0.4784172661870504 0.7032374100719424 0.0539568345323741 0.12589928057553956
1 0.3066546762589928 0.8848920863309353 0.10251798561151079 0.22482014388489208
1 0.6843525179856115 0.8084532374100719 0.07014388489208633 0.15467625899280577
1 0.512589928057554 0.6321942446043165 0.06294964028776978 0.13848920863309352
1 0.60431654676259 0.1735611510791367 0.04316546762589928 0.10971223021582734
1 0.19424460431654678 0.2302158273381295 0.050359712230215826 0.1366906474820144
1 0.18705035971223022 0.7688848920863309 0.10251798561151079 0.1906474820143885
1 0.6573741007194245 0.5116906474820144 0.052158273381294966 0.10971223021582734
1 0.3534172661870504 0.7455035971223022 0.05755395683453238 0.08812949640287769
1 0.32014388489208634 0.677158273381295 0.05575539568345324 0.14568345323741008
1 0.164568345323741 0.6276978417266187 0.0539568345323741 0.07553956834532374
1 0.6627697841726619 0.6798561151079137 0.050359712230215826 0.10971223021582734
1 0.9343525179856115 0.835431654676259 0.07194244604316546 0.1079136690647482
1 0.6573741007194245 0.9379496402877698 0.1420863309352518 0.12410071942446044
1 0.2904676258992806 0.5116906474820144 0.06115107913669065 0.11510791366906475
1 0.7634892086330936 0.6241007194244604 0.050359712230215826 0.12589928057553956
1 0.42176258992805754 0.5944244604316546 0.050359712230215826 0.09352517985611511
1 0.3498201438848921 0.5431654676258992 0.06115107913669065 0.13309352517985612
1 0.7850719424460432 0.9811151079136691 0.09892086330935251 0.03776978417266187
1 0.72931654676259 0.5548561151079137 0.04136690647482014 0.08273381294964029
1 0.5692446043165468 0.8803956834532374 0.07014388489208633 0.2392086330935252
1 0.3039568345323741 0.37949640287769787 0.050359712230215826 0.11151079136690648
1 0.7967625899280576 0.5737410071942446 0.046762589928057555 0.12050359712230216
1 0.5242805755395683 0.5053956834532374 0.050359712230215826 0.12410071942446044
1 0.5026978417266187 0.8714028776978417 0.09712230215827339 0.25539568345323743
1 0.34802158273381295 0.414568345323741 0.052158273381294966 0.13129496402877697
1 0.1618705035971223 0.9100719424460432 0.09532374100719425 0.16366906474820145
1 0.07553956834532374 0.7634892086330936 0.08273381294964029 0.16546762589928057
1 0.25449640287769787 0.37050359712230213 0.05575539568345324 0.1510791366906475
1 0.6843525179856115 0.25539568345323743 0.044964028776978415 0.15467625899280577
1 0.09442446043165467 0.053057553956834536 0.03597122302158273 0.08093525179856115
1 0.6960431654676259 0.3965827338129496 0.05575539568345324 0.14568345323741008
1 0.22841726618705036 0.5638489208633094 0.06474820143884892 0.13489208633093525
1 0.14118705035971224 0.5386690647482014 0.06654676258992806 0.10971223021582734
1 0.029676258992805755 0.966726618705036 0.05935251798561151 0.052158273381294966
1 0.447841726618705 0.493705035971223 0.05755395683453238 0.12050359712230216
1 0.420863309352518 0.6996402877697842 0.06294964028776978 0.1223021582733813
1 0.19694244604316546 0.4370503597122302 0.05755395683453238 0.12589928057553956
1 0.08902877697841727 0.4172661870503597 0.07913669064748201 0.1528776978417266
1 0.8983812949640287 0.0539568345323741 0.048561151079136694 0.09352517985611511
1 0.6034172661870504 0.5098920863309353 0.06115107913669065 0.12410071942446044
1 0.9586330935251799 0.17985611510791366 0.039568345323741004 0.07194244604316546
1 0.6258992805755396 0.7517985611510791 0.06115107913669065 0.14928057553956833
1 0.06564748201438848 0.5656474820143885 0.06474820143884892 0.13309352517985612
1 0.25449640287769787 0.7338129496402878 0.046762589928057555 0.09892086330935251
1 0.38489208633093525 0.2931654676258993 0.0341726618705036 0.08992805755395683
1 0.022482014388489208 0.48381294964028776 0.044964028776978415 0.1510791366906475
1 0.3839928057553957 0.3606115107913669 0.03776978417266187 0.08633093525179857
1 0.7985611510791367 0.4766187050359712 0.04136690647482014 0.10431654676258993
1 0.5017985611510791 0.43884892086330934 0.048561151079136694 0.12769784172661872
1 0.4694244604316547 0.32823741007194246 0.04136690647482014 0.08453237410071943
1 0.862410071942446 0.09892086330935251 0.05575539568345324 0.13129496402877697
1 0.0368705035971223 0.8794964028776978 0.0737410071942446 0.1510791366906475
1 0.3830935251798561 0.4550359712230216 0.03776978417266187 0.11690647482014388
1 0.45863309352517984 0.1420863309352518 0.044964028776978415 0.11690647482014388
1 0.5494604316546763 0.1591726618705036 0.050359712230215826 0.1420863309352518
1 0.39568345323741005 0.8525179856115108 0.06654676258992806 0.1618705035971223
1 0.7122302158273381 0.5089928057553957 0.03597122302158273 0.08633093525179857
1 0.3444244604316547 0.10161870503597123 0.048561151079136694 0.12050359712230216
1 0.862410071942446 0.3039568345323741 0.044964028776978415 0.07913669064748201
1 0.1052158273381295 0.954136690647482 0.10611510791366907 0.07913669064748201
1 0.026079136690647483 0.3444244604316547 0.050359712230215826 0.1618705035971223
1 0.9847122302158273 0.2131294964028777 0.030575539568345324 0.08812949640287769
1 0.13129496402877697 0.06205035971223022 0.04136690647482014 0.08992805755395683
1 0.35251798561151076 0.22032374100719423 0.039568345323741004 0.09172661870503597
1 0.8606115107913669 0.6735611510791367 0.09892086330935251 0.26618705035971224
1 0.5224820143884892 0.30845323741007197 0.050359712230215826 0.14388489208633093
1 0.9685251798561151 0.5422661870503597 0.06294964028776978 0.24280575539568344
1 0.9712230215827338 0.3381294964028777 0.05755395683453238 0.1510791366906475
1 0.7284172661870504 0.10431654676258993 0.0539568345323741 0.15827338129496402
1 0.8633093525179856 0.4721223021582734 0.05575539568345324 0.14028776978417265