1 0.5358361774744027 0.13737201365187712 0.06825938566552901 0.19965870307167236
1 0.5290102389078498 0.2841296928327645 0.042662116040955635 0.10238907849829351
1 0.590443686006826 0.6271331058020477 0.051194539249146756 0.11433447098976109
1 0.5639931740614335 0.38822525597269625 0.07508532423208192 0.17064846416382254
1 0.5878839590443686 0.23037542662116042 0.059726962457337884 0.15699658703071673
1 0.4300341296928328 0.1476109215017065 0.04607508532423208 0.11433447098976109
1 0.47696245733788395 0.2696245733788396 0.05631399317406143 0.13822525597269625
1 0.47013651877133106 0.17406143344709898 0.04436860068259386 0.10238907849829351
1 0.5187713310580204 0.5051194539249146 0.05631399317406143 0.11945392491467577
1 0.4872013651877133 0.07167235494880546 0.042662116040955635 0.1075085324232082
1 0.44197952218430037 0.552901023890785 0.06313993174061433 0.11433447098976109
1 0.3302047781569966 0.1015358361774744 0.06655290102389079 0.2030716723549488
1 0.37627986348122866 0.23378839590443687 0.05631399317406143 0.10238907849829351
1 0.6416382252559727 0.21160409556313994 0.059726962457337884 0.15017064846416384
1 0.3839590443686007 0.031569965870307165 0.04778156996587031 0.06313993174061433
1 0.4044368600682594 0.09982935153583618 0.03583617747440273 0.12457337883959044
1 0.5520477815699659 0.773037542662116 0.07679180887372014 0.1621160409556314
1 0.6988054607508533 0.5196245733788396 0.09897610921501707 0.19795221843003413
1 0.7542662116040956 0.37542662116040953 0.09726962457337884 0.14334470989761092
1 0.7935153583617748 0.7226962457337884 0.15358361774744028 0.1296928327645051
1 0.25597269624573377 0.32593856655290104 0.10238907849829351 0.19112627986348124
1 0.39505119453924914 0.34726962457337884 0.09044368600682594 0.13822525597269625
1 0.35580204778157 0.5017064846416383 0.08020477815699659 0.13822525597269625
1 0.14675767918088736 0.4325938566552901 0.13139931740614336 0.1416382252559727
1 0.24914675767918087 0.6245733788395904 0.1075085324232082 0.11433447098976109
1 0.8114334470989761 0.5307167235494881 0.11262798634812286 0.1945392491467577
1 0.818259385665529 0.189419795221843 0.15870307167235495 0.26621160409556316
1 0.7013651877133106 0.2030716723549488 0.07167235494880546 0.1757679180887372
1 0.962457337883959 0.33447098976109213 0.07508532423208192 0.17747440273037543
1 0.863481228668942 0.44197952218430037 0.11262798634812286 0.13822525597269625
1 0.9325938566552902 0.5571672354948806 0.1348122866894198 0.1348122866894198
1 0.658703071672355 0.8353242320819113 0.06313993174061433 0.10921501706484642
1 0.4522184300341297 0.924061433447099 0.05802047781569966 0.12116040955631399
1 0.4539249146757679 0.7986348122866894 0.05631399317406143 0.13822525597269625
1 0.49829351535836175 0.841296928327645 0.05460750853242321 0.14505119453924914
1 0.26621160409556316 0.1766211604095563 0.06313993174061433 0.10580204778156997
1 0.05631399317406143 0.26791808873720135 0.09044368600682594 0.09726962457337884
1 0.64419795221843 0.371160409556314 0.052901023890784986 0.11945392491467577