1 0.604089219330855 0.2258364312267658 0.13197026022304834 0.2732342007434944
1 0.5557620817843866 0.05297397769516728 0.08921933085501858 0.10594795539033457
1 0.6328996282527881 0.8754646840148699 0.10037174721189591 0.2342007434944238
1 0.3828996282527881 0.6719330855018587 0.09479553903345725 0.25650557620817843
1 0.6226765799256505 0.4888475836431227 0.10966542750929369 0.30297397769516726
1 0.9395910780669146 0.20724907063197026 0.09479553903345725 0.26765799256505574
1 0.7146840148698885 0.20817843866171004 0.11524163568773234 0.20817843866171004
1 0.3382899628252788 0.0604089219330855 0.16728624535315986 0.10966542750929369
1 0.7118959107806692 0.5762081784386617 0.10594795539033457 0.3828996282527881
1 0.25464684014869887 0.800185873605948 0.15613382899628253 0.3996282527881041
1 0.7946096654275093 0.7202602230483272 0.08736059479553904 0.20074349442379183
1 0.8773234200743495 0.7964684014869888 0.1171003717472119 0.34944237918215615
1 0.2936802973977695 0.24907063197026022 0.13382899628252787 0.3252788104089219
1 0.8178438661710037 0.8828996282527881 0.09107806691449814 0.18773234200743494
1 0.45539033457249073 0.3141263940520446 0.16356877323420074 0.4795539033457249
1 0.6394052044609665 0.020446096654275093 0.10408921933085502 0.040892193308550186
1 0.7899628252788105 0.31133828996282525 0.07992565055762081 0.1579925650557621
1 0.1979553903345725 0.2137546468401487 0.09479553903345725 0.24907063197026022
1 0.42936802973977695 0.7648698884758365 0.1412639405204461 0.47026022304832715
1 0.7639405204460966 0.4349442379182156 0.08921933085501858 0.24535315985130113
1 0.862453531598513 0.47769516728624534 0.10037174721189591 0.3308550185873606
1 0.6830855018587361 0.10223048327137546 0.12825278810408922 0.20446096654275092
1 0.29460966542750927 0.45353159851301117 0.16728624535315986 0.31970260223048325
1 0.5176579925650557 0.6682156133828996 0.1412639405204461 0.35687732342007433
1 0.08550185873605948 0.43308550185873607 0.17100371747211895 0.3643122676579926
1 0.7908921933085502 0.9544609665427509 0.07992565055762081 0.05018587360594796
1 0.10037174721189591 0.10315985130111524 0.20074349442379183 0.1579925650557621
1 0.9535315985130112 0.7723048327137546 0.08178438661710037 0.26394052044609667
1 0.9851301115241635 0.6765799256505576 0.02973977695167286 0.23048327137546468
1 0.8605947955390335 0.08921933085501858 0.08550185873605948 0.17843866171003717
1 0.7946096654275093 0.13475836431226765 0.10223048327137546 0.2695167286245353