1 0.0857843137254902 0.37663398692810457 0.07352941176470588 0.22058823529411764
1 0.2949346405228758 0.2434640522875817 0.08660130718954248 0.4869281045751634
1 0.017973856209150325 0.2434640522875817 0.03594771241830065 0.4869281045751634
1 0.6911764705882353 0.42892156862745096 0.2875816993464052 0.11601307189542484
1 0.2246732026143791 0.8480392156862745 0.22712418300653595 0.30392156862745096
1 0.886437908496732 0.6111111111111112 0.22712418300653595 0.24836601307189543
1 0.9084967320261438 0.7704248366013072 0.1830065359477124 0.4591503267973856
1 0.6200980392156863 0.6168300653594772 0.2696078431372549 0.25980392156862747
1 0.6045751633986928 0.7622549019607843 0.2777777777777778 0.46568627450980393
1 0.39705882352941174 0.7598039215686274 0.11764705882352941 0.4542483660130719
1 0.43218954248366015 0.6053921568627451 0.18790849673202614 0.2369281045751634