1 0.1957547169811321 0.7688679245283019 0.09905660377358491 0.1509433962264151
1 0.14229559748427673 0.889937106918239 0.13364779874213836 0.19968553459119498
1 0.3529874213836478 0.14858490566037735 0.05188679245283019 0.15566037735849056
1 0.6713836477987422 0.6210691823899371 0.10377358490566038 0.13522012578616352
1 0.2586477987421384 0.6894654088050315 0.07232704402515723 0.13522012578616352
1 0.07940251572327044 0.7625786163522013 0.10377358490566038 0.20440251572327045
1 0.48742138364779874 0.7814465408805031 0.09748427672955975 0.13364779874213836
1 0.3018867924528302 0.23034591194968554 0.06446540880503145 0.1761006289308176
1 0.40644654088050314 0.389937106918239 0.0440251572327044 0.0880503144654088
1 0.27908805031446543 0.35377358490566035 0.050314465408805034 0.11477987421383648
1 0.7932389937106918 0.3522012578616352 0.05188679245283019 0.12421383647798742
1 0.3608490566037736 0.3231132075471698 0.06761006289308176 0.139937106918239
1 0.360062893081761 0.789308176100629 0.0959119496855346 0.13522012578616352
1 0.7224842767295597 0.6965408805031447 0.0660377358490566 0.12578616352201258
1 0.4591194968553459 0.06367924528301887 0.04245283018867924 0.08647798742138364
1 0.42452830188679247 0.8757861635220126 0.0959119496855346 0.14779874213836477
1 0.8836477987421384 0.4992138364779874 0.055031446540880505 0.13364779874213836
1 0.684748427672956 0.5220125786163522 0.04559748427672956 0.08647798742138364
1 0.6619496855345912 0.22641509433962265 0.02830188679245283 0.08176100628930817
1 0.1391509433962264 0.3113207547169811 0.04716981132075472 0.09433962264150944
1 0.7515723270440252 0.23349056603773585 0.06918238993710692 0.17452830188679244
1 0.18553459119496854 0.45676100628930816 0.06132075471698113 0.10377358490566038
1 0.5165094339622641 0.8852201257861635 0.07075471698113207 0.13522012578616352
1 0.22641509433962265 0.514937106918239 0.06918238993710692 0.1430817610062893
1 0.5094339622641509 0.970125786163522 0.05660377358490566 0.059748427672955975
1 0.7224842767295597 0.8286163522012578 0.03773584905660377 0.08962264150943396
1 0.6705974842767296 0.15487421383647798 0.03773584905660377 0.09119496855345911
1 0.8860062893081762 0.3812893081761006 0.03930817610062893 0.10062893081761007
1 0.4056603773584906 0.9583333333333334 0.09119496855345911 0.08018867924528301
1 0.21776729559748428 0.6352201257861635 0.04716981132075472 0.10062893081761007
1 0.9441823899371069 0.45754716981132076 0.04716981132075472 0.1069182389937107
1 0.22248427672955975 0.2539308176100629 0.04245283018867924 0.08647798742138364
1 0.8144654088050315 0.23113207547169812 0.04874213836477988 0.14937106918238993
1 0.845125786163522 0.3694968553459119 0.04245283018867924 0.10062893081761007
1 0.6360062893081762 0.7397798742138365 0.07075471698113207 0.14779874213836477
1 0.5463836477987422 0.28459119496855345 0.031446540880503145 0.0880503144654088
1 0.39072327044025157 0.660377358490566 0.059748427672955975 0.12735849056603774
1 0.2279874213836478 0.04559748427672956 0.040880503144654086 0.09119496855345911
1 0.23977987421383648 0.18553459119496854 0.050314465408805034 0.12264150943396226
1 0.5534591194968553 0.6533018867924528 0.031446540880503145 0.08647798742138364
1 0.7327044025157232 0.1069182389937107 0.06918238993710692 0.19968553459119498
1 0.5778301886792453 0.07311320754716981 0.02830188679245283 0.09748427672955975
1 0.3018867924528302 0.8891509433962265 0.08962264150943396 0.1792452830188679
1 0.41273584905660377 0.27908805031446543 0.03459119496855346 0.10849056603773585
1 0.6415094339622641 0.2319182389937107 0.026729559748427674 0.08333333333333333
1 0.2531446540880503 0.07861635220125786 0.03930817610062893 0.09748427672955975
1 0.30345911949685533 0.6226415094339622 0.06761006289308176 0.14622641509433962
1 0.036949685534591194 0.02830188679245283 0.04559748427672956 0.05660377358490566
1 0.15172955974842767 0.20047169811320756 0.0330188679245283 0.09433962264150944
1 0.18632075471698112 0.17374213836477986 0.040880503144654086 0.09433962264150944
1 0.6690251572327044 0.08726415094339622 0.02358490566037736 0.06761006289308176
1 0.4740566037735849 0.6139937106918238 0.026729559748427674 0.07547169811320754
1 0.46147798742138363 0.13286163522012578 0.031446540880503145 0.09905660377358491
1 0.36242138364779874 0.9040880503144654 0.04559748427672956 0.07547169811320754
1 0.1792452830188679 0.23349056603773585 0.02358490566037736 0.050314465408805034
1 0.11871069182389937 0.14229559748427673 0.07389937106918239 0.1792452830188679
1 0.20361635220125787 0.3742138364779874 0.06761006289308176 0.10220125786163523
1 0.38757861635220126 0.10062893081761007 0.0440251572327044 0.14779874213836477
1 0.49528301886792453 0.026729559748427674 0.0440251572327044 0.05345911949685535
1 0.04323899371069182 0.37028301886792453 0.050314465408805034 0.07075471698113207
1 0.04323899371069182 0.60062893081761 0.08647798742138364 0.15723270440251572
1 0.5133647798742138 0.639937106918239 0.05345911949685535 0.1320754716981132
1 0.5102201257861635 0.3026729559748428 0.031446540880503145 0.07861635220125786
1 0.2893081761006289 0.06839622641509434 0.040880503144654086 0.1179245283018868
1 0.7193396226415094 0.9630503144654088 0.055031446540880505 0.07389937106918239
1 0.2759433962264151 0.44025157232704404 0.040880503144654086 0.0770440251572327
1 0.14622641509433962 0.030660377358490566 0.0440251572327044 0.06132075471698113
1 0.7586477987421384 0.41823899371069184 0.04245283018867924 0.08333333333333333
1 0.4488993710691824 0.5283018867924528 0.0330188679245283 0.08490566037735849
1 0.72562893081761 0.3977987421383648 0.036163522012578615 0.07547169811320754
1 0.5275157232704403 0.2169811320754717 0.0330188679245283 0.08333333333333333
1 0.7767295597484277 0.036949685534591194 0.040880503144654086 0.05660377358490566
1 0.425314465408805 0.16430817610062892 0.03930817610062893 0.11320754716981132
1 0.7397798742138365 0.35062893081761004 0.03930817610062893 0.09433962264150944
1 0.9795597484276729 0.324685534591195 0.036163522012578615 0.08333333333333333
1 0.4724842767295597 0.37971698113207547 0.036163522012578615 0.08490566037735849
1 0.4583333333333333 0.6816037735849056 0.06918238993710692 0.10220125786163523
1 0.9135220125786163 0.03773584905660377 0.02830188679245283 0.04874213836477988
1 0.26336477987421386 0.9418238993710691 0.08333333333333333 0.10377358490566038
1 0.5377358490566038 0.5078616352201258 0.0220125786163522 0.050314465408805034
1 0.7028301886792453 0.8639937106918238 0.029874213836477988 0.06446540880503145
1 0.64937106918239 0.3011006289308176 0.031446540880503145 0.10062893081761007
1 0.7940251572327044 0.12185534591194969 0.03773584905660377 0.08962264150943396
1 0.0880503144654088 0.036949685534591194 0.0660377358490566 0.07389937106918239
1 0.4449685534591195 0.20204402515723272 0.02830188679245283 0.0880503144654088
1 0.9504716981132075 0.2562893081761006 0.0660377358490566 0.15566037735849056
1 0.7908805031446541 0.8278301886792453 0.09905660377358491 0.19968553459119498
1 0.6729559748427673 0.41352201257861637 0.059748427672955975 0.15723270440251572
1 0.8930817610062893 0.2240566037735849 0.07075471698113207 0.1792452830188679