1 0.03125 0.2013888888888889 0.03819444444444445 0.09722222222222222
1 0.9392361111111112 0.2994791666666667 0.05381944444444445 0.09027777777777778
1 0.8116319444444444 0.1154513888888889 0.043402777777777776 0.0920138888888889
1 0.03211805555555555 0.5043402777777778 0.0642361111111111 0.15104166666666666
1 0.07899305555555555 0.1640625 0.052083333333333336 0.125
1 0.9618055555555556 0.3923611111111111 0.04513888888888889 0.08854166666666667
1 0.9019097222222222 0.07118055555555555 0.050347222222222224 0.10243055555555555
1 0.875 0.4053819444444444 0.04513888888888889 0.08680555555555555
1 0.5746527777777778 0.0920138888888889 0.05555555555555555 0.17881944444444445
1 0.9947916666666666 0.20572916666666666 0.010416666666666666 0.08159722222222222
1 0.8767361111111112 0.2586805555555556 0.057291666666666664 0.13194444444444445
1 0.7595486111111112 0.1762152777777778 0.029513888888888888 0.08159722222222222
1 0.921875 0.3880208333333333 0.043402777777777776 0.09722222222222222
1 0.8185763888888888 0.05555555555555555 0.03819444444444445 0.0798611111111111
1 0.03298611111111111 0.3116319444444444 0.052083333333333336 0.09722222222222222
1 0.4427083333333333 0.9270833333333334 0.06944444444444445 0.1440972222222222
1 0.7647569444444444 0.09722222222222222 0.036458333333333336 0.09722222222222222
1 0.9852430555555556 0.2873263888888889 0.029513888888888888 0.08854166666666667
1 0.9453125 0.07899305555555555 0.04513888888888889 0.0920138888888889
1 0.8159722222222222 0.6076388888888888 0.052083333333333336 0.0954861111111111
1 0.3376736111111111 0.9574652777777778 0.05381944444444445 0.07118055555555555
1 0.24479166666666666 0.022569444444444444 0.03819444444444445 0.04513888888888889
1 0.5425347222222222 0.030381944444444444 0.043402777777777776 0.059027777777777776
1 0.8784722222222222 0.03819444444444445 0.03298611111111111 0.03993055555555555
1 0.4149305555555556 0.026909722222222224 0.04861111111111111 0.05381944444444445
1 0.7630208333333334 0.6875 0.04513888888888889 0.10069444444444445
1 0.9895833333333334 0.4383680555555556 0.020833333333333332 0.07118055555555555
1 0.9887152777777778 0.4956597222222222 0.022569444444444444 0.07118055555555555
1 0.7170138888888888 0.03993055555555555 0.03125 0.06076388888888889
1 0.8515625 0.4644097222222222 0.03298611111111111 0.0642361111111111
1 0.9939236111111112 0.359375 0.012152777777777778 0.07291666666666667
1 0.3342013888888889 0.020833333333333332 0.03993055555555555 0.041666666666666664
1 0.7899305555555556 0.035590277777777776 0.036458333333333336 0.043402777777777776
1 0.7300347222222222 0.0876736111111111 0.03125 0.078125
1 0.9722222222222222 0.22569444444444445 0.03819444444444445 0.078125
1 0.12413194444444445 0.5164930555555556 0.05381944444444445 0.10590277777777778
1 0.6979166666666666 0.9427083333333334 0.06076388888888889 0.1076388888888889
1 0.6371527777777778 0.9565972222222222 0.0625 0.08680555555555555
1 0.609375 0.4574652777777778 0.059027777777777776 0.11979166666666667
1 0.2456597222222222 0.4852430555555556 0.06076388888888889 0.13020833333333334
1 0.3888888888888889 0.7699652777777778 0.078125 0.1701388888888889
1 0.4730902777777778 0.7612847222222222 0.06944444444444445 0.1684027777777778
1 0.09895833333333333 0.6484375 0.057291666666666664 0.13368055555555555
1 0.013020833333333334 0.7456597222222222 0.026041666666666668 0.11284722222222222