1 0.2029520295202952 0.1706642066420664 0.0959409594095941 0.3413284132841328
1 0.551660516605166 0.17896678966789667 0.35424354243542433 0.35793357933579334
1 0.3985239852398524 0.2896678966789668 0.04428044280442804 0.11623616236162361
1 0.1863468634686347 0.7075645756457565 0.3726937269372694 0.5738007380073801
1 0.3726937269372694 0.8809963099630996 0.03874538745387454 0.23062730627306274
1 0.3726937269372694 0.8837638376383764 0.03874538745387454 0.22509225092250923
1 0.9188191881918819 0.794280442804428 0.11439114391143912 0.4114391143911439
1 0.5350553505535055 0.9132841328413284 0.07749077490774908 0.17343173431734318
1 0.40313653136531363 0.8846863468634686 0.08856088560885608 0.22693726937269373
1 0.6549815498154982 0.9188191881918819 0.0959409594095941 0.16236162361623616
1 0.753690036900369 0.9464944649446494 0.06457564575645756 0.1070110701107011
1 0.8182656826568265 0.9095940959409594 0.05719557195571956 0.18081180811808117
1 0.8653136531365314 0.8044280442804428 0.046125461254612546 0.14944649446494465
1 0.8099630996309963 0.7702952029520295 0.03505535055350553 0.13284132841328414
1 0.7555350553505535 0.8044280442804428 0.06457564575645756 0.21955719557195572