1 0.76328125 0.4390625 0.046875 0.0765625
1 0.1640625 0.8703125 0.0578125 0.0953125
1 0.26640625 0.64453125 0.0546875 0.071875
1 0.76015625 0.75625 0.053125 0.0828125
1 0.4390625 0.82421875 0.0609375 0.0953125
1 0.22734375 0.81875 0.0375 0.0765625
1 0.50078125 0.85625 0.053125 0.1171875
1 0.115625 0.84609375 0.0421875 0.0765625
1 0.83046875 0.403125 0.05625 0.0796875
1 0.7515625 0.6140625 0.04375 0.0703125
1 0.89296875 0.6578125 0.05 0.0640625
1 0.8265625 0.33203125 0.040625 0.065625
1 0.38359375 0.40625 0.03125 0.065625
1 0.76953125 0.33515625 0.040625 0.0890625
1 0.7546875 0.51171875 0.05 0.0859375
1 0.4203125 0.9109375 0.0671875 0.1078125
1 0.33046875 0.9546875 0.0625 0.090625
1 0.19609375 0.62109375 0.0546875 0.0765625
1 0.19296875 0.971875 0.0484375 0.05625
1 0.23828125 0.9171875 0.06875 0.0875
1 0.259375 0.38125 0.0375 0.090625
1 0.46171875 0.31953125 0.0359375 0.065625
1 0.96875 0.571875 0.0421875 0.065625
1 0.2640625 0.58828125 0.0390625 0.0640625
1 0.86640625 0.94453125 0.0703125 0.1015625
1 0.1625 0.71328125 0.053125 0.090625
1 0.6109375 0.92109375 0.059375 0.1234375
1 0.19140625 0.7859375 0.0484375 0.0875
1 0.72265625 0.4125 0.0375 0.0734375
1 0.2734375 0.759375 0.0640625 0.075
1 0.39921875 0.740625 0.0421875 0.096875
1 0.06328125 0.67109375 0.046875 0.075
1 0.1265625 0.775 0.0390625 0.0734375
1 0.1125 0.67265625 0.046875 0.090625
1 0.4296875 0.26640625 0.0328125 0.0671875
1 0.92265625 0.51015625 0.040625 0.075
1 0.3875 0.56328125 0.0375 0.065625
1 0.7296875 0.3015625 0.0390625 0.08125
1 0.828125 0.64453125 0.05625 0.0859375
1 0.34921875 0.46171875 0.0359375 0.0734375
1 0.790625 0.10625 0.0265625 0.0546875
1 0.70546875 0.240625 0.0328125 0.0828125
1 0.48671875 0.546875 0.0390625 0.084375
1 0.29375 0.84296875 0.04375 0.09375
1 0.84921875 0.47421875 0.0515625 0.0859375
1 0.4203125 0.3328125 0.0359375 0.0703125
1 0.91640625 0.44765625 0.046875 0.0609375
1 0.42109375 0.57578125 0.034375 0.0734375
1 0.8 0.58984375 0.0453125 0.071875
1 0.03515625 0.834375 0.053125 0.0671875
1 0.271875 0.465625 0.0296875 0.078125
1 0.78515625 0.9171875 0.0515625 0.090625
1 0.3421875 0.69921875 0.05 0.071875
1 0.4515625 0.73359375 0.0375 0.0890625
1 0.68046875 0.45703125 0.0359375 0.0671875
1 0.46015625 0.3953125 0.0328125 0.078125
1 0.403125 0.66796875 0.0375 0.0765625
1 0.21640625 0.50546875 0.0546875 0.109375
1 0.35078125 0.76015625 0.0546875 0.09375
1 0.6921875 0.3046875 0.0265625 0.071875
1 0.23046875 0.41953125 0.03125 0.1015625
1 0.33125 0.3328125 0.0421875 0.075
1 0.846875 0.74140625 0.0515625 0.1046875
1 0.80703125 0.28515625 0.028125 0.0609375
1 0.92734375 0.34765625 0.0296875 0.0625
1 0.3359375 0.534375 0.0375 0.0703125
1 0.0859375 0.925 0.05625 0.0703125
1 0.96953125 0.42265625 0.0390625 0.0609375
1 0.534375 0.50546875 0.040625 0.0796875
1 0.71484375 0.48359375 0.0328125 0.08125
1 0.45390625 0.64375 0.0453125 0.0796875
1 0.25703125 0.97734375 0.0578125 0.0453125
1 0.3578125 0.884375 0.0484375 0.0890625
1 0.3734375 0.51640625 0.0359375 0.0703125
1 0.29375 0.5375 0.0375 0.0734375
1 0.0890625 0.603125 0.0421875 0.0640625
1 0.14609375 0.5671875 0.0546875 0.06875
1 0.3265625 0.62421875 0.0390625 0.0765625
1 0.76953125 0.25234375 0.03125 0.071875
1 0.8 0.2140625 0.025 0.0640625
1 0.21640625 0.3390625 0.034375 0.059375