1 0.2745253164556962 0.7373417721518988 0.14873417721518986 0.44462025316455694
1 0.1281645569620253 0.23259493670886075 0.22468354430379747 0.4651898734177215
1 0.4802215189873418 0.24920886075949367 0.18037974683544303 0.4810126582278481
1 0.627373417721519 0.7507911392405063 0.14082278481012658 0.4509493670886076
1 0.7792721518987342 0.7658227848101266 0.15981012658227847 0.4430379746835443
1 0.6518987341772152 0.2587025316455696 0.1550632911392405 0.46044303797468356
1 0.46439873417721517 0.7420886075949367 0.1819620253164557 0.47151898734177217
1 0.9367088607594937 0.26424050632911394 0.12658227848101267 0.47151898734177217
1 0.09651898734177215 0.7270569620253164 0.1930379746835443 0.4762658227848101
1 0.8037974683544303 0.2634493670886076 0.13924050632911392 0.4588607594936709
1 0.3125 0.23655063291139242 0.13132911392405064 0.4572784810126582
1 0.9272151898734177 0.7634493670886076 0.0981012658227848 0.4699367088607595