1 0.5901785714285714 0.06339285714285714 0.06964285714285715 0.12678571428571428
1 0.2330357142857143 0.2017857142857143 0.06607142857142857 0.125
1 0.2732142857142857 0.26517857142857143 0.048214285714285716 0.12321428571428572
1 0.32321428571428573 0.04732142857142857 0.0625 0.075
1 0.48482142857142857 0.40267857142857144 0.08214285714285714 0.15178571428571427
1 0.32410714285714287 0.39107142857142857 0.05714285714285714 0.1125
1 0.2794642857142857 0.41785714285714287 0.044642857142857144 0.1125
1 0.48125 0.24017857142857144 0.0875 0.20535714285714285
1 0.28482142857142856 0.56875 0.05 0.10714285714285714
1 0.8026785714285715 0.6276785714285714 0.04285714285714286 0.07857142857142857
1 0.7357142857142858 0.4589285714285714 0.06964285714285715 0.175
1 0.16160714285714287 0.4392857142857143 0.039285714285714285 0.09107142857142857
1 0.4205357142857143 0.03214285714285714 0.06785714285714285 0.05892857142857143
1 0.7491071428571429 0.5669642857142857 0.05178571428571429 0.07857142857142857
1 0.48392857142857143 0.5142857142857142 0.075 0.11428571428571428
1 0.06517857142857143 0.19464285714285715 0.06785714285714285 0.1357142857142857
1 0.11964285714285715 0.16071428571428573 0.05892857142857143 0.11607142857142858
1 0.18035714285714285 0.1375 0.04642857142857143 0.09107142857142857
1 0.22857142857142856 0.2857142857142857 0.04642857142857143 0.075
1 0.2794642857142857 0.7973214285714286 0.05 0.11607142857142858
1 0.8553571428571428 0.3223214285714286 0.06428571428571428 0.1357142857142857
1 0.08482142857142858 0.07767857142857143 0.055357142857142855 0.10357142857142858
1 0.9526785714285714 0.4348214285714286 0.05892857142857143 0.0875
1 0.3776785714285714 0.8830357142857143 0.0375 0.07142857142857142
1 0.6794642857142857 0.49375 0.05178571428571429 0.10178571428571428
1 0.8383928571428572 0.42142857142857143 0.0625 0.11607142857142858
1 0.19464285714285715 0.4133928571428571 0.044642857142857144 0.09464285714285714
1 0.9794642857142857 0.5776785714285714 0.04107142857142857 0.08035714285714286
1 0.027678571428571427 0.1125 0.055357142857142855 0.16428571428571428
1 0.7107142857142857 0.6026785714285714 0.05357142857142857 0.12142857142857143
1 0.9446428571428571 0.3205357142857143 0.05892857142857143 0.08035714285714286
1 0.26071428571428573 0.10982142857142857 0.06607142857142857 0.1357142857142857
1 0.23035714285714284 0.3625 0.05178571428571429 0.08928571428571429
1 0.9303571428571429 0.6098214285714286 0.044642857142857144 0.08571428571428572
1 0.26160714285714287 0.03571428571428571 0.06428571428571428 0.044642857142857144
1 0.40625 0.7107142857142857 0.033928571428571426 0.06785714285714285
1 0.1705357142857143 0.525 0.044642857142857144 0.1
1 0.34017857142857144 0.7392857142857143 0.04642857142857143 0.08392857142857142
1 0.3991071428571429 0.45267857142857143 0.09107142857142857 0.16428571428571428
1 0.1732142857142857 0.21160714285714285 0.05357142857142857 0.09107142857142857
1 0.7946428571428571 0.32589285714285715 0.06607142857142857 0.16071428571428573
1 0.6526785714285714 0.5401785714285714 0.044642857142857144 0.0875
1 0.40714285714285714 0.5598214285714286 0.044642857142857144 0.08214285714285714
1 0.9267857142857143 0.5446428571428571 0.04285714285714286 0.07678571428571429
1 0.32767857142857143 0.5178571428571429 0.05 0.09642857142857143
1 0.1455357142857143 0.7258928571428571 0.05 0.09285714285714286
1 0.5348214285714286 0.65 0.0625 0.12142857142857143
1 0.9964285714285714 0.6732142857142858 0.007142857142857143 0.07857142857142857
1 0.7901785714285714 0.4419642857142857 0.06428571428571428 0.11785714285714285
1 0.3625 0.6285714285714286 0.05 0.09464285714285714
1 0.7580357142857143 0.6285714285714286 0.044642857142857144 0.08571428571428572
1 0.3125 0.1625 0.09821428571428571 0.18035714285714285
1 0.9232142857142858 0.0875 0.08571428571428572 0.175
1 0.14017857142857143 0.37142857142857144 0.048214285714285716 0.10535714285714286
1 0.6473214285714286 0.6089285714285714 0.048214285714285716 0.09285714285714286
1 0.19553571428571428 0.7517857142857143 0.05 0.10357142857142858
1 0.11696428571428572 0.8901785714285714 0.0375 0.09285714285714286
1 0.21160714285714285 0.5214285714285715 0.060714285714285714 0.11428571428571428
1 0.46517857142857144 0.5839285714285715 0.04107142857142857 0.10178571428571428
1 0.84375 0.5357142857142857 0.048214285714285716 0.08928571428571429
1 0.4767857142857143 0.6517857142857143 0.0375 0.06607142857142857
1 0.7232142857142857 0.8339285714285715 0.05892857142857143 0.14642857142857144
1 0.32410714285714287 0.8982142857142857 0.05 0.12678571428571428
1 0.38125 0.3026785714285714 0.07142857142857142 0.19107142857142856
1 0.21339285714285713 0.08482142857142858 0.06607142857142857 0.1357142857142857
1 0.2544642857142857 0.5035714285714286 0.0375 0.08392857142857142
1 0.15535714285714286 0.7964285714285714 0.03571428571428571 0.08392857142857142
1 0.6053571428571428 0.5241071428571429 0.060714285714285714 0.15178571428571427
1 0.1767857142857143 0.32589285714285715 0.05357142857142857 0.11071428571428571
1 0.6517857142857143 0.13035714285714287 0.07142857142857142 0.20714285714285716
1 0.8883928571428571 0.16517857142857142 0.08035714285714286 0.21964285714285714