1 0.14606741573033707 0.954119850187266 0.11610486891385768 0.09176029962546817
1 0.10861423220973783 0.27153558052434457 0.21722846441947566 0.38202247191011235
1 0.2687265917602996 0.351123595505618 0.14232209737827714 0.31273408239700373
1 0.250936329588015 0.601123595505618 0.12172284644194757 0.23595505617977527
1 0.09925093632958802 0.5646067415730337 0.16104868913857678 0.26779026217228463
1 0.5805243445692884 0.600187265917603 0.2340823970037453 0.4250936329588015
1 0.8071161048689138 0.15917602996254682 0.2209737827715356 0.31835205992509363
1 0.802434456928839 0.46348314606741575 0.2340823970037453 0.4550561797752809
1 0.24344569288389514 0.8267790262172284 0.1441947565543071 0.28651685393258425
1 0.7443820224719101 0.7509363295880149 0.08801498127340825 0.2153558052434457
1 0.8754681647940075 0.7612359550561798 0.12734082397003746 0.2247191011235955
1 0.7200374531835206 0.8838951310861424 0.13670411985018727 0.2153558052434457
1 0.8267790262172284 0.9166666666666666 0.08052434456928839 0.13670411985018727
1 0.9681647940074907 0.802434456928839 0.06367041198501873 0.27902621722846443
1 0.9775280898876404 0.950374531835206 0.0449438202247191 0.05056179775280899