1 0.39388489208633093 0.31384892086330934 0.7338129496402878 0.6276978417266187
1 0.9811151079136691 0.07464028776978417 0.03776978417266187 0.07014388489208633
1 0.8219424460431655 0.046762589928057555 0.05935251798561151 0.046762589928057555
1 0.8965827338129496 0.05575539568345324 0.050359712230215826 0.048561151079136694
1 0.7922661870503597 0.06205035971223022 0.0737410071942446 0.08273381294964029
1 0.9109712230215827 0.11690647482014388 0.06115107913669065 0.16906474820143885
1 0.9919064748201439 0.08453237410071943 0.01618705035971223 0.08633093525179857
1 0.9694244604316546 0.12859712230215828 0.052158273381294966 0.1618705035971223
1 0.835431654676259 0.11780575539568346 0.09352517985611511 0.18525179856115107
1 0.8030575539568345 0.23201438848920863 0.048561151079136694 0.08992805755395683
1 0.7553956834532374 0.3120503597122302 0.0539568345323741 0.19784172661870503
1 0.9325539568345323 0.23381294964028776 0.06654676258992806 0.10971223021582734
1 0.8714028776978417 0.3012589928057554 0.06654676258992806 0.13848920863309352
1 0.9217625899280576 0.32014388489208634 0.052158273381294966 0.10611510791366907
1 0.8426258992805755 0.36510791366906475 0.04316546762589928 0.09532374100719425
1 0.7607913669064749 0.42356115107913667 0.050359712230215826 0.09532374100719425
1 0.8129496402877698 0.5323741007194245 0.0539568345323741 0.11510791366906475
1 0.7778776978417267 0.5287769784172662 0.04316546762589928 0.08992805755395683
1 0.7598920863309353 0.49640287769784175 0.044964028776978415 0.09532374100719425
1 0.7320143884892086 0.5062949640287769 0.03237410071942446 0.09172661870503597
1 0.7203237410071942 0.591726618705036 0.023381294964028777 0.08812949640287769
1 0.8084532374100719 0.5971223021582733 0.044964028776978415 0.07194244604316546
1 0.9901079136690647 0.22841726618705036 0.019784172661870502 0.19424460431654678
1 0.9847122302158273 0.4370503597122302 0.030575539568345324 0.1366906474820144
1 0.9325539568345323 0.4460431654676259 0.08992805755395683 0.19424460431654678
1 0.8884892086330936 0.4055755395683453 0.052158273381294966 0.08992805755395683
1 0.8534172661870504 0.454136690647482 0.03597122302158273 0.08812949640287769
1 0.8273381294964028 0.44244604316546765 0.03237410071942446 0.07194244604316546
1 0.8066546762589928 0.381294964028777 0.05935251798561151 0.13129496402877697
1 0.8812949640287769 0.5197841726618705 0.04136690647482014 0.10611510791366907
1 0.8534172661870504 0.5755395683453237 0.052158273381294966 0.10611510791366907
1 0.9001798561151079 0.5944244604316546 0.048561151079136694 0.10251798561151079
1 0.9487410071942446 0.6034172661870504 0.07733812949640288 0.18525179856115107
1 0.9829136690647482 0.6438848920863309 0.025179856115107913 0.13489208633093525
1 0.9289568345323741 0.7221223021582733 0.039568345323741004 0.0683453237410072
1 0.89568345323741 0.7239208633093526 0.0341726618705036 0.05575539568345324
1 0.8705035971223022 0.7185251798561151 0.04136690647482014 0.06474820143884892
1 0.8390287769784173 0.6519784172661871 0.03237410071942446 0.0683453237410072
1 0.9037769784172662 0.664568345323741 0.02877697841726619 0.06115107913669065
1 0.7464028776978417 0.6160071942446043 0.05575539568345324 0.12949640287769784
1 0.7922661870503597 0.6915467625899281 0.06294964028776978 0.10431654676258993
1 0.7535971223021583 0.7248201438848921 0.02158273381294964 0.030575539568345324
1 0.7383093525179856 0.7077338129496403 0.03237410071942446 0.06115107913669065
1 0.7131294964028777 0.697841726618705 0.02697841726618705 0.07553956834532374
1 0.5224820143884892 0.8507194244604317 0.35431654676258995 0.29136690647482016
1 0.7365107913669064 0.8669064748201439 0.12410071942446044 0.26618705035971224