1 0.7931309904153354 0.21964856230031948 0.09904153354632587 0.15175718849840256
1 0.8378594249201278 0.09664536741214058 0.13258785942492013 0.19329073482428116
1 0.6661341853035144 0.8562300319488818 0.051118210862619806 0.15814696485623003
1 0.31869009584664537 0.39456869009584666 0.10223642172523961 0.13578274760383385
1 0.7332268370607029 0.3027156549520767 0.07028753993610223 0.13738019169329074
1 0.9113418530351438 0.21964856230031948 0.10223642172523961 0.20607028753993611
1 0.4968051118210863 0.2220447284345048 0.09584664536741214 0.134185303514377
1 0.7140575079872205 0.7707667731629393 0.06230031948881789 0.17731629392971246
1 0.5998402555910544 0.6150159744408946 0.04153354632587859 0.0878594249201278
1 0.7300319488817891 0.6445686900958466 0.04952076677316294 0.11661341853035144
1 0.20926517571884984 0.6733226837060703 0.04952076677316294 0.12619808306709265
1 0.6493610223642172 0.6805111821086262 0.06869009584664537 0.14217252396166133
1 0.6253993610223643 0.20686900958466453 0.09424920127795527 0.13578274760383385
1 0.26198083067092653 0.32028753993610226 0.06389776357827476 0.12779552715654952
1 0.5630990415335463 0.9488817891373802 0.04153354632587859 0.08626198083067092
1 0.555111821086262 0.12300319488817892 0.09584664536741214 0.1485623003194888
1 0.10942492012779553 0.5295527156549521 0.052715654952076675 0.13578274760383385
1 0.30990415335463256 0.4952076677316294 0.04472843450479233 0.08626198083067092
1 0.34824281150159747 0.7939297124600639 0.027156549520766772 0.08146964856230032
1 0.8746006389776357 0.6805111821086262 0.0463258785942492 0.09424920127795527
1 0.2571884984025559 0.7915335463258786 0.0670926517571885 0.17731629392971246
1 0.8202875399361023 0.5351437699680511 0.06070287539936102 0.10543130990415335
1 0.46166134185303515 0.1182108626198083 0.06869009584664537 0.13738019169329074
1 0.7755591054313099 0.4784345047923323 0.06869009584664537 0.14696485623003194
1 0.46405750798722045 0.031150159744408944 0.05750798722044728 0.06230031948881789
1 0.25559105431309903 0.18610223642172524 0.036741214057507986 0.08945686900958466
1 0.34345047923322686 0.8666134185303515 0.036741214057507986 0.09105431309904154
1 0.1134185303514377 0.6485623003194888 0.038338658146964855 0.10063897763578275
1 0.5694888178913738 0.038338658146964855 0.09105431309904154 0.07667731629392971
1 0.7779552715654952 0.3562300319488818 0.0463258785942492 0.10223642172523961
1 0.050319488817891375 0.5750798722044729 0.0463258785942492 0.10702875399361023
1 0.7931309904153354 0.7428115015974441 0.04153354632587859 0.08626198083067092
1 0.19329073482428116 0.797923322683706 0.04792332268370607 0.1501597444089457
1 0.15495207667731628 0.6589456869009584 0.04153354632587859 0.10063897763578275
1 0.347444089456869 0.2715654952076677 0.07028753993610223 0.1501597444089457
1 0.46325878594249204 0.7292332268370607 0.03194888178913738 0.0878594249201278
1 0.6014376996805112 0.33945686900958466 0.05750798722044728 0.13099041533546327
1 0.7971246006389776 0.952076677316294 0.039936102236421724 0.08626198083067092
1 0.7795527156549521 0.8130990415335463 0.04792332268370607 0.12300319488817892
1 0.43610223642172524 0.35543130990415334 0.03194888178913738 0.08626198083067092
1 0.28115015974440893 0.9089456869009584 0.0670926517571885 0.18210862619808307
1 0.4424920127795527 0.944888178913738 0.027156549520766772 0.09744408945686901
1 0.6789137380191693 0.10223642172523961 0.0878594249201278 0.1805111821086262
1 0.5990415335463258 0.7276357827476039 0.03354632587859425 0.10862619808306709
1 0.36900958466453676 0.7875399361022364 0.025559105431309903 0.08466453674121406
1 0.7715654952076677 0.9225239616613419 0.038338658146964855 0.09744408945686901
1 0.6908945686900958 0.3730031948881789 0.0670926517571885 0.1485623003194888
1 0.9848242811501597 0.9616613418530351 0.03035143769968051 0.05750798722044728
1 0.8674121405750799 0.7931309904153354 0.03194888178913738 0.09424920127795527
1 0.8338658146964856 0.8226837060702875 0.039936102236421724 0.09424920127795527
1 0.34824281150159747 0.9353035143769968 0.023961661341853034 0.07028753993610223
1 0.5191693290734825 0.3913738019169329 0.025559105431309903 0.07667731629392971
1 0.5567092651757188 0.8785942492012779 0.03035143769968051 0.09904153354632587
1 0.6166134185303515 0.0902555910543131 0.04472843450479233 0.07507987220447285
1 0.8386581469648562 0.7619808306709265 0.023961661341853034 0.051118210862619806
1 0.9049520766773163 0.8506389776357828 0.07188498402555911 0.18210862619808307
1 0.8059105431309904 0.6198083067092651 0.06869009584664537 0.10383386581469649
1 0.634185303514377 0.9073482428115016 0.04313099041533546 0.1485623003194888
1 0.5287539936102237 0.9800319488817891 0.04313099041533546 0.038338658146964855
1 0.9688498402555911 0.615814696485623 0.04952076677316294 0.07188498402555911
1 0.9560702875399361 0.3801916932907348 0.08626198083067092 0.15814696485623003
1 0.4776357827476038 0.36661341853035145 0.051118210862619806 0.134185303514377
1 0.4992012779552716 0.7084664536741214 0.03035143769968051 0.07667731629392971
1 0.7356230031948882 0.9345047923322684 0.038338658146964855 0.1182108626198083
1 0.24840255591054314 0.04472843450479233 0.054313099041533544 0.08306709265175719
1 0.7284345047923323 0.5567092651757188 0.039936102236421724 0.07667731629392971
1 0.8801916932907349 0.9640575079872205 0.04313099041533546 0.05910543130990415
1 0.24041533546325877 0.604632587859425 0.04153354632587859 0.08306709265175719
1 0.549520766773163 0.4768370607028754 0.03194888178913738 0.08626198083067092
1 0.2755591054313099 0.6238019169329073 0.03514376996805112 0.07507987220447285
1 0.48562300319488816 0.7963258785942492 0.03194888178913738 0.08306709265175719
1 0.24041533546325877 0.9824281150159745 0.039936102236421724 0.03514376996805112
1 0.5926517571884984 0.8442492012779552 0.038338658146964855 0.1134185303514377
1 0.26357827476038337 0.6725239616613419 0.038338658146964855 0.09424920127795527
1 0.02156549520766773 0.7116613418530351 0.03514376996805112 0.08306709265175719
1 0.5327476038338658 0.6285942492012779 0.03514376996805112 0.08466453674121406
1 0.5311501597444089 0.3210862619808307 0.06869009584664537 0.10383386581469649
1 0.10303514376996806 0.987220447284345 0.027156549520766772 0.025559105431309903
1 0.7140575079872205 0.04952076677316294 0.08306709265175719 0.09904153354632587
1 0.46006389776357826 0.5023961661341853 0.022364217252396165 0.051118210862619806
1 0.2731629392971246 0.14936102236421725 0.03194888178913738 0.06389776357827476
1 0.35782747603833864 0.7172523961661342 0.03194888178913738 0.10063897763578275
1 0.22044728434504793 0.9073482428115016 0.036741214057507986 0.08945686900958466
1 0.9408945686900958 0.9552715654952076 0.06549520766773163 0.07507987220447285
1 0.5702875399361023 0.8075079872204473 0.027156549520766772 0.0878594249201278
1 0.054313099041533544 0.7795527156549521 0.06549520766773163 0.15814696485623003
1 0.18610223642172524 0.19089456869009586 0.09744408945686901 0.19968051118210864
1 0.3274760383386581 0.6054313099041534 0.05910543130990415 0.1597444089456869
1 0.11501597444089456 0.8083067092651757 0.06869009584664537 0.18210862619808307