1 0.5049833887043189 0.09551495016611296 0.059800664451827246 0.19102990033222592
1 0.6196013289036545 0.9568106312292359 0.061461794019933555 0.08471760797342193
1 0.5099667774086378 0.23920265780730898 0.03820598006644518 0.09800664451827243
1 0.5921926910299004 0.5672757475083057 0.046511627906976744 0.10963455149501661
1 0.5506644518272426 0.3372093023255814 0.0681063122923588 0.1644518272425249
1 0.5622923588039868 0.18272425249169436 0.053156146179401995 0.15282392026578073
1 0.40448504983388706 0.11295681063122924 0.04152823920265781 0.10963455149501661
1 0.457641196013289 0.22840531561461794 0.04983388704318937 0.132890365448505
1 0.44435215946843853 0.13538205980066445 0.03986710963455149 0.09800664451827243
1 0.5141196013289037 0.4543189368770764 0.04983388704318937 0.11461794019933555
1 0.45348837209302323 0.04318936877076412 0.03820598006644518 0.08471760797342193
1 0.4426910299003322 0.5049833887043189 0.05813953488372093 0.10963455149501661
1 0.30398671096345514 0.08803986710963455 0.05813953488372093 0.17109634551495018
1 0.3579734219269103 0.20016611295681064 0.05149501661129568 0.09966777408637874
1 0.6137873754152824 0.1611295681063123 0.053156146179401995 0.1461794019933555
1 0.3521594684385382 0.018272425249169437 0.04318936877076412 0.03156146179401993
1 0.37624584717607973 0.0681063122923588 0.029900332225913623 0.11960132890365449
1 0.5647840531561462 0.7117940199335548 0.06976744186046512 0.15614617940199335
1 0.6901993355481728 0.45598006644518274 0.08970099667774087 0.1893687707641196
1 0.7342192691029901 0.3122923588039867 0.08970099667774087 0.1362126245847176
1 0.7956810631229236 0.6470099667774086 0.14451827242524917 0.1212624584717608
1 0.24750830564784054 0.2973421926910299 0.09302325581395349 0.18272425249169436
1 0.38372093023255816 0.3089700996677741 0.08305647840531562 0.132890365448505
1 0.3554817275747508 0.46179401993355484 0.07308970099667775 0.132890365448505
1 0.1478405315614618 0.40863787375415284 0.12292358803986711 0.132890365448505
1 0.260797342192691 0.5880398671096345 0.10132890365448505 0.1079734219269103
1 0.7998338870431894 0.45930232558139533 0.10299003322259136 0.18604651162790697
1 0.7832225913621262 0.1270764119601329 0.1461794019933555 0.2541528239202658
1 0.6710963455149501 0.1478405315614618 0.06478405315614617 0.16943521594684385
1 0.9485049833887044 0.25830564784053156 0.09800664451827243 0.17109634551495018
1 0.8446843853820598 0.3696013289036545 0.10465116279069768 0.13122923588039867
1 0.9285714285714286 0.47674418604651164 0.14285714285714285 0.12624584717607973
1 0.6727574750830565 0.7649501661129569 0.05813953488372093 0.10465116279069768
1 0.47840531561461797 0.8654485049833887 0.05149501661129568 0.11794019933554817
1 0.47093023255813954 0.7433554817275747 0.04983388704318937 0.132890365448505
1 0.5174418604651163 0.782392026578073 0.04817275747508306 0.13953488372093023
1 0.24750830564784054 0.15199335548172757 0.05813953488372093 0.10132890365448505
1 0.049003322259136214 0.2549833887043189 0.08471760797342193 0.09136212624584718
1 0.6270764119601329 0.31478405315614616 0.046511627906976744 0.11461794019933555