1 0.7697594501718213 0.45103092783505155 0.05326460481099656 0.0859106529209622
1 0.11941580756013746 0.936426116838488 0.06529209621993128 0.10652920962199312
1 0.22766323024054982 0.686426116838488 0.061855670103092786 0.08075601374570447
1 0.7723367697594502 0.7998281786941581 0.06013745704467354 0.09278350515463918
1 0.4209621993127148 0.8805841924398625 0.06872852233676977 0.10652920962199312
1 0.18814432989690721 0.8780068728522337 0.0429553264604811 0.08419243986254296
1 0.4888316151202749 0.9140893470790378 0.06013745704467354 0.13058419243986255
1 0.06529209621993128 0.9106529209621993 0.048109965635738834 0.08419243986254296
1 0.8427835051546392 0.4097938144329897 0.06357388316151202 0.08934707903780069
1 0.7603092783505154 0.6434707903780069 0.04982817869415808 0.07731958762886598
1 0.9166666666666666 0.6890034364261168 0.05670103092783505 0.07216494845360824
1 0.8376288659793815 0.3316151202749141 0.04639175257731959 0.07216494845360824
1 0.35137457044673537 0.4218213058419244 0.03608247422680412 0.07216494845360824
1 0.7749140893470791 0.33591065292096217 0.04639175257731959 0.0979381443298969
1 0.7620274914089347 0.5309278350515464 0.05670103092783505 0.09621993127147767
1 0.40034364261168387 0.9570446735395189 0.07560137457044673 0.0859106529209622
1 0.3024054982817869 0.9871134020618557 0.06872852233676977 0.02577319587628866
1 0.14948453608247422 0.6615120274914089 0.061855670103092786 0.0859106529209622
1 0.20017182130584193 0.968213058419244 0.07731958762886598 0.06357388316151202
1 0.21477663230240548 0.39690721649484534 0.0429553264604811 0.09965635738831616
1 0.43556701030927836 0.3247422680412371 0.041237113402061855 0.07216494845360824
1 0.9862542955326461 0.5927835051546392 0.027491408934707903 0.07216494845360824
1 0.22336769759450173 0.6245704467353952 0.044673539518900345 0.070446735395189
1 0.8926116838487973 0.9707903780068728 0.07731958762886598 0.04639175257731959
1 0.11426116838487972 0.7637457044673539 0.06013745704467354 0.1013745704467354
1 0.6108247422680413 0.9570446735395189 0.06701030927835051 0.08419243986254296
1 0.14776632302405499 0.8427835051546392 0.054982817869415807 0.0979381443298969
1 0.7242268041237113 0.4218213058419244 0.0429553264604811 0.08075601374570447
1 0.23711340206185566 0.8118556701030928 0.07216494845360824 0.08419243986254296
1 0.3754295532646048 0.7895189003436426 0.048109965635738834 0.10652920962199312
1 0.01632302405498282 0.718213058419244 0.027491408934707903 0.08247422680412371
1 0.07646048109965636 0.8324742268041238 0.044673539518900345 0.08075601374570447
1 0.058419243986254296 0.7199312714776632 0.05326460481099656 0.1013745704467354
1 0.39948453608247425 0.26718213058419243 0.037800687285223365 0.07388316151202749
1 0.9467353951890034 0.5257731958762887 0.04639175257731959 0.08247422680412371
1 0.359106529209622 0.5945017182130584 0.0429553264604811 0.07216494845360824
1 0.7302405498281787 0.29982817869415807 0.044673539518900345 0.08934707903780069
1 0.845360824742268 0.6752577319587629 0.06357388316151202 0.09621993127147767
1 0.31529209621993126 0.4836769759450172 0.041237113402061855 0.08075601374570447
1 0.7938144329896907 0.08419243986254296 0.030927835051546393 0.06013745704467354
1 0.7027491408934707 0.23367697594501718 0.037800687285223365 0.09106529209621993
1 0.468213058419244 0.5747422680412371 0.044673539518900345 0.09278350515463918
1 0.2611683848797251 0.9037800687285223 0.04982817869415808 0.10309278350515463
1 0.8651202749140894 0.4879725085910653 0.058419243986254296 0.09621993127147767
1 0.390893470790378 0.3402061855670103 0.041237113402061855 0.07731958762886598
1 0.9381443298969072 0.4570446735395189 0.05326460481099656 0.06872852233676977
1 0.3960481099656357 0.6073883161512027 0.03951890034364261 0.08075601374570447
1 0.8127147766323024 0.615979381443299 0.05154639175257732 0.07903780068728522
1 0.23024054982817868 0.4888316151202749 0.03436426116838488 0.0859106529209622
1 0.802405498281787 0.9604810996563574 0.058419243986254296 0.070446735395189
1 0.3118556701030928 0.7448453608247423 0.05670103092783505 0.08075601374570447
1 0.4329896907216495 0.7800687285223368 0.0429553264604811 0.0979381443298969
1 0.6786941580756014 0.47164948453608246 0.041237113402061855 0.07388316151202749
1 0.43556701030927836 0.40807560137457044 0.037800687285223365 0.0859106529209622
1 0.37800687285223367 0.7096219931271478 0.0429553264604811 0.08419243986254296
1 0.17010309278350516 0.5343642611683849 0.061855670103092786 0.12199312714776632
1 0.32216494845360827 0.8118556701030928 0.061855670103092786 0.10481099656357389
1 0.6890034364261168 0.30412371134020616 0.030927835051546393 0.07903780068728522
1 0.18384879725085912 0.43900343642611683 0.03608247422680412 0.11168384879725086
1 0.2929553264604811 0.34192439862542956 0.048109965635738834 0.08247422680412371
1 0.8676975945017182 0.781786941580756 0.058419243986254296 0.11683848797250859
1 0.8152920962199313 0.2809278350515464 0.03264604810996564 0.06701030927835051
1 0.9484536082474226 0.3470790378006873 0.03436426116838488 0.06872852233676977
1 0.3015463917525773 0.563573883161512 0.0429553264604811 0.07731958762886598
1 0.03608247422680412 0.9785223367697594 0.058419243986254296 0.0429553264604811
1 0.9871134020618557 0.42869415807560135 0.02577319587628866 0.06701030927835051
1 0.5197594501718213 0.5283505154639175 0.04639175257731959 0.08762886597938144
1 0.7173539518900344 0.5008591065292096 0.037800687285223365 0.08934707903780069
1 0.4338487972508591 0.6812714776632303 0.05154639175257732 0.08762886597938144
1 0.3324742268041237 0.947594501718213 0.054982817869415807 0.09965635738831616
1 0.3427835051546392 0.5429553264604811 0.041237113402061855 0.07731958762886598
1 0.2551546391752577 0.5678694158075601 0.0429553264604811 0.08075601374570447
1 0.03178694158075601 0.6443298969072165 0.048109965635738834 0.070446735395189
1 0.0936426116838488 0.6030927835051546 0.061855670103092786 0.07731958762886598
1 0.2929553264604811 0.6623711340206185 0.044673539518900345 0.08419243986254296
1 0.7731958762886598 0.24484536082474226 0.03608247422680412 0.07903780068728522
1 0.8058419243986255 0.2027491408934708 0.029209621993127148 0.070446735395189
1 0.16666666666666666 0.35137457044673537 0.03951890034364261 0.06529209621993128