1 0.7711864406779662 0.47796610169491527 0.05593220338983051 0.08644067796610169
1 0.08983050847457627 0.8991525423728813 0.06949152542372881 0.10677966101694915
1 0.21779661016949153 0.6627118644067796 0.06440677966101695 0.08135593220338982
1 0.7432203389830508 0.8211864406779661 0.06440677966101695 0.09322033898305085
1 0.3906779661016949 0.8703389830508474 0.07288135593220339 0.10847457627118644
1 0.16186440677966102 0.8483050847457627 0.04576271186440678 0.08644067796610169
1 0.45508474576271185 0.9093220338983051 0.06610169491525424 0.13050847457627118
1 0.03898305084745763 0.8694915254237288 0.05084745762711865 0.08644067796610169
1 0.8466101694915255 0.4440677966101695 0.06610169491525424 0.08983050847457627
1 0.7449152542372881 0.6669491525423729 0.05254237288135593 0.07966101694915254
1 0.8949152542372881 0.7245762711864406 0.059322033898305086 0.07288135593220339
1 0.847457627118644 0.36694915254237287 0.04915254237288136 0.07457627118644068
1 0.36271186440677966 0.4135593220338983 0.03898305084745763 0.07288135593220339
1 0.785593220338983 0.36610169491525424 0.05084745762711865 0.1
1 0.7559322033898305 0.5559322033898305 0.061016949152542375 0.09661016949152543
1 0.3644067796610169 0.9474576271186441 0.07966101694915254 0.09322033898305085
1 0.2652542372881356 0.9694915254237289 0.06949152542372881 0.03559322033898305
1 0.14322033898305084 0.6322033898305085 0.06440677966101695 0.08644067796610169
1 0.1669491525423729 0.9432203389830508 0.07966101694915254 0.07457627118644068
1 0.22966101694915253 0.3771186440677966 0.04745762711864407 0.1016949152542373
1 0.4533898305084746 0.326271186440678 0.04406779661016949 0.07457627118644068
1 0.9754237288135593 0.6372881355932203 0.03728813559322034 0.07288135593220339
1 0.21949152542372882 0.6016949152542372 0.04745762711864407 0.07288135593220339
1 0.8466101694915255 0.9872881355932204 0.07966101694915254 0.025423728813559324
1 0.1 0.7296610169491525 0.06440677966101695 0.1016949152542373
1 0.5703389830508474 0.9593220338983051 0.06949152542372881 0.08135593220338982
1 0.12542372881355932 0.8101694915254237 0.059322033898305086 0.09830508474576272
1 0.7288135593220338 0.44661016949152543 0.04576271186440678 0.08305084745762711
1 0.21694915254237288 0.7872881355932203 0.07457627118644068 0.08644067796610169
1 0.35423728813559324 0.7771186440677966 0.05254237288135593 0.10847457627118644
1 0.011016949152542373 0.6754237288135593 0.022033898305084745 0.08305084745762711
1 0.05677966101694915 0.7932203389830509 0.04745762711864407 0.08305084745762711
1 0.04915254237288136 0.6813559322033899 0.0576271186440678 0.1016949152542373
1 0.4228813559322034 0.26610169491525426 0.04067796610169491 0.07457627118644068
1 0.938135593220339 0.5669491525423729 0.04915254237288136 0.0847457627118644
1 0.3550847457627119 0.5838983050847457 0.04576271186440678 0.07457627118644068
1 0.7449152542372881 0.3271186440677966 0.04915254237288136 0.09152542372881356
1 0.8254237288135593 0.7050847457627119 0.06779661016949153 0.09661016949152543
1 0.3211864406779661 0.4711864406779661 0.04406779661016949 0.08135593220338982
1 0.8254237288135593 0.12033898305084746 0.03220338983050847 0.061016949152542375
1 0.7228813559322034 0.2593220338983051 0.0423728813559322 0.09152542372881356
1 0.4635593220338983 0.573728813559322 0.04915254237288136 0.09491525423728814
1 0.23220338983050848 0.8796610169491526 0.05423728813559322 0.10508474576271186
1 0.8610169491525423 0.5228813559322034 0.06271186440677966 0.09661016949152543
1 0.4076271186440678 0.33728813559322035 0.04406779661016949 0.07796610169491526
1 0.9355932203389831 0.49915254237288137 0.05593220338983051 0.06949152542372881
1 0.3898305084745763 0.6 0.0423728813559322 0.08135593220338982
1 0.7991525423728814 0.6440677966101694 0.05423728813559322 0.08135593220338982
1 0.23728813559322035 0.4694915254237288 0.03728813559322034 0.08644067796610169
1 0.7593220338983051 0.9728813559322034 0.061016949152542375 0.05423728813559322
1 0.2957627118644068 0.7279661016949153 0.059322033898305086 0.08135593220338982
1 0.4110169491525424 0.7728813559322034 0.04745762711864407 0.1
1 0.6796610169491526 0.4915254237288136 0.04406779661016949 0.07457627118644068
1 0.4457627118644068 0.4076271186440678 0.04067796610169491 0.08644067796610169
1 0.3635593220338983 0.6983050847457627 0.04576271186440678 0.08644067796610169
1 0.17372881355932204 0.5084745762711864 0.06779661016949153 0.12203389830508475
1 0.3 0.7940677966101695 0.06610169491525424 0.10508474576271186
1 0.7042372881355933 0.3271186440677966 0.03389830508474576 0.07966101694915254
1 0.19576271186440677 0.41694915254237286 0.04067796610169491 0.11186440677966102
1 0.31101694915254235 0.3305084745762712 0.05084745762711865 0.0847457627118644
1 0.838135593220339 0.811864406779661 0.06440677966101695 0.11694915254237288
1 0.8296610169491525 0.3152542372881356 0.03559322033898305 0.06779661016949153
1 0.9550847457627119 0.39152542372881355 0.03728813559322034 0.06949152542372881
1 0.3008474576271186 0.5491525423728814 0.04576271186440678 0.07966101694915254
1 0.01694915254237288 0.9398305084745763 0.03389830508474576 0.05593220338983051
1 0.985593220338983 0.4745762711864407 0.0288135593220339 0.06779661016949153
1 0.5177966101694915 0.5330508474576271 0.04915254237288136 0.08983050847457627
1 0.7152542372881356 0.5228813559322034 0.0423728813559322 0.08983050847457627
1 0.42033898305084744 0.676271186440678 0.05423728813559322 0.08983050847457627
1 0.2983050847457627 0.9296610169491526 0.059322033898305086 0.1
1 0.3432203389830508 0.5322033898305085 0.04406779661016949 0.07796610169491526
1 0.25508474576271184 0.5491525423728814 0.04576271186440678 0.08305084745762711
1 0.0288135593220339 0.6050847457627119 0.05084745762711865 0.07288135593220339
1 0.09322033898305085 0.5703389830508474 0.06440677966101695 0.07796610169491526
1 0.2838983050847458 0.6457627118644068 0.04745762711864407 0.08644067796610169
1 0.7915254237288135 0.27627118644067794 0.03898305084745763 0.07966101694915254
1 0.8279661016949152 0.23728813559322035 0.03220338983050847 0.0711864406779661
1 0.1864406779661017 0.3288135593220339 0.0423728813559322 0.06610169491525424