1 0.42950819672131146 0.5008196721311475 0.12131147540983607 0.24098360655737705
1 0.22295081967213115 0.09918032786885246 0.12459016393442623 0.17049180327868851
1 0.23688524590163934 0.7721311475409836 0.05245901639344262 0.13442622950819672
1 0.24262295081967214 0.5598360655737705 0.1 0.21147540983606558
1 0.06147540983606557 0.4385245901639344 0.12295081967213115 0.6377049180327868
1 0.09754098360655737 0.10163934426229508 0.16721311475409836 0.15901639344262294
1 0.7680327868852459 0.08278688524590164 0.11311475409836065 0.16557377049180327
1 0.6983606557377049 0.1860655737704918 0.12131147540983607 0.3721311475409836
1 0.24262295081967214 0.2836065573770492 0.1360655737704918 0.24754098360655738
1 0.8762295081967213 0.21885245901639344 0.11147540983606558 0.19508196721311474
1 0.45819672131147543 0.11147540983606558 0.12622950819672132 0.22295081967213115
1 0.40737704918032785 0.2 0.08688524590163935 0.16229508196721312
1 0.3877049180327869 0.7081967213114754 0.07213114754098361 0.10327868852459017