1 0.15427215189873417 0.23813291139240506 0.3022151898734177 0.4224683544303797
1 0.6629746835443038 0.2389240506329114 0.41455696202531644 0.4778481012658228
1 0.39556962025316456 0.4920886075949367 0.0981012658227848 0.07911392405063292
1 0.4161392405063291 0.5055379746835443 0.07911392405063292 0.10284810126582279
1 0.23496835443037975 0.9564873417721519 0.05063291139240506 0.06329113924050633
1 0.023734177215189875 0.5276898734177216 0.04746835443037975 0.13449367088607594
1 0.3346518987341772 0.4897151898734177 0.07120253164556962 0.07911392405063292
1 0.10284810126582279 0.4723101265822785 0.09651898734177215 0.06962025316455696
1 0.28560126582278483 0.9129746835443038 0.06645569620253164 0.15664556962025317
1 0.18354430379746836 0.7610759493670886 0.04430379746835443 0.08860759493670886
1 0.31091772151898733 0.7990506329113924 0.05379746835443038 0.11550632911392406
1 0.003955696202531646 0.8014240506329114 0.007911392405063292 0.125
1 0.2286392405063291 0.8291139240506329 0.07278481012658228 0.14240506329113925
1 0.23022151898734178 0.47943037974683544 0.0949367088607595 0.07120253164556962
1 0.015822784810126583 0.47468354430379744 0.03164556962025317 0.08227848101265822
1 0.16218354430379747 0.47943037974683544 0.0949367088607595 0.07753164556962025
1 0.00870253164556962 0.6574367088607594 0.01740506329113924 0.13449367088607594
1 0.007120253164556962 0.627373417721519 0.014240506329113924 0.08702531645569621
1 0.005537974683544304 0.9034810126582279 0.011075949367088608 0.14240506329113925
1 0.4074367088607595 0.696993670886076 0.06329113924050633 0.1060126582278481
1 0.07041139240506329 0.47151898734177217 0.06962025316455696 0.06962025316455696
1 0.3670886075949367 0.6376582278481012 0.07278481012658228 0.14715189873417722
1 0.07515822784810126 0.4541139240506329 0.056962025316455694 0.03481012658227848
1 0.00949367088607595 0.4564873417721519 0.01740506329113924 0.04430379746835443
1 0.18037974683544303 0.46360759493670883 0.09018987341772151 0.04430379746835443
1 0.37816455696202533 0.5174050632911392 0.0490506329113924 0.10284810126582279
1 0.005537974683544304 0.7009493670886076 0.011075949367088608 0.10759493670886076
1 0.3662974683544304 0.9003164556962026 0.04430379746835443 0.08702531645569621
1 0.01661392405063291 0.47072784810126583 0.03322784810126582 0.07436708860759493
1 0.04113924050632911 0.8639240506329114 0.03481012658227848 0.08860759493670886
1 0.20332278481012658 0.49841772151898733 0.061708860759493674 0.11075949367088607
1 0.34889240506329117 0.9501582278481012 0.05063291139240506 0.08702531645569621
1 0.040348101265822785 0.4936708860759494 0.03481012658227848 0.08702531645569621
1 0.28560126582278483 0.4936708860759494 0.08860759493670886 0.09335443037974683
1 0.17563291139240506 0.8718354430379747 0.0379746835443038 0.10917721518987342
1 0.2911392405063291 0.5276898734177216 0.07120253164556962 0.14873417721518986
1 0.42563291139240506 0.9525316455696202 0.014240506329113924 0.08860759493670886
1 0.40110759493670883 0.9651898734177216 0.04113924050632911 0.061708860759493674
1 0.1194620253164557 0.5340189873417721 0.02689873417721519 0.07753164556962025
1 0.125 0.9746835443037974 0.028481012658227847 0.014240506329113924
1 0.2254746835443038 0.46439873417721517 0.04430379746835443 0.0379746835443038
1 0.4098101265822785 0.9224683544303798 0.02531645569620253 0.05221518987341772
1 0.38686708860759494 0.7800632911392406 0.07120253164556962 0.10443037974683544
1 0.08069620253164557 0.507120253164557 0.055379746835443035 0.13449367088607594
1 0.07753164556962025 0.8465189873417721 0.03164556962025317 0.07753164556962025
1 0.013449367088607595 0.45569620253164556 0.02531645569620253 0.04272151898734177
1 0.31566455696202533 0.7120253164556962 0.04113924050632911 0.07753164556962025
1 0.0031645569620253164 0.7333860759493671 0.006329113924050633 0.08386075949367089
1 0.14319620253164558 0.6210443037974683 0.03481012658227848 0.08702531645569621
1 0.05933544303797468 0.932753164556962 0.03481012658227848 0.08386075949367089
1 0.16139240506329114 0.9564873417721519 0.03955696202531646 0.05379746835443038
1 0.11629746835443038 0.7697784810126582 0.0379746835443038 0.08544303797468354
1 0.13528481012658228 0.4786392405063291 0.06962025316455696 0.07753164556962025
1 0.3227848101265823 0.47705696202531644 0.08386075949367089 0.056962025316455694
1 0.05379746835443038 0.6400316455696202 0.023734177215189875 0.05221518987341772
1 0.007911392405063292 0.4501582278481013 0.014240506329113924 0.03164556962025317
1 0.14082278481012658 0.9430379746835443 0.030063291139240507 0.07911392405063292
1 0.005537974683544304 0.9003164556962026 0.011075949367088608 0.14873417721518986
1 0.022943037974683545 0.4833860759493671 0.04588607594936709 0.09968354430379747
1 0.007911392405063292 0.7357594936708861 0.015822784810126583 0.15822784810126583
1 0.005537974683544304 0.9090189873417721 0.011075949367088608 0.13132911392405064
1 0.9699367088607594 0.6210443037974683 0.056962025316455694 0.14715189873417722