1 0.05458860759493671 0.26186708860759494 0.0490506329113924 0.09018987341772151
1 0.8924050632911392 0.24841772151898733 0.0490506329113924 0.08386075949367089
1 0.7563291139240507 0.09572784810126582 0.04113924050632911 0.08386075949367089
1 0.09335443037974683 0.5348101265822784 0.06487341772151899 0.13765822784810128
1 0.09889240506329114 0.22072784810126583 0.0490506329113924 0.11550632911392406
1 0.9232594936708861 0.3291139240506329 0.04113924050632911 0.08069620253164557
1 0.8330696202531646 0.04667721518987342 0.0490506329113924 0.09335443037974683
1 0.8465189873417721 0.3512658227848101 0.04113924050632911 0.07911392405063292
1 0.5403481012658228 0.09651898734177215 0.05379746835443038 0.17405063291139242
1 0.946993670886076 0.15664556962025317 0.03955696202531646 0.07436708860759493
1 0.8314873417721519 0.21835443037974683 0.05379746835443038 0.12183544303797468
1 0.7159810126582279 0.15664556962025317 0.028481012658227847 0.07436708860759493
1 0.8868670886075949 0.3299050632911392 0.04113924050632911 0.08860759493670886
1 0.757120253164557 0.0379746835443038 0.03639240506329114 0.0759493670886076
1 0.07278481012658228 0.35917721518987344 0.05221518987341772 0.09018987341772151
1 0.5150316455696202 0.8813291139240507 0.06645569620253164 0.1518987341772152
1 0.7120253164556962 0.08465189873417721 0.03481012658227848 0.08860759493670886
1 0.9382911392405063 0.23259493670886075 0.0379746835443038 0.08069620253164557
1 0.8734177215189873 0.048259493670886076 0.04272151898734177 0.08386075949367089
1 0.8156645569620253 0.5403481012658228 0.0490506329113924 0.08860759493670886
1 0.4240506329113924 0.9335443037974683 0.05379746835443038 0.11234177215189874
1 0.23259493670886075 0.05617088607594937 0.03639240506329114 0.07911392405063292
1 0.03322784810126582 0.40664556962025317 0.061708860759493674 0.1060126582278481
1 0.5031645569620253 0.037183544303797465 0.04113924050632911 0.07436708860759493
1 0.807753164556962 0.01819620253164557 0.03322784810126582 0.03639240506329114
1 0.3884493670886076 0.049841772151898736 0.04588607594936709 0.07278481012658228
1 0.7761075949367089 0.6186708860759493 0.04272151898734177 0.09177215189873418
1 0.9620253164556962 0.3686708860759494 0.03639240506329114 0.06487341772151899
1 0.9707278481012658 0.4200949367088608 0.04272151898734177 0.06645569620253164
1 0.6621835443037974 0.03243670886075949 0.030063291139240507 0.06487341772151899
1 0.8314873417721519 0.40664556962025317 0.030063291139240507 0.058544303797468354
1 0.9596518987341772 0.2950949367088608 0.03322784810126582 0.0680379746835443
1 0.3125 0.04667721518987342 0.03955696202531646 0.07120253164556962
1 0.7270569620253164 0.022151898734177215 0.03639240506329114 0.04430379746835443
1 0.680379746835443 0.07990506329113924 0.030063291139240507 0.07120253164556962
1 0.9145569620253164 0.17721518987341772 0.03639240506329114 0.07120253164556962
1 0.17958860759493672 0.5348101265822784 0.05063291139240506 0.0981012658227848
1 0.745253164556962 0.8560126582278481 0.056962025316455694 0.0981012658227848
1 0.6938291139240507 0.8829113924050633 0.058544303797468354 0.09177215189873418
1 0.6115506329113924 0.4272151898734177 0.056962025316455694 0.10917721518987342
1 0.28560126582278483 0.49287974683544306 0.056962025316455694 0.11867088607594936
1 0.44699367088607594 0.7341772151898734 0.07436708860759493 0.15664556962025317
1 0.5221518987341772 0.7175632911392406 0.06645569620253164 0.15348101265822786
1 0.17167721518987342 0.6566455696202531 0.05379746835443038 0.12341772151898735
1 0.08544303797468354 0.7563291139240507 0.06487341772151899 0.10443037974683544