1 0.5120817843866171 0.8197026022304833 0.10966542750929369 0.26394052044609667
1 0.4804832713754647 0.9721189591078067 0.07992565055762081 0.055762081784386616
1 0.48420074349442377 0.1421933085501859 0.07992565055762081 0.2843866171003718
1 0.2527881040892193 0.3949814126394052 0.0724907063197026 0.25092936802973975
1 0.508364312267658 0.5557620817843866 0.08364312267657993 0.29739776951672864
1 0.8522304832713755 0.8085501858736059 0.07806691449814127 0.2620817843866171
1 0.6245353159851301 0.8280669144981413 0.09851301115241635 0.20074349442379183
1 0.2620817843866171 0.9795539033457249 0.15985130111524162 0.040892193308550186
1 0.5892193308550185 0.46096654275092935 0.0724907063197026 0.37732342007434944
1 0.11431226765799256 0.23605947955390336 0.120817843866171 0.4721189591078067
1 0.6589219330855018 0.3104089219330855 0.07063197026022305 0.19516728624535315
1 0.7351301115241635 0.19981412639405205 0.08736059479553904 0.3996282527881041
1 0.20074349442379183 0.8234200743494424 0.10594795539033457 0.31970260223048325
1 0.6682156133828996 0.11895910780669144 0.0762081784386617 0.2379182156133829
1 0.35687732342007433 0.7444237918215614 0.12267657992565056 0.47026022304832715
1 0.9776951672862454 0.11245353159851301 0.04460966542750929 0.10594795539033457
1 0.6905204460966543 0.7184014869888475 0.06691449814126393 0.1524163568773234
1 0.1087360594795539 0.8671003717472119 0.07434944237918216 0.24349442379182157
1 0.9368029739776952 0.8652416356877324 0.11152416356877323 0.2695167286245353
1 0.29182156133828996 0.26394052044609667 0.10037174721189591 0.5278810408921933
1 0.6533457249070632 0.5975836431226765 0.0687732342007435 0.23977695167286245
1 0.9944237918215614 0.24628252788104088 0.011152416356877323 0.11338289962825279
1 0.7481412639405205 0.5464684014869888 0.0724907063197026 0.3252788104089219
1 0.6031598513011153 0.9191449814126395 0.10966542750929369 0.16171003717472118
1 0.18401486988847585 0.6198884758364313 0.1412639405204461 0.30855018587360594
1 0.387546468401487 0.38661710037174724 0.11152416356877323 0.34572490706319703
1 0.024163568773234202 0.6589219330855018 0.048327137546468404 0.3513011152416357
1 0.9014869888475836 0.08085501858736059 0.04275092936802974 0.12639405204460966
1 0.9312267657992565 0.06505576208178439 0.031598513011152414 0.1171003717472119
1 0.6347583643122676 0.05018587360594796 0.0762081784386617 0.10037174721189591
1 0.8661710037174721 0.09944237918215613 0.040892193308550186 0.1171003717472119
1 0.05855018587360595 0.9572490706319703 0.1171003717472119 0.08550185873605948
1 0.8131970260223048 0.24535315985130113 0.05947955390334572 0.2620817843866171
1 0.879182156133829 0.3345724907063197 0.06133828996282528 0.22862453531598512
1 0.9312267657992565 0.5483271375464684 0.10780669144981413 0.31784386617100374
1 0.9721189591078067 0.5557620817843866 0.055762081784386616 0.2788104089219331
1 0.9442379182156134 0.33178438661710036 0.06691449814126393 0.17286245353159851
1 0.7825278810408922 0.9228624535315985 0.06691449814126393 0.15427509293680297
1 0.7109665427509294 0.8801115241635687 0.0762081784386617 0.23977695167286245