1 0.8837638376383764 0.525830258302583 0.06088560885608856 0.0940959409594096
1 0.15129151291512916 0.9612546125461254 0.07011070110701106 0.046125461254612546
1 0.28505535055350556 0.7370848708487084 0.06826568265682657 0.08856088560885608
1 0.8607011070110702 0.8994464944649446 0.06826568265682657 0.1014760147601476
1 0.47601476014760147 0.9501845018450185 0.07749077490774908 0.0996309963099631
1 0.22878228782287824 0.9400369003690037 0.04981549815498155 0.09225092250922509
1 0.5498154981549815 0.9640221402214022 0.06642066420664207 0.07195571955719557
1 0.09501845018450185 0.9501845018450185 0.05350553505535055 0.06088560885608856
1 0.9640221402214022 0.48616236162361626 0.07195571955719557 0.09778597785977859
1 0.8588560885608856 0.731549815498155 0.055350553505535055 0.08487084870848709
1 0.9649446494464945 0.40313653136531363 0.05166051660516605 0.07933579335793357
1 0.4381918819188192 0.46309963099630996 0.04059040590405904 0.07933579335793357
1 0.8976014760147601 0.40313653136531363 0.05350553505535055 0.1070110701107011
1 0.8690036900369004 0.6107011070110702 0.06457564575645756 0.10516605166051661
1 0.20387453874538744 0.705719557195572 0.07011070110701106 0.0940959409594096
1 0.2933579335793358 0.4261992619926199 0.04981549815498155 0.1088560885608856
1 0.5359778597785978 0.3662361623616236 0.046125461254612546 0.07933579335793357
1 0.2859778597785978 0.6706642066420664 0.04981549815498155 0.07749077490774908
1 0.15867158671586715 0.8118081180811808 0.06826568265682657 0.11070110701107011
1 0.1881918819188192 0.8994464944649446 0.06273062730627306 0.1070110701107011
1 0.8376383763837638 0.49169741697416974 0.04797047970479705 0.08856088560885608
1 0.28690036900369004 0.8726937269372693 0.07933579335793357 0.09225092250922509
1 0.43634686346863466 0.8588560885608856 0.055350553505535055 0.11623616236162361
1 0.04428044280442804 0.7564575645756457 0.05904059040590406 0.09225092250922509
1 0.11254612546125461 0.8828413284132841 0.04981549815498155 0.08856088560885608
1 0.10239852398523985 0.761070110701107 0.06088560885608856 0.1088560885608856
1 0.5009225092250923 0.3016605166051661 0.042435424354243544 0.08118081180811808
1 0.4326568265682657 0.6485239852398524 0.04797047970479705 0.07933579335793357
1 0.8523985239852399 0.36162361623616235 0.05166051660516605 0.09778597785977859
1 0.9474169741697417 0.772140221402214 0.07195571955719557 0.10516605166051661
1 0.39391143911439114 0.5267527675276753 0.046125461254612546 0.08856088560885608
1 0.9363468634686347 0.13468634686346864 0.03505535055350553 0.06642066420664207
1 0.8284132841328413 0.2878228782287823 0.04428044280442804 0.0996309963099631
1 0.5507380073800738 0.6356088560885609 0.05166051660516605 0.1014760147601476
1 0.3062730627306273 0.9538745387453874 0.055350553505535055 0.07564575645756458
1 0.9750922509225092 0.5719557195571956 0.04981549815498155 0.1033210332103321
1 0.48616236162361626 0.37915129151291516 0.046125461254612546 0.08487084870848709
1 0.47232472324723246 0.6660516605166051 0.04428044280442804 0.08856088560885608
1 0.9178966789667896 0.705719557195572 0.05719557195571956 0.08671586715867159
1 0.016605166051660517 0.9400369003690037 0.033210332103321034 0.07195571955719557
1 0.3025830258302583 0.5267527675276753 0.04059040590405904 0.0940959409594096
1 0.37084870848708484 0.8062730627306273 0.06273062730627306 0.08856088560885608
1 0.4981549815498155 0.8533210332103321 0.04981549815498155 0.1070110701107011
1 0.7850553505535055 0.5415129151291513 0.046125461254612546 0.08118081180811808
1 0.5295202952029521 0.45571955719557194 0.04428044280442804 0.0940959409594096
1 0.4446494464944649 0.7730627306273062 0.04981549815498155 0.09225092250922509
1 0.235239852398524 0.5701107011070111 0.07195571955719557 0.13284132841328414
1 0.3773062730627306 0.8791512915129152 0.07011070110701106 0.11439114391143912
1 0.8081180811808119 0.3625461254612546 0.03505535055350553 0.08671586715867159
1 0.2564575645756458 0.46955719557195574 0.042435424354243544 0.12177121771217712
1 0.38099630996309963 0.3736162361623616 0.05350553505535055 0.09040590405904059
1 0.9566420664206642 0.8865313653136532 0.05350553505535055 0.12546125461254612
1 0.9446494464944649 0.34686346863468637 0.03690036900369004 0.07380073800738007
1 0.3736162361623616 0.6116236162361623 0.04797047970479705 0.08487084870848709
1 0.6097785977859779 0.5894833948339483 0.05350553505535055 0.0959409594095941
1 0.8238007380073801 0.5747232472324724 0.04428044280442804 0.09778597785977859
1 0.5064575645756457 0.7481549815498155 0.05904059040590406 0.0959409594095941
1 0.37915129151291516 0.9833948339483395 0.05904059040590406 0.025830258302583026
1 0.41974169741697415 0.5931734317343174 0.046125461254612546 0.08487084870848709
1 0.3238007380073801 0.6125461254612546 0.04797047970479705 0.08856088560885608
1 0.07841328413284133 0.6771217712177122 0.05350553505535055 0.07749077490774908
1 0.14852398523985239 0.6383763837638377 0.06826568265682657 0.08487084870848709
1 0.3570110701107011 0.716789667896679 0.05166051660516605 0.09225092250922509
1 0.9031365313653137 0.3062730627306273 0.04059040590405904 0.08671586715867159
1 0.940959409594096 0.2629151291512915 0.033210332103321034 0.07749077490774908
1 0.24538745387453875 0.3736162361623616 0.04428044280442804 0.07195571955719557