1 0.5634920634920635 0.48174603174603176 0.1 0.22698412698412698
1 0.734920634920635 0.9007936507936508 0.10952380952380952 0.19365079365079366
1 0.7674603174603175 0.23253968253968255 0.04126984126984127 0.12698412698412698
1 0.7476190476190476 0.4373015873015873 0.08253968253968254 0.1984126984126984
1 0.9380952380952381 0.5658730158730159 0.12380952380952381 0.6111111111111112
1 0.8571428571428571 0.9087301587301587 0.1523809523809524 0.18253968253968253
1 0.20714285714285716 0.8928571428571429 0.09682539682539683 0.21428571428571427
1 0.28015873015873016 0.7904761904761904 0.09206349206349207 0.4031746031746032
1 0.7293650793650793 0.703968253968254 0.11587301587301588 0.23333333333333334
1 0.1126984126984127 0.7238095238095238 0.09523809523809523 0.18253968253968253
1 0.5095238095238095 0.8753968253968254 0.10793650793650794 0.2492063492063492
1 0.5642857142857143 0.7738095238095238 0.07301587301587302 0.1523809523809524
1 0.6174603174603175 0.2841269841269841 0.06349206349206349 0.09523809523809523