1 0.5009157509157509 0.43131868131868134 0.11904761904761904 0.26373626373626374
1 0.7060439560439561 0.8974358974358975 0.13003663003663005 0.19963369963369965
1 0.7307692307692307 0.1401098901098901 0.04945054945054945 0.14652014652014653
1 0.7124542124542125 0.37637362637362637 0.0989010989010989 0.23076923076923078
1 0.9276556776556777 0.5201465201465202 0.1446886446886447 0.706959706959707
1 0.847985347985348 0.9029304029304029 0.1794871794871795 0.184981684981685
1 0.09798534798534798 0.8937728937728938 0.11538461538461539 0.21245421245421245
1 0.17765567765567766 0.7793040293040293 0.11355311355311355 0.4413919413919414
1 0.6968864468864469 0.6840659340659341 0.1391941391941392 0.27106227106227104
1 0.02197802197802198 0.717948717948718 0.040293040293040296 0.21062271062271062
1 0.44505494505494503 0.8708791208791209 0.1282051282051282 0.25824175824175827
1 0.5073260073260073 0.7683150183150184 0.08791208791208792 0.17765567765567766
1 0.5586080586080586 0.20238095238095238 0.07509157509157509 0.11172161172161173