1 0.19795221843003413 0.908703071672355 0.10580204778156997 0.16552901023890784
1 0.21245733788395904 0.2431740614334471 0.20648464163822525 0.3447098976109215
1 0.35921501706484643 0.32764505119453924 0.12627986348122866 0.2832764505119454
1 0.32337883959044367 0.5537542662116041 0.1075085324232082 0.21331058020477817
1 0.18771331058020477 0.5085324232081911 0.14334470989761092 0.24232081911262798
1 0.6220136518771331 0.5784982935153583 0.20819112627986347 0.3839590443686007
1 0.8643344709897611 0.19368600682593856 0.1962457337883959 0.29692832764505117
1 0.8344709897610921 0.4726962457337884 0.20648464163822525 0.4112627986348123
1 0.2977815699658703 0.757679180887372 0.12627986348122866 0.2593856655290102
1 0.06228668941979522 0.9018771331058021 0.09726962457337884 0.1689419795221843
1 0.7593856655290102 0.7286689419795221 0.07679180887372014 0.1945392491467577
1 0.8771331058020477 0.7491467576791809 0.11262798634812286 0.2030716723549488
1 0.726962457337884 0.8575085324232082 0.12116040955631399 0.21331058020477817
1 0.8199658703071673 0.8959044368600683 0.07167235494880546 0.1416382252559727
1 0.7866894197952219 0.9701365187713311 0.06484641638225255 0.059726962457337884
1 0.962457337883959 0.7935153583617748 0.06313993174061433 0.2525597269624573
1 0.9581911262798635 0.9539249146757679 0.052901023890784986 0.09215017064846416