1 0.8265682656826568 0.20571955719557194 0.12177121771217712 0.18081180811808117
1 0.8892988929889298 0.10239852398523985 0.16051660516605165 0.16236162361623616
1 0.6162361623616236 0.9169741697416974 0.06642066420664207 0.16605166051660517
1 0.2629151291512915 0.35977859778597787 0.12730627306273062 0.16236162361623616
1 0.7490774907749077 0.2952029520295203 0.09040590405904059 0.16236162361623616
1 0.948339483394834 0.2177121771217712 0.1033210332103321 0.24354243542435425
1 0.48523985239852396 0.17896678966789667 0.11992619926199262 0.16051660516605165
1 0.6798892988929889 0.8330258302583026 0.08302583025830258 0.2066420664206642
1 0.5636531365313653 0.6411439114391144 0.05350553505535055 0.10516605166051661
1 0.7112546125461254 0.6881918819188192 0.06457564575645756 0.13653136531365315
1 0.1088560885608856 0.6697416974169742 0.06457564575645756 0.14760147601476015
1 0.6153136531365314 0.7214022140221402 0.08671586715867159 0.16789667896678967
1 0.6346863468634686 0.17435424354243542 0.11808118081180811 0.16236162361623616
1 0.20571955719557194 0.26845018450184505 0.08118081180811808 0.15129151291512916
1 0.4907749077490775 0.9843173431734318 0.04797047970479705 0.03136531365313653
1 0.5608856088560885 0.07841328413284133 0.11808118081180811 0.15682656826568267
1 0.021217712177121772 0.4935424354243542 0.042435424354243544 0.15682656826568267
1 0.24261992619926198 0.474169741697417 0.05719557195571956 0.1033210332103321
1 0.257380073800738 0.8228782287822878 0.03690036900369004 0.0959409594095941
1 0.8745387453874539 0.7444649446494465 0.05904059040590406 0.11254612546125461
1 0.15313653136531366 0.8108856088560885 0.08856088560885608 0.20848708487084872
1 0.8256457564575646 0.5719557195571956 0.07564575645756458 0.12361623616236163
1 0.4547970479704797 0.06826568265682657 0.08671586715867159 0.13653136531365315
1 0.7804428044280443 0.5018450184501845 0.08671586715867159 0.17343173431734318
1 0.21125461254612546 0.11346863468634687 0.04797047970479705 0.10516605166051661
1 0.2444649446494465 0.9059040590405905 0.04797047970479705 0.1070110701107011
1 0.012915129151291513 0.6309963099630996 0.025830258302583026 0.11808118081180811
1 0.7952029520295203 0.36162361623616235 0.05904059040590406 0.12177121771217712
1 0.7739852398523985 0.8081180811808119 0.05350553505535055 0.1033210332103321
1 0.07841328413284133 0.8108856088560885 0.06273062730627306 0.17712177121771217
1 0.048892988929889296 0.6466789667896679 0.05350553505535055 0.11992619926199262
1 0.30904059040590404 0.22140221402214022 0.08856088560885608 0.17712177121771217
1 0.39575645756457567 0.7592250922509225 0.042435424354243544 0.1033210332103321
1 0.5940959409594095 0.3247232472324723 0.07564575645756458 0.15313653136531366
1 0.7509225092250923 0.8874538745387454 0.06273062730627306 0.14575645756457564
1 0.4022140221402214 0.32656826568265684 0.042435424354243544 0.1014760147601476
1 0.17158671586715868 0.9105166051660517 0.08302583025830258 0.14022140221402213
1 0.35239852398523985 0.9695571955719557 0.033210332103321034 0.04428044280442804
1 0.705719557195572 0.08763837638376384 0.1088560885608856 0.15498154981549817
1 0.5525830258302583 0.7712177121771218 0.046125461254612546 0.12730627306273062
1 0.28136531365313655 0.816420664206642 0.03505535055350553 0.0996309963099631
1 0.7333948339483395 0.9769372693726938 0.046125461254612546 0.046125461254612546
1 0.6937269372693727 0.37177121771217714 0.08487084870848709 0.1752767527675277
1 0.8551660516605166 0.8736162361623616 0.042435424354243544 0.11070110701107011
1 0.8127306273062731 0.9040590405904059 0.05166051660516605 0.11254612546125461
1 0.24354243542435425 0.9640221402214022 0.027675276752767528 0.04059040590405904
1 0.4935424354243542 0.37546125461254615 0.033210332103321034 0.09040590405904059
1 0.488929889298893 0.9400369003690037 0.04059040590405904 0.11623616236162361
1 0.6365313653136532 0.045202952029520294 0.055350553505535055 0.07749077490774908
1 0.8247232472324724 0.8339483394833949 0.02952029520295203 0.06088560885608856
1 0.8911439114391144 0.9178966789667896 0.09225092250922509 0.16420664206642066
1 0.8007380073800738 0.6678966789667896 0.08487084870848709 0.12361623616236163
1 0.5765682656826568 0.9464944649446494 0.05350553505535055 0.1070110701107011
1 0.9750922509225092 0.6771217712177122 0.033210332103321034 0.08302583025830258
1 0.9714022140221402 0.4059040590405904 0.05719557195571956 0.18450184501845018
1 0.4492619926199262 0.3440959409594096 0.06826568265682657 0.15682656826568267
1 0.43911439114391143 0.738929889298893 0.03874538745387454 0.09040590405904059
1 0.690959409594096 0.9760147601476015 0.046125461254612546 0.04797047970479705
1 0.7186346863468634 0.5876383763837638 0.04981549815498155 0.09225092250922509
1 0.1522140221402214 0.5931734317343174 0.05350553505535055 0.0996309963099631
1 0.5202952029520295 0.4769372693726937 0.042435424354243544 0.1014760147601476
1 0.1900369003690037 0.6190036900369004 0.04428044280442804 0.08856088560885608
1 0.4151291512915129 0.8385608856088561 0.042435424354243544 0.09778597785977859
1 0.5322878228782287 0.9049815498154982 0.05166051660516605 0.13284132841328414
1 0.17158671586715868 0.6743542435424354 0.04981549815498155 0.11070110701107011
1 0.48616236162361626 0.6503690036900369 0.046125461254612546 0.0996309963099631
1 0.514760147601476 0.29704797047970477 0.08487084870848709 0.12361623616236163
1 0.7518450184501845 0.03782287822878229 0.0959409594095941 0.04981549815498155
1 0.4151291512915129 0.4981549815498155 0.027675276752767528 0.06088560885608856
1 0.23616236162361623 0.07287822878228782 0.04059040590405904 0.07564575645756458
1 0.275830258302583 0.735239852398524 0.042435424354243544 0.11808118081180811
1 0.09778597785977859 0.9308118081180812 0.046125461254612546 0.08671586715867159
1 0.511070110701107 0.8597785977859779 0.03690036900369004 0.1033210332103321
1 0.13099630996309963 0.11439114391143912 0.12546125461254612 0.22878228782287824
1 0.25276752767527677 0.6033210332103321 0.07749077490774908 0.1863468634686347
1 0.015682656826568265 0.8145756457564576 0.03136531365313653 0.21217712177121772