1 0.8531468531468531 0.17832167832167833 0.11538461538461539 0.17132867132867133
1 0.8968531468531469 0.07517482517482517 0.15384615384615385 0.15034965034965034
1 0.7508741258741258 0.881993006993007 0.06468531468531469 0.17482517482517482
1 0.34440559440559443 0.3968531468531469 0.12062937062937062 0.15384615384615385
1 0.7928321678321678 0.2727272727272727 0.08566433566433566 0.15384615384615385
1 0.9527972027972028 0.17395104895104896 0.06643356643356643 0.22727272727272727
1 0.5297202797202797 0.19842657342657344 0.11363636363636363 0.1520979020979021
1 0.798951048951049 0.7858391608391608 0.07867132867132867 0.1958041958041958
1 0.6643356643356644 0.6215034965034965 0.050699300699300696 0.09965034965034965
1 0.8094405594405595 0.6468531468531469 0.06118881118881119 0.12937062937062938
1 0.24125874125874125 0.708041958041958 0.06118881118881119 0.13986013986013987
1 0.7229020979020979 0.6905594405594405 0.08216783216783216 0.1590909090909091
1 0.6687062937062938 0.17482517482517482 0.11188811188811189 0.15384615384615385
1 0.27884615384615385 0.31905594405594406 0.07692307692307693 0.14335664335664336
1 0.6424825174825175 0.9659090909090909 0.0472027972027972 0.05419580419580419
1 0.5874125874125874 0.08653846153846154 0.11188811188811189 0.16783216783216784
1 0.12325174825174826 0.5559440559440559 0.06643356643356643 0.15034965034965034
1 0.3409090909090909 0.5078671328671329 0.05419580419580419 0.0979020979020979
1 0.40034965034965037 0.8321678321678322 0.03496503496503497 0.09090909090909091
1 0.9685314685314685 0.6774475524475524 0.055944055944055944 0.10664335664335664
1 0.3006993006993007 0.8347902097902098 0.08391608391608392 0.19755244755244755
1 0.9012237762237763 0.5218531468531469 0.07167832167832168 0.11713286713286714
1 0.48513986013986016 0.08653846153846154 0.08391608391608392 0.15384615384615385
1 0.8487762237762237 0.4624125874125874 0.08216783216783216 0.16433566433566432
1 0.48426573426573427 0.013111888111888112 0.06293706293706294 0.026223776223776224
1 0.263986013986014 0.17307692307692307 0.045454545454545456 0.09965034965034965
1 0.3994755244755245 0.9117132867132867 0.045454545454545456 0.10139860139860139
1 0.1354895104895105 0.6870629370629371 0.0472027972027972 0.11188811188811189
1 0.5996503496503497 0.019230769230769232 0.10139860139860139 0.038461538461538464
1 0.8444055944055944 0.32867132867132864 0.055944055944055944 0.11538461538461539
1 0.062062937062937064 0.6092657342657343 0.057692307692307696 0.12062937062937062
1 0.8837412587412588 0.75 0.050699300699300696 0.0979020979020979
1 0.23164335664335664 0.8444055944055944 0.05944055944055944 0.16783216783216784
1 0.18181818181818182 0.6949300699300699 0.050699300699300696 0.11363636363636363
1 0.36975524475524474 0.26136363636363635 0.08391608391608392 0.16783216783216784
1 0.5218531468531469 0.7543706293706294 0.04020979020979021 0.0979020979020979
1 0.6503496503496503 0.31993006993006995 0.07167832167832168 0.1451048951048951
1 0.8977272727272727 0.9527972027972028 0.045454545454545456 0.045454545454545456
1 0.8723776223776224 0.8277972027972028 0.05944055944055944 0.1381118881118881
1 0.47115384615384615 0.3479020979020979 0.04020979020979021 0.09615384615384616
1 0.3321678321678322 0.9300699300699301 0.08041958041958042 0.13986013986013987
1 0.5087412587412588 0.9685314685314685 0.03146853146853147 0.06293706293706294
1 0.722027972027972 0.07867132867132867 0.1048951048951049 0.15734265734265734
1 0.6704545454545454 0.7447552447552448 0.043706293706293704 0.12062937062937062
1 0.4230769230769231 0.8234265734265734 0.033216783216783216 0.0944055944055944
1 0.8697552447552448 0.9353146853146853 0.045454545454545456 0.08216783216783216
1 0.7508741258741258 0.3522727272727273 0.08041958041958042 0.1660839160839161
1 0.9676573426573427 0.8006993006993007 0.04020979020979021 0.1048951048951049
1 0.9326923076923077 0.8347902097902098 0.04895104895104895 0.10664335664335664
1 0.40734265734265734 0.9737762237762237 0.027972027972027972 0.05244755244755245
1 0.5638111888111889 0.381993006993007 0.03146853146853147 0.08566433566433566
1 0.6328671328671329 0.9125874125874126 0.038461538461538464 0.11013986013986014
1 0.652972027972028 0.04807692307692308 0.05244755244755245 0.08566433566433566
1 0.9344405594405595 0.7683566433566433 0.027972027972027972 0.057692307692307696
1 0.9833916083916084 0.861013986013986 0.033216783216783216 0.20104895104895104
1 0.8898601398601399 0.6153846153846154 0.08041958041958042 0.11713286713286714
1 0.7176573426573427 0.9222027972027972 0.05244755244755245 0.13111888111888112
1 0.5174825174825175 0.3575174825174825 0.06468531468531469 0.1486013986013986
1 0.5603146853146853 0.7298951048951049 0.03671328671328671 0.08566433566433566
1 0.8295454545454546 0.9379370629370629 0.045454545454545456 0.08216783216783216
1 0.25 0.04020979020979021 0.06118881118881119 0.050699300699300696
1 0.8024475524475524 0.5506993006993007 0.0472027972027972 0.08741258741258741
1 0.2718531468531469 0.6311188811188811 0.050699300699300696 0.0944055944055944
1 0.6013986013986014 0.4737762237762238 0.04020979020979021 0.09615384615384616
1 0.3103146853146853 0.6503496503496503 0.04195804195804196 0.08391608391608392
1 0.5506993006993007 0.8269230769230769 0.04020979020979021 0.09265734265734266
1 0.6695804195804196 0.8723776223776224 0.04895104895104895 0.1258741258741259
1 0.3006993006993007 0.7036713286713286 0.0472027972027972 0.1048951048951049
1 0.037587412587412584 0.7604895104895105 0.043706293706293704 0.09265734265734266
1 0.5917832167832168 0.6407342657342657 0.043706293706293704 0.0944055944055944
1 0.5734265734265734 0.30506993006993005 0.08041958041958042 0.11713286713286714
1 0.7587412587412588 0.026223776223776224 0.0944055944055944 0.05244755244755245
1 0.5061188811188811 0.506993006993007 0.026223776223776224 0.057692307692307696
1 0.28146853146853146 0.13111888111888112 0.038461538461538464 0.07167832167832168
1 0.40559440559440557 0.7473776223776224 0.04020979020979021 0.11188811188811189
1 0.26573426573426573 0.9562937062937062 0.045454545454545456 0.08741258741258741
1 0.6433566433566433 0.833041958041958 0.03496503496503497 0.0979020979020979
1 0.0777972027972028 0.833041958041958 0.08041958041958042 0.17482517482517482
1 0.1888111888111888 0.18181818181818182 0.11888111888111888 0.22377622377622378
1 0.36713286713286714 0.6267482517482518 0.07342657342657342 0.17657342657342656
1 0.145979020979021 0.861013986013986 0.08566433566433566 0.20279720279720279