1 0.2967741935483871 0.25725806451612904 0.09516129032258064 0.22903225806451613
1 0.20725806451612902 0.1693548387096774 0.0935483870967742 0.18064516129032257
1 0.5580645161290323 0.36129032258064514 0.04838709677419355 0.11451612903225807
1 0.714516129032258 0.19596774193548386 0.0967741935483871 0.21451612903225806
1 0.375 0.26370967741935486 0.06612903225806452 0.13870967741935483
1 0.5258064516129032 0.4241935483870968 0.05806451612903226 0.12258064516129032
1 0.43629032258064515 0.8346774193548387 0.041935483870967745 0.10161290322580645
1 0.8056451612903226 0.7895161290322581 0.04838709677419355 0.12419354838709677
1 0.8209677419354838 0.307258064516129 0.09516129032258064 0.17096774193548386
1 0.3951612903225806 0.5298387096774193 0.04838709677419355 0.09838709677419355
1 0.6709677419354839 0.325 0.0532258064516129 0.07903225806451612
1 0.7 0.3879032258064516 0.0532258064516129 0.13225806451612904
1 0.8379032258064516 0.4346774193548387 0.04838709677419355 0.06935483870967742
1 0.392741935483871 0.3790322580645161 0.0467741935483871 0.09838709677419355
1 0.6483870967741936 0.050806451612903224 0.0935483870967742 0.09516129032258064
1 0.15161290322580645 0.23548387096774193 0.06612903225806452 0.0967741935483871
1 0.40161290322580645 0.10241935483870968 0.13225806451612904 0.20483870967741935
1 0.7241935483870968 0.5362903225806451 0.056451612903225805 0.10483870967741936
1 0.3016129032258065 0.4274193548387097 0.0467741935483871 0.11451612903225807
1 0.6072580645161291 0.46048387096774196 0.0467741935483871 0.08548387096774193
1 0.6709677419354839 0.5064516129032258 0.05806451612903226 0.11935483870967742
1 0.2870967741935484 0.062096774193548386 0.0935483870967742 0.12419354838709677
1 0.5564516129032258 0.05161290322580645 0.06612903225806452 0.10161290322580645
1 0.33064516129032256 0.49032258064516127 0.03870967741935484 0.07580645161290323
1 0.4790322580645161 0.19193548387096773 0.06774193548387097 0.23225806451612904
1 0.7088709677419355 0.6540322580645161 0.0467741935483871 0.10161290322580645
1 0.2709677419354839 0.47258064516129034 0.043548387096774194 0.10967741935483871
1 0.5137096774193548 0.5379032258064517 0.0467741935483871 0.11129032258064517
1 0.5395161290322581 0.20967741935483872 0.09193548387096774 0.2306451612903226
1 0.6709677419354839 0.6217741935483871 0.05 0.11935483870967742
1 0.8451612903225807 0.1814516129032258 0.08709677419354839 0.14838709677419354
1 0.9201612903225806 0.31370967741935485 0.07580645161290323 0.14838709677419354
1 0.7532258064516129 0.6629032258064517 0.0532258064516129 0.13548387096774195
1 0.36693548387096775 0.7596774193548387 0.043548387096774194 0.1403225806451613
1 0.8927419354838709 0.95 0.03387096774193549 0.07419354838709677
1 0.3580645161290323 0.6330645161290323 0.0532258064516129 0.13225806451612904
1 0.7806451612903226 0.49032258064516127 0.06129032258064516 0.12096774193548387
1 0.8580645161290322 0.5137096774193548 0.06129032258064516 0.09838709677419355
1 0.967741935483871 0.08548387096774193 0.06451612903225806 0.14193548387096774
1 0.582258064516129 0.55 0.0532258064516129 0.10806451612903226
1 0.6096774193548387 0.36532258064516127 0.05806451612903226 0.10967741935483871
1 0.8064516129032258 0.6040322580645161 0.054838709677419356 0.11290322580645161
1 0.03951612903225806 0.43548387096774194 0.07903225806451612 0.22741935483870968
1 0.9032258064516129 0.6241935483870967 0.07419354838709677 0.13709677419354838
1 0.17016129032258065 0.9419354838709677 0.04516129032258064 0.09516129032258064
1 0.4435483870967742 0.5330645161290323 0.056451612903225805 0.11129032258064517
1 0.11935483870967742 0.8233870967741935 0.035483870967741936 0.06612903225806452
1 0.4266129032258065 0.3153225806451613 0.05967741935483871 0.1338709677419355
1 0.9266129032258065 0.49112903225806454 0.06129032258064516 0.11935483870967742
1 0.7588709677419355 0.3370967741935484 0.043548387096774194 0.09032258064516129
1 0.635483870967742 0.7306451612903225 0.03225806451612903 0.08225806451612903
1 0.9693548387096774 0.5620967741935484 0.06129032258064516 0.13709677419354838
1 0.6379032258064516 0.6701612903225806 0.035483870967741936 0.07903225806451612
1 0.267741935483871 0.5596774193548387 0.037096774193548385 0.09516129032258064
1 0.5330645161290323 0.5975806451612903 0.04516129032258064 0.11612903225806452
1 0.5604838709677419 0.6975806451612904 0.03870967741935484 0.07741935483870968
1 0.20483870967741935 0.8975806451612903 0.05161290322580645 0.11774193548387096
1 0.9612903225806452 0.21048387096774193 0.07741935483870968 0.13709677419354838
1 0.6395161290322581 0.5854838709677419 0.035483870967741936 0.1064516129032258
1 0.5669354838709677 0.864516129032258 0.04032258064516129 0.1064516129032258
1 0.48629032258064514 0.8483870967741935 0.04838709677419355 0.12903225806451613
1 0.6346774193548387 0.22903225806451613 0.06290322580645161 0.14516129032258066
1 0.34596774193548385 0.5314516129032258 0.03387096774193549 0.07903225806451612
1 0.6693548387096774 0.9032258064516129 0.04516129032258064 0.10967741935483871
1 0.20806451612903226 0.7137096774193549 0.041935483870967745 0.07258064516129033
1 0.8983870967741936 0.09516129032258064 0.09838709677419355 0.16612903225806452
1 0.964516129032258 0.6903225806451613 0.06290322580645161 0.14677419354838708
1 0.08629032258064516 0.7911290322580645 0.04838709677419355 0.08064516129032258
1 0.01129032258064516 0.8975806451612903 0.02258064516129032 0.11774193548387096
1 0.8588709677419355 0.9419354838709677 0.03870967741935484 0.08225806451612903
1 0.6629032258064517 0.7959677419354839 0.037096774193548385 0.08387096774193549
1 0.2153225806451613 0.38225806451612904 0.09193548387096774 0.2403225806451613
1 0.5129032258064516 0.714516129032258 0.04838709677419355 0.13064516129032258
1 0.1032258064516129 0.4975806451612903 0.08548387096774193 0.21935483870967742
1 0.10564516129032259 0.6798387096774193 0.06451612903225806 0.13548387096774195
1 0.325 0.8943548387096775 0.05 0.1435483870967742
1 0.20967741935483872 0.5620967741935484 0.0532258064516129 0.12580645161290321