1 0.5848214285714286 0.25089285714285714 0.11428571428571428 0.2571428571428571
1 0.5482142857142858 0.06517857142857143 0.08214285714285714 0.13035714285714287
1 0.5803571428571429 0.88125 0.08571428571428572 0.23392857142857143
1 0.35 0.6669642857142857 0.07857142857142857 0.24285714285714285
1 0.5901785714285714 0.5035714285714286 0.09107142857142857 0.2875
1 0.9116071428571428 0.25 0.08392857142857142 0.25357142857142856
1 0.6928571428571428 0.23839285714285716 0.10178571428571428 0.19642857142857142
1 0.33839285714285716 0.06517857142857143 0.15714285714285714 0.125
1 0.6714285714285714 0.5919642857142857 0.08214285714285714 0.36428571428571427
1 0.22232142857142856 0.7973214285714286 0.13035714285714287 0.40535714285714286
1 0.7428571428571429 0.7348214285714286 0.075 0.18928571428571428
1 0.8196428571428571 0.8178571428571428 0.09642857142857143 0.3464285714285714
1 0.2857142857142857 0.2571428571428571 0.1125 0.30892857142857144
1 0.7580357142857143 0.8973214285714286 0.08035714285714286 0.18928571428571428
1 0.43839285714285714 0.32767857142857143 0.13392857142857142 0.45535714285714285
1 0.6294642857142857 0.03571428571428571 0.09821428571428571 0.07142857142857142
1 0.7598214285714285 0.3419642857142857 0.06964285714285715 0.14821428571428572
1 0.19642857142857142 0.21875 0.08035714285714286 0.2357142857142857
1 0.9625 0.16160714285714287 0.06428571428571428 0.32321428571428573
1 0.39017857142857143 0.7669642857142858 0.1125 0.4660714285714286
1 0.7285714285714285 0.4589285714285714 0.07321428571428572 0.23214285714285715
1 0.8205357142857143 0.5044642857142857 0.08035714285714286 0.3142857142857143
1 0.6678571428571428 0.11517857142857142 0.11428571428571428 0.23035714285714284
1 0.2767857142857143 0.45357142857142857 0.14642857142857144 0.30178571428571427
1 0.48035714285714287 0.6705357142857142 0.11785714285714285 0.3375
1 0.07589285714285714 0.42142857142857143 0.15178571428571427 0.34285714285714286
1 0.9794642857142857 0.9339285714285714 0.04107142857142857 0.1
1 0.9973214285714286 0.9428571428571428 0.005357142857142857 0.07857142857142857
1 0.7276785714285714 0.9642857142857143 0.075 0.05714285714285714
1 0.9491071428571428 0.9294642857142857 0.04285714285714286 0.1125
1 0.10267857142857142 0.09464285714285714 0.2 0.16964285714285715
1 0.89375 0.7919642857142857 0.06607142857142857 0.2517857142857143
1 0.9535714285714286 0.7035714285714286 0.06607142857142857 0.22142857142857142
1 0.9696428571428571 0.49642857142857144 0.060714285714285714 0.30714285714285716
1 0.9901785714285715 0.7044642857142858 0.019642857142857142 0.16607142857142856
1 0.8392857142857143 0.10803571428571429 0.07142857142857142 0.21607142857142858
1 0.7723214285714286 0.15 0.08392857142857142 0.3