1 0.5139344262295082 0.7237704918032787 0.10491803278688525 0.2360655737704918
1 0.48032786885245904 0.9122950819672131 0.07540983606557378 0.16065573770491803
1 0.5098360655737705 0.12540983606557377 0.07868852459016394 0.25081967213114753
1 0.29918032786885246 0.34098360655737703 0.07213114754098361 0.22295081967213115
1 0.5188524590163934 0.49098360655737705 0.08360655737704918 0.2639344262295082
1 0.8147540983606557 0.7245901639344262 0.07704918032786885 0.23278688524590163
1 0.6131147540983607 0.7344262295081967 0.09344262295081968 0.18032786885245902
1 0.28688524590163933 0.9155737704918033 0.14590163934426228 0.15901639344262294
1 0.5934426229508196 0.4098360655737705 0.07540983606557378 0.3344262295081967
1 0.1819672131147541 0.20327868852459016 0.12131147540983607 0.4065573770491803
1 0.6598360655737705 0.2795081967213115 0.06885245901639345 0.1737704918032787
1 0.730327868852459 0.18442622950819673 0.08852459016393442 0.3557377049180328
1 0.24016393442622952 0.7172131147540983 0.10327868852459017 0.28524590163934427
1 0.6737704918032786 0.11065573770491803 0.07377049180327869 0.21147540983606558
1 0.3795081967213115 0.6524590163934426 0.12295081967213115 0.4180327868852459
1 0.9483606557377049 0.11475409836065574 0.04590163934426229 0.09508196721311475
1 0.5540983606557377 0.9434426229508197 0.09180327868852459 0.11311475409836065
1 0.6745901639344263 0.6401639344262295 0.06393442622950819 0.1360655737704918
1 0.15737704918032788 0.7532786885245901 0.07377049180327869 0.21639344262295082
1 0.8860655737704918 0.819672131147541 0.10983606557377049 0.3262295081967213
1 0.3377049180327869 0.230327868852459 0.10491803278688525 0.460655737704918
1 0.6459016393442623 0.5319672131147541 0.06721311475409836 0.21311475409836064
1 0.9836065573770492 0.26885245901639343 0.03278688524590164 0.16393442622950818
1 0.9639344262295082 0.9147540983606557 0.04918032786885246 0.15245901639344261
1 0.9663934426229508 0.2336065573770492 0.03114754098360656 0.10163934426229508
1 0.7311475409836066 0.4901639344262295 0.07377049180327869 0.28852459016393445
1 0.590983606557377 0.8598360655737705 0.10491803278688525 0.23770491803278687
1 0.23114754098360657 0.5377049180327869 0.13442622950819672 0.27704918032786885
1 0.4180327868852459 0.3377049180327869 0.10819672131147541 0.3081967213114754
1 0.05819672131147541 0.5647540983606557 0.11639344262295082 0.31311475409836065
1 0.8803278688524591 0.08442622950819673 0.040983606557377046 0.11311475409836065
1 0.9073770491803279 0.07131147540983607 0.03114754098360656 0.10491803278688525
1 0.6459016393442623 0.04918032786885246 0.07049180327868852 0.09016393442622951
1 0.6704918032786885 0.980327868852459 0.09508196721311475 0.03934426229508197
1 0.8483606557377049 0.1 0.03934426229508197 0.10491803278688525
1 0.08114754098360656 0.8885245901639345 0.16229508196721312 0.2
1 0.7975409836065573 0.2262295081967213 0.060655737704918035 0.23278688524590163
1 0.8524590163934426 0.3073770491803279 0.060655737704918035 0.20327868852459016
1 0.8918032786885246 0.49754098360655735 0.10491803278688525 0.2836065573770492
1 0.9491803278688524 0.5065573770491804 0.10163934426229508 0.24918032786885247
1 0.910655737704918 0.30655737704918035 0.06393442622950819 0.1540983606557377
1 0.7491803278688525 0.8622950819672132 0.06721311475409836 0.21639344262295082
1 0.6868852459016394 0.8180327868852459 0.07704918032786885 0.2819672131147541