1 0.32010135135135137 0.2846283783783784 0.09966216216216216 0.23986486486486486
1 0.2195945945945946 0.19932432432432431 0.09797297297297297 0.1891891891891892
1 0.6005067567567568 0.375 0.05067567567567568 0.11993243243243243
1 0.7516891891891891 0.19003378378378377 0.10135135135135136 0.22466216216216217
1 0.40202702702702703 0.28631756756756754 0.06925675675675676 0.14527027027027026
1 0.5717905405405406 0.44256756756756754 0.060810810810810814 0.12837837837837837
1 0.5084459459459459 0.8775337837837838 0.04391891891891892 0.10641891891891891
1 0.8902027027027027 0.8040540540540541 0.05067567567567568 0.13006756756756757
1 0.870777027027027 0.2989864864864865 0.09966216216216216 0.17905405405405406
1 0.44256756756756754 0.5625 0.05067567567567568 0.10304054054054054
1 0.7153716216216216 0.3285472972972973 0.05574324324324324 0.08277027027027027
1 0.7508445945945946 0.3918918918918919 0.05574324324324324 0.13851351351351351
1 0.8978040540540541 0.42989864864864863 0.05067567567567568 0.07263513513513513
1 0.42905405405405406 0.40540540540540543 0.048986486486486486 0.10304054054054054
1 0.6706081081081081 0.0464527027027027 0.09797297297297297 0.0929054054054054
1 0.16638513513513514 0.27280405405405406 0.06925675675675676 0.10135135135135136
1 0.4189189189189189 0.11148648648648649 0.13851351351351351 0.22297297297297297
1 0.7863175675675675 0.5447635135135135 0.05912162162162162 0.1097972972972973
1 0.33699324324324326 0.46283783783783783 0.048986486486486486 0.11993243243243243
1 0.6587837837837838 0.47381756756756754 0.048986486486486486 0.08952702702702703
1 0.7288851351351351 0.518581081081081 0.060810810810810814 0.125
1 0.2947635135135135 0.07601351351351351 0.09797297297297297 0.14189189189189189
1 0.575168918918919 0.052364864864864864 0.06925675675675676 0.10472972972972973
1 0.37246621621621623 0.5253378378378378 0.04054054054054054 0.07939189189189189
1 0.5059121621621622 0.20354729729729729 0.07094594594594594 0.24324324324324326
1 0.7795608108108109 0.6697635135135135 0.048986486486486486 0.10641891891891891
1 0.30827702702702703 0.5118243243243243 0.04560810810810811 0.11486486486486487
1 0.5675675675675675 0.5616554054054054 0.048986486486486486 0.11655405405405406
1 0.5692567567567568 0.2179054054054054 0.09628378378378379 0.24155405405405406
1 0.737331081081081 0.6385135135135135 0.052364864864864864 0.125
1 0.8868243243243243 0.16554054054054054 0.09121621621621621 0.1554054054054054
1 0.9653716216216216 0.2989864864864865 0.060810810810810814 0.1554054054054054
1 0.8260135135135135 0.6756756756756757 0.05574324324324324 0.14189189189189189
1 0.42989864864864863 0.8048986486486487 0.04560810810810811 0.14695945945945946
1 0.987331081081081 0.9543918918918919 0.02533783783783784 0.057432432432432436
1 0.41131756756756754 0.6731418918918919 0.05574324324324324 0.13851351351351351
1 0.8420608108108109 0.49324324324324326 0.06418918918918919 0.1266891891891892
1 0.924831081081081 0.5118243243243243 0.06418918918918919 0.10304054054054054
1 0.6393581081081081 0.5692567567567568 0.05574324324324324 0.11317567567567567
1 0.6545608108108109 0.375 0.060810810810810814 0.11486486486486487
1 0.8775337837837838 0.6097972972972973 0.057432432432432436 0.11824324324324324
1 0.06418918918918919 0.48986486486486486 0.08277027027027027 0.23817567567567569
1 0.9704391891891891 0.6224662162162162 0.05912162162162162 0.14358108108108109
1 0.23564189189189189 0.9797297297297297 0.04560810810810811 0.04054054054054054
1 0.49324324324324326 0.5616554054054054 0.05912162162162162 0.11655405405405406
1 0.17567567567567569 0.8893581081081081 0.037162162162162164 0.06925675675675676
1 0.4594594594594595 0.33614864864864863 0.0625 0.14020270270270271
1 0.9805743243243243 0.4831081081081081 0.03885135135135135 0.125
1 0.808277027027027 0.3344594594594595 0.04560810810810811 0.0945945945945946
1 0.7086148648648649 0.7550675675675675 0.033783783783783786 0.08614864864864864
1 0.706081081081081 0.691722972972973 0.037162162162162164 0.08277027027027027
1 0.31165540540540543 0.6030405405405406 0.03885135135135135 0.09966216216216216
1 0.5912162162162162 0.6233108108108109 0.0472972972972973 0.12162162162162163
1 0.6266891891891891 0.7255067567567568 0.04054054054054054 0.08108108108108109
1 0.2685810810810811 0.9484797297297297 0.05405405405405406 0.10304054054054054
1 0.9805743243243243 0.1883445945945946 0.02195945945945946 0.14020270270270271
1 0.7018581081081081 0.6030405405405406 0.037162162162162164 0.11148648648648649
1 0.6469594594594594 0.8994932432432432 0.04222972972972973 0.11148648648648649
1 0.5608108108108109 0.8885135135135135 0.05067567567567568 0.13513513513513514
1 0.6706081081081081 0.23057432432432431 0.06587837837837837 0.15202702702702703
1 0.3910472972972973 0.5684121621621622 0.03547297297297297 0.08277027027027027
1 0.7559121621621622 0.9324324324324325 0.0472972972972973 0.11486486486486487
1 0.26013513513513514 0.7677364864864865 0.04391891891891892 0.07601351351351351
1 0.9358108108108109 0.07939189189189189 0.10472972972972973 0.15878378378378377
1 0.13935810810810811 0.8581081081081081 0.05067567567567568 0.08445945945945946
1 0.056587837837837836 0.9569256756756757 0.04560810810810811 0.08614864864864864
1 0.9569256756756757 0.950168918918919 0.03885135135135135 0.06925675675675676
1 0.7415540540540541 0.8209459459459459 0.03885135135135135 0.08783783783783784
1 0.24408783783783783 0.4214527027027027 0.09628378378378379 0.2516891891891892
1 0.5785472972972973 0.7466216216216216 0.05067567567567568 0.13682432432432431
1 0.13513513513513514 0.549831081081081 0.08952702702702703 0.22972972972972974
1 0.15118243243243243 0.7407094594594594 0.06756756756756757 0.14189189189189189
1 0.39442567567567566 0.9366554054054054 0.052364864864864864 0.1266891891891892
1 0.25084459459459457 0.6097972972972973 0.05574324324324324 0.13175675675675674