1 0.9748201438848921 0.8444244604316546 0.050359712230215826 0.09892086330935251
1 0.026079136690647483 0.8093525179856115 0.04316546762589928 0.09172661870503597
1 0.16636690647482014 0.9712230215827338 0.04136690647482014 0.05755395683453238
1 0.9469424460431655 0.5314748201438849 0.06474820143884892 0.15467625899280577
1 0.9217625899280576 0.887589928057554 0.048561151079136694 0.12769784172661872
1 0.008093525179856115 0.7158273381294964 0.01079136690647482 0.08992805755395683
1 0.08093525179856115 0.6951438848920863 0.04316546762589928 0.08812949640287769
1 0.4118705035971223 0.9523381294964028 0.050359712230215826 0.09532374100719425
1 0.08992805755395683 0.8471223021582733 0.0539568345323741 0.13489208633093525
1 0.21672661870503598 0.9244604316546763 0.02877697841726619 0.08273381294964029
1 0.03327338129496403 0.716726618705036 0.04136690647482014 0.09892086330935251
1 0.9595323741007195 0.7320143884892086 0.0539568345323741 0.09892086330935251
1 0.48830935251798563 0.11330935251798561 0.06654676258992806 0.17086330935251798
1 0.2158273381294964 0.9784172661870504 0.03237410071942446 0.04316546762589928
1 0.12769784172661872 0.48201438848920863 0.050359712230215826 0.09712230215827339
1 0.5944244604316546 0.06025179856115108 0.052158273381294966 0.12050359712230216
1 0.9865107913669064 0.6807553956834532 0.02697841726618705 0.11690647482014388
1 0.17625899280575538 0.39568345323741005 0.04316546762589928 0.10071942446043165
1 0.10161870503597123 0.6330935251798561 0.03237410071942446 0.06294964028776978
1 0.2517985611510791 0.9865107913669064 0.02877697841726619 0.02697841726618705
1 0.8489208633093526 0.5260791366906474 0.052158273381294966 0.1079136690647482
1 0.22571942446043167 0.12769784172661872 0.05935251798561151 0.10971223021582734
1 0.28507194244604317 0.10071942446043165 0.06294964028776978 0.10251798561151079
1 0.3516187050359712 0.6232014388489209 0.05575539568345324 0.1223021582733813
1 0.7257194244604317 0.5683453237410072 0.05755395683453238 0.13309352517985612
1 0.5575539568345323 0.2841726618705036 0.07553956834532374 0.17446043165467626
1 0.47032374100719426 0.2994604316546763 0.06654676258992806 0.17266187050359713
1 0.8651079136690647 0.38848920863309355 0.0539568345323741 0.1366906474820144
1 0.9658273381294964 0.27967625899280574 0.06294964028776978 0.11690647482014388