1 0.33303571428571427 0.27767857142857144 0.6660714285714285 0.48035714285714287
1 0.8339285714285715 0.39285714285714285 0.33214285714285713 0.2857142857142857
1 0.02142857142857143 0.9116071428571428 0.04285714285714286 0.13035714285714287
1 0.33839285714285716 0.8625 0.075 0.1392857142857143
1 0.21428571428571427 0.8758928571428571 0.048214285714285716 0.11428571428571428
1 0.2642857142857143 0.8464285714285714 0.048214285714285716 0.13392857142857142
1 0.15535714285714286 0.8857142857142857 0.048214285714285716 0.15535714285714286
1 0.40535714285714286 0.6366071428571428 0.03571428571428571 0.05357142857142857
1 0.025 0.7696428571428572 0.0375 0.07857142857142857
1 0.40089285714285716 0.7642857142857142 0.04642857142857143 0.08928571428571429
1 0.4 0.9303571428571429 0.09821428571428571 0.1357142857142857
1 0.22857142857142856 0.9455357142857143 0.08392857142857142 0.08571428571428572
1 0.5767857142857142 0.9482142857142857 0.08571428571428572 0.10357142857142858
1 0.4901785714285714 0.9303571428571429 0.08392857142857142 0.1392857142857143
1 0.08214285714285714 0.8125 0.0875 0.30714285714285716
1 0.024107142857142858 0.6178571428571429 0.048214285714285716 0.11071428571428571
1 0.225 0.7625 0.05357142857142857 0.15892857142857142
1 0.16428571428571428 0.7491071428571429 0.04285714285714286 0.15357142857142858
1 0.3464285714285714 0.7508928571428571 0.05 0.11785714285714285