1 0.1461794019933555 0.1403654485049834 0.09634551495016612 0.2807308970099668
1 0.03820598006644518 0.20182724252491693 0.0664451827242525 0.40365448504983387
1 0.04401993355481727 0.3023255813953488 0.08803986710963455 0.6046511627906976
1 0.3446843853820598 0.3106312292358804 0.1511627906976744 0.6212624584717608
1 0.707641196013289 0.1644518272425249 0.3538205980066445 0.32558139534883723
1 0.6636212624584718 0.436046511627907 0.3222591362126246 0.292358803986711
1 0.915282392026578 0.1777408637873754 0.16943521594684385 0.29900332225913623
1 0.920265780730897 0.5481727574750831 0.15946843853820597 0.24584717607973422
1 0.9426910299003323 0.046511627906976744 0.11461794019933555 0.04318936877076412
1 0.20348837209302326 0.7973421926910299 0.4069767441860465 0.3920265780730897
1 0.8870431893687708 0.8289036544850499 0.2026578073089701 0.34219269102990035
1 0.5946843853820598 0.8147840531561462 0.42524916943521596 0.3704318936877076