1 0.16930379746835442 0.14003164556962025 0.27531645569620256 0.2800632911392405
1 0.43908227848101267 0.20411392405063292 0.28955696202531644 0.3401898734177215
1 0.7563291139240507 0.20490506329113925 0.3275316455696203 0.3623417721518987
1 0.05300632911392405 0.689873417721519 0.1060126582278481 0.36075949367088606
1 0.060126582278481014 0.6400316455696202 0.09968354430379747 0.22784810126582278
1 0.24050632911392406 0.7848101265822784 0.08544303797468354 0.23259493670886075
1 0.16772151898734178 0.6677215189873418 0.09335443037974683 0.13449367088607594
1 0.12658227848101267 0.7397151898734177 0.09651898734177215 0.13449367088607594
1 0.021360759493670885 0.46281645569620256 0.04272151898734177 0.21677215189873417
1 0.1629746835443038 0.7056962025316456 0.10917721518987342 0.15348101265822786
1 0.02531645569620253 0.6218354430379747 0.05063291139240506 0.5348101265822784
1 0.040348101265822785 0.6993670886075949 0.08069620253164557 0.38924050632911394
1 0.7658227848101266 0.932753164556962 0.0981012658227848 0.13449367088607594
1 0.7587025316455697 0.45174050632911394 0.07278481012658228 0.1439873417721519
1 0.5561708860759493 0.6107594936708861 0.06962025316455696 0.21518987341772153
1 0.7689873417721519 0.754746835443038 0.08069620253164557 0.254746835443038
1 0.8599683544303798 0.9509493670886076 0.08702531645569621 0.0981012658227848
1 0.8401898734177216 0.6764240506329114 0.07278481012658228 0.3227848101265823
1 0.44145569620253167 0.5205696202531646 0.11392405063291139 0.30537974683544306
1 0.9042721518987342 0.5506329113924051 0.06645569620253164 0.16772151898734178
1 0.9643987341772152 0.5087025316455697 0.07120253164556962 0.24208860759493672
1 0.5007911392405063 0.9177215189873418 0.09651898734177215 0.16455696202531644
1 0.9161392405063291 0.44462025316455694 0.06962025316455696 0.11867088607594936
1 0.6360759493670886 0.8544303797468354 0.11392405063291139 0.2911392405063291
1 0.9193037974683544 0.8987341772151899 0.061708860759493674 0.13132911392405064
1 0.4208860759493671 0.9509493670886076 0.06645569620253164 0.0949367088607595
1 0.5917721518987342 0.5498417721518988 0.0981012658227848 0.3528481012658228
1 0.8908227848101266 0.7943037974683544 0.06487341772151899 0.20569620253164558
1 0.9667721518987342 0.7531645569620253 0.058544303797468354 0.27848101265822783
1 0.4912974683544304 0.7998417721518988 0.12974683544303797 0.2674050632911392
1 0.6708860759493671 0.6075949367088608 0.10443037974683544 0.2974683544303797
1 0.3259493670886076 0.8275316455696202 0.10759493670886076 0.3022151898734177
1 0.8884493670886076 0.41455696202531644 0.06645569620253164 0.060126582278481014
1 0.932753164556962 0.9667721518987342 0.0680379746835443 0.06645569620253164