1 0.09262295081967213 0.3262295081967213 0.18524590163934426 0.6065573770491803
1 0.4204918032786885 0.3254098360655738 0.17540983606557378 0.6508196721311476
1 0.3598360655737705 0.5081967213114754 0.047540983606557376 0.21147540983606558
1 0.4262295081967213 0.5147540983606558 0.05245901639344262 0.22950819672131148
1 0.5344262295081967 0.3237704918032787 0.09180327868852459 0.6409836065573771
1 0.6196721311475409 0.3319672131147541 0.1819672131147541 0.660655737704918
1 0.6418032786885246 0.3704918032786885 0.05573770491803279 0.578688524590164
1 0.7 0.46967213114754097 0.07049180327868852 0.3770491803278688
1 0.7270491803278688 0.460655737704918 0.04590163934426229 0.4081967213114754
1 0.7909836065573771 0.419672131147541 0.10491803278688525 0.4819672131147541
1 0.8950819672131147 0.35737704918032787 0.1885245901639344 0.6918032786885245
1 0.9811475409836066 0.4278688524590164 0.03770491803278689 0.42950819672131146
1 0.16557377049180327 0.8573770491803279 0.33114754098360655 0.2721311475409836