1 0.9414191419141914 0.6105610561056105 0.07260726072607261 0.30363036303630364
1 0.8721122112211221 0.6163366336633663 0.07425742574257425 0.3102310231023102
1 0.34983498349834985 0.5074257425742574 0.11551155115511551 0.5082508250825083
1 0.683993399339934 0.6229372937293729 0.07590759075907591 0.25412541254125415
1 0.8036303630363036 0.6138613861386139 0.0891089108910891 0.31683168316831684
1 0.5767326732673267 0.6221122112211221 0.0924092409240924 0.2524752475247525
1 0.16831683168316833 0.523102310231023 0.12871287128712872 0.5016501650165016
1 0.056105610561056105 0.5445544554455446 0.09900990099009901 0.40594059405940597
1 0.25412541254125415 0.528052805280528 0.10891089108910891 0.4966996699669967
1 0.485973597359736 0.6534653465346535 0.06765676567656766 0.23102310231023102
1 0.43234323432343236 0.6072607260726073 0.0594059405940594 0.27887788778877887
1 0.40264026402640263 0.4504950495049505 0.041254125412541254 0.13366336633663367
1 0.4546204620462046 0.4240924092409241 0.034653465346534656 0.1188118811881188
1 0.5008250825082509 0.45874587458745875 0.06105610561056106 0.19636963696369636