1 0.9536713286713286 0.6075174825174825 0.06643356643356643 0.31993006993006995
1 0.8811188811188811 0.618006993006993 0.06643356643356643 0.3269230769230769
1 0.32167832167832167 0.541958041958042 0.10314685314685315 0.5367132867132867
1 0.6826923076923077 0.638986013986014 0.07167832167832168 0.2674825174825175
1 0.8085664335664335 0.6215034965034965 0.08216783216783216 0.3339160839160839
1 0.5699300699300699 0.6468531468531469 0.08916083916083917 0.26573426573426573
1 0.13024475524475523 0.5716783216783217 0.11713286713286714 0.527972027972028
1 0.028846153846153848 0.6013986013986014 0.057692307692307696 0.42657342657342656
1 0.22115384615384615 0.5716783216783217 0.09615384615384616 0.5244755244755245
1 0.4763986013986014 0.6870629370629371 0.06293706293706294 0.243006993006993
1 0.4160839160839161 0.6416083916083916 0.05244755244755245 0.2937062937062937
1 0.3732517482517482 0.4781468531468531 0.038461538461538464 0.13986013986013987
1 0.4256993006993007 0.4458041958041958 0.03146853146853147 0.12412587412587413
1 0.4772727272727273 0.479020979020979 0.057692307692307696 0.20804195804195805