1 0.02992957746478873 0.44454225352112675 0.05985915492957746 0.3221830985915493
1 0.09683098591549295 0.4375 0.07042253521126761 0.3274647887323944
1 0.6558098591549296 0.5440140845070423 0.11443661971830986 0.5422535211267606
1 0.2984154929577465 0.4269366197183099 0.07746478873239436 0.26936619718309857
1 0.1698943661971831 0.43838028169014087 0.0897887323943662 0.3362676056338028
1 0.4119718309859155 0.4251760563380282 0.09507042253521127 0.26936619718309857
1 0.8494718309859155 0.5237676056338029 0.1267605633802817 0.5334507042253521
1 0.9595070422535211 0.49735915492957744 0.08098591549295775 0.43133802816901406
1 0.7579225352112676 0.5193661971830986 0.1056338028169014 0.5299295774647887
1 0.5079225352112676 0.3899647887323944 0.06690140845070422 0.24471830985915494
1 0.5660211267605634 0.4392605633802817 0.058098591549295774 0.2975352112676056
1 0.6012323943661971 0.6056338028169014 0.04401408450704225 0.1426056338028169
1 0.5466549295774648 0.6346830985915493 0.035211267605633804 0.12852112676056338
1 0.4964788732394366 0.5985915492957746 0.061619718309859156 0.20950704225352113