1 0.025709219858156027 0.5913120567375887 0.051418439716312055 0.324468085106383
1 0.08599290780141844 0.6054964539007093 0.07801418439716312 0.3333333333333333
1 0.6560283687943262 0.5469858156028369 0.12411347517730496 0.5460992907801419
1 0.2872340425531915 0.6338652482269503 0.08333333333333333 0.2730496453900709
1 0.1595744680851064 0.6108156028368794 0.09574468085106383 0.3404255319148936
1 0.40070921985815605 0.6445035460992907 0.10106382978723404 0.2712765957446808
1 0.849290780141844 0.5851063829787234 0.13829787234042554 0.5390070921985816
1 0.9556737588652482 0.6187943262411347 0.08865248226950355 0.43617021276595747
1 0.7570921985815603 0.5806737588652482 0.11702127659574468 0.5336879432624113
1 0.4946808510638298 0.6888297872340425 0.07092198581560284 0.24822695035460993
1 0.5576241134751773 0.6453900709219859 0.06382978723404255 0.299645390070922
1 0.6063829787234043 0.4804964539007092 0.04609929078014184 0.14361702127659576
1 0.5540780141843972 0.44680851063829785 0.03723404255319149 0.1276595744680851
1 0.500886524822695 0.4787234042553192 0.06560283687943262 0.21099290780141844