1 0.02577319587628866 0.39347079037800686 0.05154639175257732 0.3127147766323024
1 0.09106529209621993 0.3857388316151203 0.06357388316151202 0.31958762886597936
1 0.6383161512027491 0.4802405498281787 0.1013745704467354 0.5274914089347079
1 0.28780068728522334 0.37199312714776633 0.07216494845360824 0.26288659793814434
1 0.16237113402061856 0.3848797250859107 0.08075601374570447 0.3281786941580756
1 0.39862542955326463 0.36855670103092786 0.08934707903780069 0.2611683848797251
1 0.8273195876288659 0.4570446735395189 0.11512027491408934 0.5189003436426117
1 0.9424398625429553 0.43041237113402064 0.08762886597938144 0.4209621993127148
1 0.7379725085910653 0.45446735395189003 0.09450171821305842 0.5154639175257731
1 0.49140893470790376 0.3324742268041237 0.06013745704467354 0.23883161512027493
1 0.5489690721649485 0.3788659793814433 0.05154639175257732 0.28865979381443296
1 0.5859106529209622 0.5412371134020618 0.03951890034364261 0.13745704467353953
1 0.5335051546391752 0.570446735395189 0.030927835051546393 0.12371134020618557
1 0.4836769759450172 0.5360824742268041 0.05670103092783505 0.20446735395189003