1 0.04428044280442804 0.44003690036900367 0.07011070110701106 0.3376383763837638
1 0.12084870848708487 0.4317343173431734 0.06826568265682657 0.34317343173431736
1 0.7084870848708487 0.533210332103321 0.1088560885608856 0.566420664206642
1 0.33210332103321033 0.41697416974169743 0.07749077490774908 0.2822878228782288
1 0.1974169741697417 0.4308118081180812 0.08671586715867159 0.35239852398523985
1 0.4511070110701107 0.4132841328413284 0.0959409594095941 0.28044280442804426
1 0.9114391143911439 0.5083025830258303 0.12361623616236163 0.5571955719557196
1 0.8154981549815498 0.5055350553505535 0.1014760147601476 0.5535055350553506
1 0.5507380073800738 0.37453874538745385 0.06457564575645756 0.2564575645756458
1 0.6125461254612546 0.42435424354243545 0.055350553505535055 0.30996309963099633
1 0.6522140221402214 0.5987084870848709 0.042435424354243544 0.14760147601476015
1 0.5959409594095941 0.6300738007380073 0.033210332103321034 0.13284132841328414
1 0.5424354243542435 0.5931734317343174 0.06088560885608856 0.21955719557195572