1 0.09335443037974683 0.5419303797468354 0.06962025316455696 0.2911392405063291
1 0.15822784810126583 0.5537974683544303 0.06962025316455696 0.2974683544303797
1 0.6669303797468354 0.502373417721519 0.11075949367088607 0.4873417721518987
1 0.3370253164556962 0.5791139240506329 0.07436708860759493 0.24367088607594936
1 0.22389240506329114 0.5593354430379747 0.08544303797468354 0.3037974683544304
1 0.43908227848101267 0.5893987341772152 0.09018987341772151 0.24208860759493672
1 0.8386075949367089 0.5356012658227848 0.12341772151898735 0.4810126582278481
1 0.9430379746835443 0.567246835443038 0.0949367088607595 0.38924050632911394
1 0.7563291139240507 0.5324367088607594 0.10443037974683544 0.4762658227848101
1 0.5229430379746836 0.6289556962025317 0.06329113924050633 0.22151898734177214
1 0.5783227848101266 0.5893987341772152 0.056962025316455694 0.2674050632911392
1 0.622626582278481 0.4430379746835443 0.04113924050632911 0.1281645569620253
1 0.5759493670886076 0.4129746835443038 0.03322784810126582 0.11392405063291139
1 0.5284810126582279 0.44145569620253167 0.058544303797468354 0.18829113924050633