1 0.3586261980830671 0.4960063897763578 0.07827476038338659 0.23322683706070288
1 0.4257188498402556 0.5399361022364217 0.06389776357827476 0.22523961661341854
1 0.28833865814696485 0.5255591054313099 0.054313099041533544 0.23003194888178913
1 0.7100638977635783 0.48003194888178913 0.04952076677316294 0.15654952076677317
1 0.6038338658146964 0.46645367412140576 0.0463258785942492 0.17731629392971246
1 0.6349840255591054 0.5047923322683706 0.039936102236421724 0.12779552715654952
1 0.07348242811501597 0.45527156549520764 0.0463258785942492 0.1182108626198083
1 0.12140575079872204 0.46166134185303515 0.039936102236421724 0.11022364217252396
1 0.1573482428115016 0.4480830670926518 0.04313099041533546 0.13738019169329074
1 0.19089456869009586 0.4680511182108626 0.054313099041533544 0.12939297124600638
1 0.4952076677316294 0.4520766773162939 0.07348242811501597 0.18370607028753994
1 0.5535143769968051 0.4704472843450479 0.0670926517571885 0.1645367412140575
1 0.7028753993610224 0.43610223642172524 0.07507987220447285 0.20607028753993611
1 0.8202875399361023 0.4416932907348243 0.06230031948881789 0.16134185303514376
1 0.8817891373801917 0.43210862619808305 0.05591054313099041 0.20926517571884984
1 0.9009584664536742 0.33626198083067094 0.027156549520766772 0.04952076677316294
1 0.9496805111821086 0.4281150159744409 0.07348242811501597 0.20287539936102236
1 0.7659744408945687 0.43610223642172524 0.06389776357827476 0.18370607028753994
1 0.0231629392971246 0.41214057507987223 0.0463258785942492 0.11980830670926518
1 0.05750798722044728 0.33226837060702874 0.04792332268370607 0.13099041533546327
1 0.11980830670926518 0.31070287539936103 0.022364217252396165 0.06230031948881789
1 0.16054313099041534 0.34824281150159747 0.05750798722044728 0.0926517571884984
1 0.21645367412140576 0.31629392971246006 0.0463258785942492 0.11022364217252396
1 0.25 0.4273162939297125 0.051118210862619806 0.16293929712460065
1 0.4001597444089457 0.3817891373801917 0.05591054313099041 0.08945686900958466