1 0.34105431309904155 0.49201277955271566 0.08945686900958466 0.2364217252396166
1 0.4057507987220447 0.5391373801916933 0.07507987220447285 0.22843450479233227
1 0.26916932907348246 0.5175718849840255 0.06549520766773163 0.23162939297124602
1 0.6932907348242812 0.49440894568690097 0.05750798722044728 0.15814696485623003
1 0.5870607028753994 0.4752396166134185 0.054313099041533544 0.17891373801916932
1 0.6166134185303515 0.5151757188498403 0.0463258785942492 0.12939297124600638
1 0.05830670926517572 0.43610223642172524 0.051118210862619806 0.11980830670926518
1 0.1062300319488818 0.44568690095846647 0.0463258785942492 0.11182108626198083
1 0.14297124600638977 0.43370607028753994 0.04952076677316294 0.1389776357827476
1 0.17492012779552715 0.45527156549520764 0.06070287539936102 0.13099041533546327
1 0.48003194888178913 0.45527156549520764 0.08306709265175719 0.1869009584664537
1 0.5375399361022364 0.4768370607028754 0.07507987220447285 0.16773162939297126
1 0.6876996805111821 0.4496805111821086 0.08626198083067092 0.20926517571884984
1 0.805111821086262 0.46166134185303515 0.07188498402555911 0.1645367412140575
1 0.8674121405750799 0.45527156549520764 0.06549520766773163 0.2108626198083067
1 0.8913738019169329 0.3610223642172524 0.03035143769968051 0.04952076677316294
1 0.9353035143769968 0.4544728434504792 0.08466453674121406 0.20607028753993611
1 0.7507987220447284 0.4528753993610224 0.07348242811501597 0.1869009584664537
1 0.019968051118210862 0.39057507987220447 0.03354632587859425 0.11980830670926518
1 0.048722044728434506 0.31230031948881787 0.054313099041533544 0.13258785942492013
1 0.11261980830670927 0.29472843450479236 0.025559105431309903 0.06389776357827476
1 0.1509584664536741 0.33386581469648563 0.06230031948881789 0.09584664536741214
1 0.2084664536741214 0.305111821086262 0.052715654952076675 0.11182108626198083
1 0.2364217252396166 0.41773162939297126 0.05910543130990415 0.1645367412140575
1 0.3889776357827476 0.3793929712460064 0.06070287539936102 0.0926517571884984