1 0.6587301587301587 0.5126984126984127 0.08253968253968254 0.23333333333333334
1 0.5928571428571429 0.46746031746031746 0.06666666666666667 0.2253968253968254
1 0.7293650793650793 0.48412698412698413 0.05555555555555555 0.22857142857142856
1 0.30952380952380953 0.5214285714285715 0.05238095238095238 0.15555555555555556
1 0.4150793650793651 0.5365079365079365 0.049206349206349205 0.1761904761904762
1 0.38492063492063494 0.4984126984126984 0.04126984126984127 0.12698412698412698
1 0.942063492063492 0.5571428571428572 0.047619047619047616 0.11746031746031746
1 0.8936507936507937 0.55 0.04285714285714286 0.1111111111111111
1 0.8579365079365079 0.5634920634920635 0.044444444444444446 0.1365079365079365
1 0.8253968253968254 0.5428571428571428 0.05714285714285714 0.13015873015873017
1 0.523015873015873 0.553968253968254 0.0761904761904762 0.18412698412698414
1 0.4650793650793651 0.5341269841269841 0.06825396825396825 0.16507936507936508
1 0.31587301587301586 0.5658730158730159 0.08095238095238096 0.20634920634920634
1 0.2 0.557936507936508 0.06507936507936508 0.1634920634920635
1 0.1380952380952381 0.5666666666666667 0.05873015873015873 0.20793650793650795
1 0.11746031746031746 0.6611111111111111 0.02857142857142857 0.049206349206349205
1 0.07063492063492063 0.5698412698412698 0.07777777777777778 0.20317460317460317
1 0.25317460317460316 0.5650793650793651 0.06666666666666667 0.18253968253968253
1 0.9825396825396825 0.6 0.031746031746031744 0.11904761904761904
1 0.9555555555555556 0.6801587301587302 0.049206349206349205 0.13015873015873017
1 0.8928571428571429 0.7 0.023809523809523808 0.06349206349206349
1 0.8531746031746031 0.6626984126984127 0.05873015873015873 0.09365079365079365
1 0.7976190476190477 0.6928571428571428 0.049206349206349205 0.10952380952380952
1 0.7658730158730159 0.5825396825396826 0.05238095238095238 0.1619047619047619
1 0.6158730158730159 0.6253968253968254 0.05714285714285714 0.09047619047619047