1 0.3617021276595745 0.5478723404255319 0.08333333333333333 0.25886524822695034
1 0.43882978723404253 0.5921985815602837 0.06560283687943262 0.25
1 0.2854609929078014 0.5842198581560284 0.0549645390070922 0.25354609929078015
1 0.75 0.5097517730496454 0.05319148936170213 0.17198581560283688
1 0.6312056737588653 0.500886524822695 0.047872340425531915 0.1950354609929078
1 0.6684397163120568 0.5416666666666666 0.040780141843971635 0.1400709219858156
1 0.0425531914893617 0.5195035460992907 0.047872340425531915 0.12943262411347517
1 0.09663120567375887 0.523936170212766 0.0425531914893617 0.12056737588652482
1 0.1356382978723404 0.5062056737588653 0.044326241134751775 0.15070921985815602
1 0.17375886524822695 0.526595744680851 0.05673758865248227 0.14361702127659576
1 0.5106382978723404 0.49113475177304966 0.07801418439716312 0.20390070921985815
1 0.5762411347517731 0.5079787234042553 0.07092198581560284 0.18262411347517732
1 0.7393617021276596 0.46099290780141844 0.0797872340425532 0.22872340425531915
1 0.8696808510638298 0.46099290780141844 0.0673758865248227 0.17907801418439717
1 0.9379432624113475 0.44592198581560283 0.05673758865248227 0.2322695035460993
1 0.9539007092198581 0.3395390070921986 0.030141843971631204 0.05319148936170213
1 0.9867021276595744 0.4379432624113475 0.026595744680851064 0.22340425531914893
1 0.8093971631205674 0.4574468085106383 0.0673758865248227 0.20390070921985815
1 0.02127659574468085 0.3820921985815603 0.0425531914893617 0.14361702127659576
1 0.08599290780141844 0.35638297872340424 0.024822695035460994 0.06914893617021277
1 0.13386524822695037 0.3953900709219858 0.06205673758865248 0.10283687943262411
1 0.19326241134751773 0.35726950354609927 0.04964539007092199 0.12056737588652482
1 0.2375886524822695 0.4778368794326241 0.05319148936170213 0.17907801418439717
1 0.40070921985815605 0.41843971631205673 0.06028368794326241 0.09929078014184398