1 0.3536392405063291 0.4912974683544304 0.08860759493670886 0.23417721518987342
1 0.4177215189873418 0.5379746835443038 0.07436708860759493 0.22626582278481014
1 0.2824367088607595 0.5166139240506329 0.06487341772151899 0.22943037974683544
1 0.7025316455696202 0.4936708860759494 0.056962025316455694 0.15664556962025317
1 0.5973101265822784 0.4754746835443038 0.05379746835443038 0.17721518987341772
1 0.6265822784810127 0.5142405063291139 0.04588607594936709 0.1281645569620253
1 0.07357594936708861 0.43670886075949367 0.05063291139240506 0.11867088607594936
1 0.12104430379746836 0.4454113924050633 0.04588607594936709 0.11075949367088607
1 0.1574367088607595 0.43354430379746833 0.0490506329113924 0.13765822784810128
1 0.18908227848101267 0.45569620253164556 0.060126582278481014 0.12974683544303797
1 0.4912974683544304 0.4549050632911392 0.08227848101265822 0.185126582278481
1 0.5482594936708861 0.4762658227848101 0.07436708860759493 0.1661392405063291
1 0.696993670886076 0.4501582278481013 0.08544303797468354 0.20727848101265822
1 0.8132911392405063 0.4612341772151899 0.07120253164556962 0.1629746835443038
1 0.875 0.4549050632911392 0.06487341772151899 0.2088607594936709
1 0.8987341772151899 0.3615506329113924 0.030063291139240507 0.0490506329113924
1 0.942246835443038 0.4549050632911392 0.08386075949367089 0.20411392405063292
1 0.759493670886076 0.4525316455696203 0.07278481012658228 0.185126582278481
1 0.027689873417721517 0.3900316455696203 0.0490506329113924 0.12025316455696203
1 0.06408227848101265 0.31329113924050633 0.05379746835443038 0.13132911392405064
1 0.127373417721519 0.2958860759493671 0.02531645569620253 0.06329113924050633
1 0.1661392405063291 0.3346518987341772 0.061708860759493674 0.0949367088607595
1 0.22231012658227847 0.3061708860759494 0.05221518987341772 0.11075949367088607
1 0.25 0.4177215189873418 0.058544303797468354 0.1629746835443038
1 0.40110759493670883 0.3805379746835443 0.060126582278481014 0.09177215189873418