1 0.24422442244224424 0.2524752475247525 0.37293729372937295 0.504950495049505
1 0.4306930693069307 0.4414191419141914 0.019801980198019802 0.07590759075907591
1 0.9546204620462047 0.11303630363036303 0.07590759075907591 0.16831683168316833
1 0.6460396039603961 0.17656765676567657 0.07095709570957096 0.12871287128712872
1 0.4273927392739274 0.5099009900990099 0.02145214521452145 0.06105610561056106
1 0.7615511551155115 0.16666666666666666 0.0462046204620462 0.10726072607260725
1 0.4306930693069307 0.4174917491749175 0.01485148514851485 0.04950495049504951
1 0.4273927392739274 0.47854785478547857 0.018151815181518153 0.07920792079207921
1 0.7145214521452146 0.19306930693069307 0.0462046204620462 0.12376237623762376
1 0.816006600660066 0.15841584158415842 0.04785478547854786 0.14356435643564355
1 0.44884488448844884 0.1905940594059406 0.024752475247524754 0.13036303630363036
1 0.4612211221122112 0.10973597359735973 0.037953795379537955 0.1254125412541254
1 0.5808580858085809 0.3844884488448845 0.034653465346534656 0.04785478547854786
1 0.6773927392739274 0.0627062706270627 0.11056105610561057 0.10891089108910891
1 0.933993399339934 0.26815181518151815 0.034653465346534656 0.07260726072607261
1 0.5866336633663366 0.26732673267326734 0.0429042904290429 0.08250825082508251
1 0.4298679867986799 0.45544554455445546 0.02145214521452145 0.09900990099009901
1 0.429042904290429 0.47112211221122113 0.02145214521452145 0.06930693069306931
1 0.42574257425742573 0.4752475247524752 0.01485148514851485 0.0627062706270627
1 0.5924092409240924 0.09158415841584158 0.09570957095709572 0.1716171617161716
1 0.7483498349834984 0.07838283828382839 0.08250825082508251 0.12871287128712872
1 0.4372937293729373 0.40016501650165015 0.0297029702970297 0.10561056105610561
1 0.43481848184818483 0.37623762376237624 0.019801980198019802 0.06435643564356436
1 0.466996699669967 0.07013201320132013 0.0462046204620462 0.14026402640264027
1 0.5074257425742574 0.08828382838283828 0.08415841584158416 0.17656765676567657
1 0.8820132013201321 0.22772277227722773 0.0858085808580858 0.2838283828382838
1 0.46947194719471946 0.0594059405940594 0.04785478547854786 0.1188118811881188
1 0.47277227722772275 0.0297029702970297 0.04785478547854786 0.0594059405940594
1 0.47194719471947194 0.039603960396039604 0.0462046204620462 0.07920792079207921
1 0.44966996699669964 0.2632013201320132 0.04785478547854786 0.2854785478547855
1 0.4438943894389439 0.3201320132013201 0.041254125412541254 0.23432343234323433
1 0.9356435643564357 0.4075907590759076 0.052805280528052806 0.10561056105610561
1 0.9570957095709571 0.09488448844884488 0.0858085808580858 0.13366336633663367
1 0.5123762376237624 0.040429042904290426 0.07095709570957096 0.08085808580858085
1 0.594059405940594 0.040429042904290426 0.08250825082508251 0.07425742574257425
1 0.46782178217821785 0.040429042904290426 0.041254125412541254 0.08085808580858085
1 0.46204620462046203 0.07755775577557755 0.039603960396039604 0.1551155115511551
1 0.7491749174917491 0.2706270627062706 0.05115511551155116 0.1485148514851485
1 0.8052805280528053 0.28465346534653463 0.0429042904290429 0.1419141914191419
1 0.636963696369637 0.27970297029702973 0.04785478547854786 0.11056105610561057
1 0.16501650165016502 0.7483498349834984 0.33003300330033003 0.4768976897689769
1 0.7351485148514851 0.7722772277227723 0.5198019801980198 0.45544554455445546