1 0.2468553459119497 0.26336477987421386 0.33962264150943394 0.5204402515723271
1 0.4441823899371069 0.4488993710691824 0.01729559748427673 0.07075471698113207
1 0.9064465408805031 0.08254716981132075 0.06761006289308176 0.1650943396226415
1 0.6218553459119497 0.17688679245283018 0.06446540880503145 0.12106918238993711
1 0.4481132075471698 0.5141509433962265 0.018867924528301886 0.05660377358490566
1 0.7303459119496856 0.15644654088050314 0.040880503144654086 0.10062893081761007
1 0.4418238993710692 0.4268867924528302 0.012578616352201259 0.04716981132075472
1 0.4441823899371069 0.48427672955974843 0.015723270440251572 0.07547169811320754
1 0.6878930817610063 0.18553459119496854 0.040880503144654086 0.1179245283018868
1 0.7806603773584906 0.14229559748427673 0.040880503144654086 0.13679245283018868
1 0.4363207547169811 0.2099056603773585 0.020440251572327043 0.12264150943396226
1 0.9764150943396226 0.06367924528301887 0.0220125786163522 0.12735849056603774
1 0.44025157232704404 0.13128930817610063 0.0330188679245283 0.11949685534591195
1 0.5809748427672956 0.3805031446540881 0.031446540880503145 0.04559748427672956
1 0.6383647798742138 0.05738993710691824 0.10377358490566038 0.11477987421383648
1 0.9040880503144654 0.235062893081761 0.029874213836477988 0.06918238993710692
1 0.574685534591195 0.2688679245283019 0.03930817610062893 0.07861635220125786
1 0.4441823899371069 0.46226415094339623 0.01729559748427673 0.09433962264150944
1 0.44575471698113206 0.4772012578616352 0.01729559748427673 0.06446540880503145
1 0.44261006289308175 0.48191823899371067 0.0110062893081761 0.059748427672955975
1 0.5621069182389937 0.10141509433962265 0.08490566037735849 0.1619496855345912
1 0.7091194968553459 0.06682389937106918 0.07547169811320754 0.13364779874213836
1 0.44654088050314467 0.40959119496855345 0.025157232704402517 0.09905660377358491
1 0.4418238993710692 0.3867924528301887 0.015723270440251572 0.059748427672955975
1 0.4410377358490566 0.0809748427672956 0.040880503144654086 0.16037735849056603
1 0.48191823899371067 0.10141509433962265 0.07547169811320754 0.1761006289308176
1 0.85062893081761 0.20125786163522014 0.07232704402515723 0.2688679245283019
1 0.44261006289308175 0.07075471698113207 0.04245283018867924 0.139937106918239
1 0.44339622641509435 0.041666666666666664 0.0440251572327044 0.08176100628930817
1 0.44261006289308175 0.05110062893081761 0.04245283018867924 0.10062893081761007
1 0.4441823899371069 0.2783018867924528 0.036163522012578615 0.27044025157232704
1 0.4449685534591195 0.33254716981132076 0.031446540880503145 0.22169811320754718
1 0.9190251572327044 0.3663522012578616 0.04716981132075472 0.09905660377358491
1 0.9284591194968553 0.06446540880503145 0.1179245283018868 0.1289308176100629
1 0.4811320754716981 0.04874213836477988 0.0660377358490566 0.09748427672955975
1 0.5589622641509434 0.04323899371069182 0.0770440251572327 0.08647798742138364
1 0.43946540880503143 0.05267295597484277 0.036163522012578615 0.10377358490566038
1 0.4378930817610063 0.0880503144654088 0.0330188679245283 0.17452830188679244
1 0.7287735849056604 0.2562893081761006 0.0440251572327044 0.139937106918239
1 0.7838050314465409 0.26336477987421386 0.036163522012578615 0.13522012578616352
1 0.6234276729559748 0.2751572327044025 0.04245283018867924 0.10377358490566038
1 0.1878930817610063 0.7727987421383647 0.37264150943396224 0.45440251572327045
1 0.7641509433962265 0.7610062893081762 0.4716981132075472 0.4748427672955975