1 0.1567524115755627 0.29260450160771706 0.3135048231511254 0.2861736334405145
1 0.8577170418006431 0.21784565916398713 0.2845659163987138 0.43569131832797425
1 0.20337620578778134 0.927652733118971 0.09967845659163987 0.09807073954983923
1 0.40192926045016075 0.9485530546623794 0.14790996784565916 0.10289389067524116
1 0.4364951768488746 0.8440514469453376 0.09003215434083602 0.08681672025723473
1 0.30144694533762056 0.9356913183279743 0.08520900321543408 0.12861736334405144
1 0.1864951768488746 0.9871382636655949 0.21221864951768488 0.02572347266881029
1 0.023311897106109324 0.8536977491961415 0.04662379421221865 0.1157556270096463
1 0.3657556270096463 0.8882636655948553 0.09003215434083602 0.14469453376205788
1 0.5168810289389068 0.9959807073954984 0.10771704180064309 0.008038585209003215
1 0.02652733118971061 0.7676848874598071 0.05305466237942122 0.06913183279742766
1 0.9630225080385852 0.7178456591639871 0.07395498392282958 0.5643086816720257