1 0.07545454545454545 0.34 0.1509090909090909 0.6145454545454545
1 0.72 0.046363636363636364 0.07636363636363637 0.09272727272727273
1 0.7463636363636363 0.09636363636363636 0.06727272727272728 0.19272727272727272
1 0.8 0.1572727272727273 0.0890909090909091 0.2636363636363636
1 0.5227272727272727 0.007272727272727273 0.045454545454545456 0.014545454545454545
1 0.6254545454545455 0.06 0.10909090909090909 0.12
1 0.5509090909090909 0.08363636363636363 0.06545454545454546 0.16727272727272727
1 0.5972727272727273 0.16272727272727272 0.03272727272727273 0.09090909090909091
1 0.6590909090909091 0.28909090909090907 0.05454545454545454 0.16727272727272727
1 0.6990909090909091 0.13545454545454547 0.04363636363636364 0.13272727272727272
1 0.63 0.16363636363636364 0.05090909090909091 0.11818181818181818
1 0.7063636363636364 0.26636363636363636 0.06545454545454546 0.1890909090909091
1 0.7472727272727273 0.3181818181818182 0.06545454545454546 0.1890909090909091
1 0.8327272727272728 0.35454545454545455 0.07636363636363637 0.16
1 0.9654545454545455 0.21545454545454545 0.05090909090909091 0.3181818181818182
1 0.92 0.12363636363636364 0.034545454545454546 0.10181818181818182
1 0.9290909090909091 0.2827272727272727 0.07818181818181819 0.2509090909090909
1 0.9772727272727273 0.36 0.03636363636363636 0.1290909090909091
1 0.9918181818181818 0.49727272727272726 0.016363636363636365 0.10363636363636364
1 0.42272727272727273 0.028181818181818183 0.07090909090909091 0.05272727272727273
1 0.4827272727272727 0.014545454545454545 0.045454545454545456 0.02909090909090909
1 0.49363636363636365 0.057272727272727274 0.06 0.11454545454545455
1 0.32545454545454544 0.08181818181818182 0.06727272727272728 0.14
1 0.3663636363636364 0.06909090909090909 0.045454545454545456 0.12
1 0.4009090909090909 0.06909090909090909 0.04909090909090909 0.12727272727272726
1 0.4490909090909091 0.12181818181818181 0.04727272727272727 0.12727272727272726
1 0.5245454545454545 0.22090909090909092 0.05090909090909091 0.14363636363636365
1 0.5709090909090909 0.2409090909090909 0.05090909090909091 0.12545454545454546
1 0.2736363636363636 0.03636363636363636 0.04 0.04
1 0.25545454545454543 0.026363636363636363 0.014545454545454545 0.016363636363636365
1 0.27545454545454545 0.07818181818181819 0.05454545454545454 0.12363636363636364
1 0.2727272727272727 0.09181818181818181 0.04 0.13454545454545455
1 0.2727272727272727 0.14909090909090908 0.038181818181818185 0.13636363636363635
1 0.31 0.24636363636363637 0.07090909090909091 0.17454545454545456
1 0.41363636363636364 0.19727272727272727 0.05090909090909091 0.15454545454545454
1 0.37 0.18636363636363637 0.056363636363636366 0.12727272727272726
1 0.4590909090909091 0.24454545454545454 0.05454545454545454 0.1509090909090909
1 0.5063636363636363 0.3009090909090909 0.04727272727272727 0.1290909090909091
1 0.6 0.3245454545454545 0.07090909090909091 0.14545454545454545
1 0.6545454545454545 0.3981818181818182 0.05454545454545454 0.10727272727272727
1 0.85 0.44272727272727275 0.07636363636363637 0.13454545454545455
1 0.9218181818181819 0.5645454545454546 0.03272727272727273 0.15272727272727274
1 0.9518181818181818 0.6263636363636363 0.03636363636363636 0.1290909090909091
1 0.9772727272727273 0.6672727272727272 0.03090909090909091 0.09454545454545454
1 0.2672727272727273 0.07545454545454545 0.038181818181818185 0.11454545454545455
1 0.25636363636363635 0.026363636363636363 0.016363636363636365 0.016363636363636365
1 0.2781818181818182 0.21727272727272728 0.038181818181818185 0.14545454545454545
1 0.27636363636363637 0.27636363636363637 0.02 0.09636363636363636
1 0.2772727272727273 0.2827272727272727 0.02 0.08181818181818182
1 0.3809090909090909 0.30727272727272725 0.05272727272727273 0.17272727272727273
1 0.42363636363636364 0.32727272727272727 0.056363636363636366 0.14181818181818182
1 0.2818181818181818 0.12090909090909091 0.06727272727272728 0.2109090909090909
1 0.27454545454545454 0.18181818181818182 0.03272727272727273 0.10363636363636364
1 0.28363636363636363 0.25181818181818183 0.04727272727272727 0.18181818181818182
1 0.2790909090909091 0.28 0.02727272727272727 0.1290909090909091
1 0.2881818181818182 0.3209090909090909 0.04181818181818182 0.16363636363636364
1 0.2818181818181818 0.32181818181818184 0.02181818181818182 0.08181818181818182
1 0.33636363636363636 0.5427272727272727 0.06181818181818182 0.17636363636363636
1 0.4772727272727273 0.46090909090909093 0.038181818181818185 0.11818181818181818
1 0.4172727272727273 0.4309090909090909 0.04363636363636364 0.08
1 0.40636363636363637 0.5218181818181818 0.04909090909090909 0.12
1 0.6172727272727273 0.46545454545454545 0.04181818181818182 0.10727272727272727
1 0.66 0.4818181818181818 0.04 0.08363636363636363
1 0.7381818181818182 0.509090909090909 0.034545454545454546 0.09454545454545454
1 0.7836363636363637 0.42818181818181816 0.056363636363636366 0.12181818181818181
1 0.7072727272727273 0.4163636363636364 0.045454545454545456 0.10181818181818182
1 0.5245454545454545 0.6318181818181818 0.034545454545454546 0.09454545454545454
1 0.55 0.6745454545454546 0.02909090909090909 0.06727272727272728
1 0.8163636363636364 0.7445454545454545 0.03272727272727273 0.023636363636363636
1 0.2909090909090909 0.37636363636363634 0.034545454545454546 0.12181818181818181
1 0.3109090909090909 0.6572727272727272 0.025454545454545455 0.12
1 0.2963636363636364 0.44727272727272727 0.03090909090909091 0.11636363636363636
1 0.3236363636363636 0.40636363636363637 0.038181818181818185 0.11090909090909092
1 0.3563636363636364 0.4309090909090909 0.04181818181818182 0.10727272727272727
1 0.2990909090909091 0.47454545454545455 0.03090909090909091 0.11636363636363636
1 0.2909090909090909 0.3527272727272727 0.04363636363636364 0.1890909090909091
1 0.3118181818181818 0.6481818181818182 0.025454545454545455 0.08181818181818182
1 0.31636363636363635 0.7263636363636363 0.02 0.09090909090909091
1 0.49636363636363634 0.6745454545454546 0.025454545454545455 0.08
1 0.5181818181818182 0.5327272727272727 0.03272727272727273 0.09272727272727273
1 0.4863636363636364 0.5718181818181818 0.02909090909090909 0.08
1 0.5118181818181818 0.43363636363636365 0.025454545454545455 0.07090909090909091
1 0.2818181818181818 0.3463636363636364 0.01818181818181818 0.07818181818181819
1 0.2963636363636364 0.38181818181818183 0.045454545454545456 0.15272727272727274
1 0.2790909090909091 0.30363636363636365 0.02181818181818182 0.10545454545454545
1 0.29 0.4018181818181818 0.025454545454545455 0.11090909090909092
1 0.3009090909090909 0.5345454545454545 0.02181818181818182 0.09454545454545454
1 0.30454545454545456 0.5409090909090909 0.02727272727272727 0.07454545454545454
1 0.31363636363636366 0.6881818181818182 0.02 0.07090909090909091
1 0.37727272727272726 0.6481818181818182 0.034545454545454546 0.08727272727272728
1 0.41454545454545455 0.6354545454545455 0.038181818181818185 0.09818181818181818
1 0.30454545454545456 0.5936363636363636 0.02181818181818182 0.10181818181818182
1 0.6863636363636364 0.6881818181818182 0.023636363636363636 0.06909090909090909
1 0.6290909090909091 0.6736363636363636 0.03090909090909091 0.07818181818181819
1 0.4490909090909091 0.6036363636363636 0.04909090909090909 0.12
1 0.87 0.7154545454545455 0.01818181818181818 0.04181818181818182
1 0.8054545454545454 0.54 0.03090909090909091 0.0890909090909091
1 0.7881818181818182 0.5763636363636364 0.02727272727272727 0.07272727272727272
1 0.7118181818181818 0.5036363636363637 0.034545454545454546 0.08
1 0.6872727272727273 0.5263636363636364 0.034545454545454546 0.08545454545454545
1 0.6681818181818182 0.5590909090909091 0.034545454545454546 0.07636363636363637
1 0.6145454545454545 0.5463636363636364 0.023636363636363636 0.06363636363636363
1 0.5672727272727273 0.4990909090909091 0.04 0.08363636363636363
1 0.5645454545454546 0.4209090909090909 0.02181818181818182 0.06363636363636363
1 0.8781818181818182 0.5336363636363637 0.025454545454545455 0.06545454545454546
1 0.8681818181818182 0.5672727272727273 0.03272727272727273 0.08545454545454545
1 0.8190909090909091 0.5854545454545454 0.02727272727272727 0.06
1 0.84 0.5854545454545454 0.01818181818181818 0.05090909090909091
1 0.759090909090909 0.5445454545454546 0.03090909090909091 0.0890909090909091
1 0.73 0.6081818181818182 0.023636363636363636 0.08181818181818182
1 0.8090909090909091 0.6372727272727273 0.02 0.06363636363636363
1 0.88 0.6336363636363637 0.03272727272727273 0.06
1 0.8918181818181818 0.7290909090909091 0.014545454545454545 0.03272727272727273
1 0.2972727272727273 0.46454545454545454 0.02727272727272727 0.08545454545454545
1 0.2963636363636364 0.5 0.02 0.08727272727272728
1 0.5872727272727273 0.5963636363636363 0.025454545454545455 0.06363636363636363
1 0.5681818181818182 0.5745454545454546 0.023636363636363636 0.04909090909090909
1 0.5463636363636364 0.5427272727272727 0.03090909090909091 0.06909090909090909
1 0.5663636363636364 0.6254545454545455 0.03090909090909091 0.08181818181818182
1 0.6709090909090909 0.7436363636363637 0.01818181818181818 0.05090909090909091
1 0.5327272727272727 0.7245454545454545 0.02909090909090909 0.08727272727272728
1 0.5527272727272727 0.7381818181818182 0.025454545454545455 0.07272727272727272
1 0.8390909090909091 0.7372727272727273 0.02181818181818182 0.03272727272727273
1 0.9090909090909091 0.6218181818181818 0.02727272727272727 0.09636363636363636
1 0.3109090909090909 0.67 0.01818181818181818 0.06909090909090909
1 0.46454545454545454 0.7418181818181818 0.02909090909090909 0.0890909090909091
1 0.76 0.6618181818181819 0.038181818181818185 0.0890909090909091
1 0.8281818181818181 0.6445454545454545 0.02727272727272727 0.06545454545454546
1 0.18 0.899090909090909 0.3090909090909091 0.2018181818181818
1 0.6609090909090909 0.87 0.6781818181818182 0.26