1 0.9762323943661971 0.8573943661971831 0.03697183098591549 0.14084507042253522
1 0.0801056338028169 0.4471830985915493 0.051056338028169015 0.12852112676056338
1 0.5545774647887324 0.3653169014084507 0.051056338028169015 0.14084507042253522
1 0.46919014084507044 0.539612676056338 0.035211267605633804 0.0880281690140845
1 0.7174295774647887 0.18221830985915494 0.040492957746478875 0.11267605633802817
1 0.6663732394366197 0.3477112676056338 0.045774647887323945 0.09154929577464789
1 0.6540492957746479 0.16637323943661972 0.058098591549295774 0.1443661971830986
1 0.5325704225352113 0.48151408450704225 0.05457746478873239 0.125
1 0.7077464788732394 0.3089788732394366 0.04225352112676056 0.11971830985915492
1 0.761443661971831 0.25528169014084506 0.04225352112676056 0.10915492957746478
1 0.5924295774647887 0.29225352112676056 0.04929577464788732 0.12323943661971831
1 0.5448943661971831 0.17077464788732394 0.058098591549295774 0.13556338028169015
1 0.6329225352112676 0.07922535211267606 0.04401408450704225 0.1056338028169014
1 0.49119718309859156 0.2112676056338028 0.04753521126760563 0.12147887323943662
1 0.4471830985915493 0.3512323943661972 0.04753521126760563 0.12852112676056338
1 0.3908450704225352 0.07658450704225352 0.0528169014084507 0.15316901408450703
1 0.6408450704225352 0.4022887323943662 0.04753521126760563 0.0897887323943662
1 0.26936619718309857 0.29401408450704225 0.22183098591549297 0.5880281690140845
1 0.12147887323943662 0.17517605633802816 0.09859154929577464 0.3028169014084507
1 0.02992957746478873 0.24471830985915494 0.05457746478873239 0.21654929577464788
1 0.8794014084507042 0.5026408450704225 0.24119718309859156 0.9947183098591549
1 0.24735915492957747 0.8160211267605634 0.07042253521126761 0.20598591549295775
1 0.38380281690140844 0.7059859154929577 0.06514084507042253 0.20422535211267606
1 0.3274647887323944 0.738556338028169 0.051056338028169015 0.1637323943661972