1 0.6328125 0.9484375 0.040625 0.103125
1 0.97734375 0.9109375 0.0453125 0.178125
1 0.559375 0.76875 0.015625 0.0578125
1 0.80546875 0.77578125 0.01875 0.05
1 0.80546875 0.73125 0.0109375 0.028125
1 0.73125 0.6578125 0.015625 0.046875
1 0.21953125 0.77109375 0.0140625 0.059375
1 0.2484375 0.859375 0.0171875 0.0625
1 0.53125 0.71171875 0.0140625 0.0625
1 0.4625 0.78125 0.0140625 0.0390625
1 0.46015625 0.834375 0.0125 0.0390625
1 0.5140625 0.87265625 0.0125 0.06875
1 0.459375 0.90625 0.01875 0.0625
1 0.45 0.98125 0.0109375 0.0375
1 0.51015625 0.93125 0.0109375 0.040625
1 0.534375 0.8515625 0.0078125 0.0328125
1 0.53046875 0.84375 0.0078125 0.0328125
1 0.5140625 0.8 0.01875 0.08125
1 0.49765625 0.82890625 0.0140625 0.0359375
1 0.25234375 0.5578125 0.0109375 0.046875
1 0.33125 0.8625 0.015625 0.0953125
1 0.30546875 0.76953125 0.015625 0.0640625