1 0.11785714285714285 0.039285714285714285 0.05357142857142857 0.07857142857142857
1 0.9910714285714286 0.4669642857142857 0.017857142857142856 0.13035714285714287
1 0.5276785714285714 0.5267857142857143 0.0625 0.14642857142857144
1 0.6232142857142857 0.35446428571428573 0.0375 0.09107142857142857
1 0.35267857142857145 0.7035714285714286 0.04642857142857143 0.11428571428571428
1 0.4133928571428571 0.5383928571428571 0.05178571428571429 0.09642857142857143
1 0.4160714285714286 0.7232142857142857 0.06607142857142857 0.15
1 0.5553571428571429 0.4107142857142857 0.0625 0.13035714285714287
1 0.36964285714285716 0.5758928571428571 0.05178571428571429 0.125
1 0.3125 0.6276785714285714 0.05 0.11428571428571428
1 0.48482142857142857 0.5991071428571428 0.05714285714285714 0.12857142857142856
1 0.5276785714285714 0.725 0.06607142857142857 0.1392857142857143
1 0.43214285714285716 0.8133928571428571 0.05 0.11071428571428571
1 0.5839285714285715 0.6866071428571429 0.055357142857142855 0.12678571428571428
1 0.6357142857142857 0.5473214285714286 0.055357142857142855 0.13392857142857142
1 0.048214285714285716 0.4232142857142857 0.048214285714285716 0.09464285714285714
1 0.675 0.86875 0.06607142857142857 0.24107142857142858
1 0.4419642857142857 0.48482142857142857 0.05 0.09464285714285714
1 0.80625 0.6544642857142857 0.2625 0.6910714285714286
1 0.9455357142857143 0.7410714285714286 0.09821428571428571 0.3107142857142857
1 0.1732142857142857 0.4928571428571429 0.3464285714285714 0.9857142857142858
1 0.8607142857142858 0.10714285714285714 0.07857142857142857 0.16964285714285715
1 0.71875 0.19107142857142856 0.07678571428571429 0.20714285714285716
1 0.7767857142857143 0.16160714285714287 0.05892857142857143 0.16964285714285715