1 0.6631832797427653 0.9453376205787781 0.04501607717041801 0.09967845659163987
1 0.9951768488745981 0.8946945337620579 0.00964630225080386 0.1752411575562701
1 0.5819935691318328 0.7676848874598071 0.017684887459807074 0.0594855305466238
1 0.8352090032154341 0.7660771704180064 0.02090032154340836 0.05144694533762058
1 0.8336012861736335 0.7202572347266881 0.012861736334405145 0.028938906752411574
1 0.7548231511254019 0.6471061093247589 0.017684887459807074 0.04823151125401929
1 0.23231511254019294 0.7821543408360129 0.01607717041800643 0.06109324758842444
1 0.2652733118971061 0.8713826366559485 0.01929260450160772 0.06430868167202572
1 0.5506430868167203 0.7098070739549839 0.01607717041800643 0.06430868167202572
1 0.48231511254019294 0.7837620578778135 0.01607717041800643 0.04019292604501608
1 0.48231511254019294 0.8384244372990354 0.014469453376205787 0.04019292604501608
1 0.5385852090032154 0.8762057877813505 0.01607717041800643 0.0707395498392283
1 0.48392282958199356 0.912379421221865 0.02090032154340836 0.06430868167202572
1 0.4758842443729904 0.9847266881028939 0.012861736334405145 0.03054662379421222
1 0.5369774919614148 0.9364951768488746 0.012861736334405145 0.04180064308681672
1 0.5586816720257235 0.8536977491961415 0.00964630225080386 0.03376205787781351
1 0.5546623794212219 0.8456591639871383 0.00964630225080386 0.03376205787781351
1 0.5361736334405145 0.8014469453376206 0.022508038585209004 0.08360128617363344
1 0.520096463022508 0.8311897106109325 0.01607717041800643 0.03697749196141479
1 0.2580385852090032 0.5618971061093248 0.012861736334405145 0.04823151125401929
1 0.3504823151125402 0.8721864951768489 0.01929260450160772 0.09807073954983923
1 0.3207395498392283 0.7773311897106109 0.017684887459807074 0.06591639871382636