1 0.32641196013289037 0.03986710963455149 0.046511627906976744 0.061461794019933555
1 0.4161129568106312 0.19933554817275748 0.02159468438538206 0.06312292358803986
1 0.15448504983388706 0.2101328903654485 0.023255813953488372 0.054817275747508304
1 0.15780730897009967 0.2574750830564784 0.013289036544850499 0.029900332225913623
1 0.24169435215946844 0.329734219269103 0.019933554817275746 0.05149501661129568
1 0.7757475083056479 0.1719269102990033 0.019933554817275746 0.06478405315614617
1 0.7383720930232558 0.08056478405315615 0.023255813953488372 0.0681063122923588
1 0.45016611295681064 0.25830564784053156 0.019933554817275746 0.0681063122923588
1 0.5174418604651163 0.17940199335548174 0.018272425249169437 0.04318936877076412
1 0.5157807308970099 0.12292358803986711 0.016611295681063124 0.04152823920265781
1 0.45598006644518274 0.08554817275747509 0.018272425249169437 0.07142857142857142
1 0.5116279069767442 0.046511627906976744 0.024916943521594685 0.0681063122923588
1 0.45598006644518274 0.023255813953488372 0.014950166112956811 0.04318936877076412
1 0.436046511627907 0.10963455149501661 0.011627906976744186 0.03488372093023256
1 0.4410299003322259 0.11794019933554817 0.009966777408637873 0.03488372093023256
1 0.46179401993355484 0.16279069767441862 0.026578073089700997 0.08803986710963455
1 0.47674418604651164 0.13122923588039867 0.018272425249169437 0.03986710963455149
1 0.7566445182724253 0.4003322259136213 0.014950166112956811 0.05149501661129568
1 0.6503322259136213 0.08305647840531562 0.023255813953488372 0.10299003322259136
1 0.6852159468438538 0.18023255813953487 0.02159468438538206 0.06976744186046512