1 0.9317375886524822 0.8661347517730497 0.051418439716312055 0.14361702127659576
1 0.030141843971631204 0.4370567375886525 0.0549645390070922 0.13120567375886524
1 0.5088652482269503 0.36347517730496454 0.0549645390070922 0.14361702127659576
1 0.42021276595744683 0.5381205673758865 0.03723404255319149 0.09042553191489362
1 0.6773049645390071 0.18262411347517732 0.0425531914893617 0.11524822695035461
1 0.6223404255319149 0.3484042553191489 0.047872340425531915 0.09397163120567376
1 0.6125886524822695 0.16489361702127658 0.06205673758865248 0.1453900709219858
1 0.4858156028368794 0.4796099290780142 0.05673758865248227 0.12588652482269502
1 0.6648936170212766 0.30939716312056736 0.044326241134751775 0.12234042553191489
1 0.7198581560283688 0.25620567375886527 0.044326241134751775 0.11170212765957446
1 0.5487588652482269 0.2907801418439716 0.051418439716312055 0.12588652482269502
1 0.5026595744680851 0.1675531914893617 0.06205673758865248 0.13652482269503546
1 0.5939716312056738 0.07624113475177305 0.04609929078014184 0.10815602836879433
1 0.44769503546099293 0.2074468085106383 0.04964539007092199 0.12411347517730496
1 0.4015957446808511 0.3475177304964539 0.051418439716312055 0.13120567375886524
1 0.9831560283687943 0.449468085106383 0.03368794326241135 0.09397163120567376
1 0.350177304964539 0.07358156028368794 0.0549645390070922 0.14716312056737588
1 0.5957446808510638 0.4024822695035461 0.04964539007092199 0.09219858156028368
1 0.22340425531914893 0.2925531914893617 0.23404255319148937 0.5851063829787234
1 0.07712765957446809 0.16489361702127658 0.10460992907801418 0.3067375886524823
1 0.8519503546099291 0.5035460992907801 0.29609929078014185 0.9929078014184397
1 0.19237588652482268 0.8120567375886525 0.07446808510638298 0.2074468085106383
1 0.33156028368794327 0.7039007092198581 0.06914893617021277 0.20567375886524822
1 0.274822695035461 0.7349290780141844 0.05319148936170213 0.16666666666666666