1 0.6038338658146964 0.9552715654952076 0.04792332268370607 0.08945686900958466
1 0.9512779552715654 0.9297124600638977 0.0463258785942492 0.14057507987220447
1 0.5415335463258786 0.7763578274760383 0.020766773162939296 0.06070287539936102
1 0.792332268370607 0.8011182108626198 0.022364217252396165 0.052715654952076675
1 0.7955271565495208 0.7563897763578274 0.012779552715654952 0.02875399361022364
1 0.7244408945686901 0.6757188498402555 0.019169329073482427 0.04952076677316294
1 0.19488817891373802 0.7547923322683706 0.019169329073482427 0.06230031948881789
1 0.21805111821086262 0.8466453674121406 0.022364217252396165 0.06549520766773163
1 0.5167731629392971 0.7164536741214057 0.019169329073482427 0.06549520766773163
1 0.4416932907348243 0.7827476038338658 0.01757188498402556 0.04153354632587859
1 0.4353035143769968 0.8362619808306709 0.01597444089456869 0.039936102236421724
1 0.48801916932907347 0.8793929712460063 0.01757188498402556 0.07028753993610223
1 0.42971246006389774 0.9097444089456869 0.023961661341853034 0.06549520766773163
1 0.4145367412140575 0.9808306709265175 0.012779552715654952 0.02875399361022364
1 0.48003194888178913 0.939297124600639 0.01437699680511182 0.04153354632587859
1 0.5103833865814696 0.8594249201277955 0.009584664536741214 0.03354632587859425
1 0.5063897763578274 0.8514376996805112 0.009584664536741214 0.03354632587859425
1 0.4928115015974441 0.805111821086262 0.025559105431309903 0.08466453674121406
1 0.4744408945686901 0.8338658146964856 0.01757188498402556 0.038338658146964855
1 0.24361022364217252 0.5399361022364217 0.01437699680511182 0.04792332268370607
1 0.3019169329073482 0.8562300319488818 0.022364217252396165 0.09904153354632587
1 0.2827476038338658 0.7595846645367412 0.020766773162939296 0.0670926517571885