1 0.6064516129032258 0.964516129032258 0.04516129032258064 0.07096774193548387
1 0.9620967741935483 0.9314516129032258 0.05 0.13709677419354838
1 0.5362903225806451 0.7951612903225806 0.017741935483870968 0.05967741935483871
1 0.7903225806451613 0.8112903225806452 0.020967741935483872 0.05161290322580645
1 0.7919354838709678 0.7653225806451613 0.012903225806451613 0.02903225806451613
1 0.717741935483871 0.6870967741935484 0.017741935483870968 0.04838709677419355
1 0.18548387096774194 0.785483870967742 0.016129032258064516 0.06129032258064516
1 0.2120967741935484 0.8774193548387097 0.01935483870967742 0.06451612903225806
1 0.5096774193548387 0.7354838709677419 0.016129032258064516 0.06451612903225806
1 0.43629032258064515 0.8040322580645162 0.016129032258064516 0.04032258064516129
1 0.4314516129032258 0.8588709677419355 0.014516129032258065 0.04032258064516129
1 0.48629032258064514 0.9008064516129032 0.016129032258064516 0.07096774193548387
1 0.4282258064516129 0.9330645161290323 0.020967741935483872 0.06451612903225806
1 0.4798387096774194 0.9604838709677419 0.012903225806451613 0.041935483870967745
1 0.5080645161290323 0.8798387096774194 0.00967741935483871 0.03387096774193549
1 0.5040322580645161 0.8709677419354839 0.00967741935483871 0.03387096774193549
1 0.48870967741935484 0.8258064516129032 0.02258064516129032 0.08387096774193549
1 0.47096774193548385 0.8548387096774194 0.016129032258064516 0.037096774193548385
1 0.22741935483870968 0.5661290322580645 0.012903225806451613 0.04838709677419355
1 0.29758064516129035 0.8838709677419355 0.01935483870967742 0.09838709677419355
1 0.27419354838709675 0.7862903225806451 0.017741935483870968 0.06612903225806452