1 0.060810810810810814 0.12077702702702703 0.05405405405405406 0.13851351351351351
1 0.9577702702702703 0.4375 0.05574324324324324 0.1266891891891892
1 0.5118243243243243 0.5548986486486487 0.05912162162162162 0.13851351351351351
1 0.5777027027027027 0.38091216216216217 0.03547297297297297 0.08614864864864864
1 0.37077702702702703 0.7432432432432432 0.04391891891891892 0.10810810810810811
1 0.40540540540540543 0.581081081081081 0.048986486486486486 0.09121621621621621
1 0.43327702702702703 0.7533783783783784 0.0625 0.14189189189189189
1 0.5219594594594594 0.44256756756756754 0.05912162162162162 0.12331081081081081
1 0.36993243243243246 0.6216216216216216 0.048986486486486486 0.11824324324324324
1 0.32263513513513514 0.6773648648648649 0.0472972972972973 0.10810810810810811
1 0.4814189189189189 0.6283783783783784 0.05405405405405406 0.12162162162162163
1 0.5371621621621622 0.7407094594594594 0.0625 0.13175675675675674
1 0.46030405405405406 0.8353040540540541 0.0472972972972973 0.10472972972972973
1 0.5853040540540541 0.6976351351351351 0.052364864864864864 0.11993243243243243
1 0.6148648648648649 0.5599662162162162 0.052364864864864864 0.1266891891891892
1 0.04814189189189189 0.5211148648648649 0.04560810810810811 0.08952702702702703
1 0.6942567567567568 0.8555743243243243 0.0625 0.22804054054054054
1 0.42567567567567566 0.527027027027027 0.0472972972972973 0.08952702702702703
1 0.7913851351351351 0.6486486486486487 0.2483108108108108 0.6739864864864865
1 0.9408783783783784 0.700168918918919 0.1097972972972973 0.2939189189189189
1 0.16807432432432431 0.5076013513513513 0.33614864864864863 0.9847972972972973
1 0.7668918918918919 0.09881756756756757 0.0777027027027027 0.19763513513513514
1 0.6461148648648649 0.21537162162162163 0.07263513513513513 0.19594594594594594
1 0.6967905405405406 0.17989864864864866 0.05574324324324324 0.16047297297297297