1 0.4012237762237762 0.8548951048951049 0.02097902097902098 0.06468531468531469
1 0.12674825174825174 0.8776223776223776 0.024475524475524476 0.057692307692307696
1 0.12412587412587413 0.8277972027972028 0.013986013986013986 0.03146853146853147
1 0.20279720279720279 0.7412587412587412 0.02097902097902098 0.05244755244755245
1 0.7814685314685315 0.8382867132867133 0.019230769230769232 0.06643356643356643
1 0.7543706293706294 0.9379370629370629 0.022727272727272728 0.07167832167832168
1 0.4291958041958042 0.7902097902097902 0.019230769230769232 0.06993006993006994
1 0.5104895104895105 0.8636363636363636 0.017482517482517484 0.043706293706293704
1 0.5157342657342657 0.9230769230769231 0.015734265734265736 0.043706293706293704
1 0.458041958041958 0.9641608391608392 0.017482517482517484 0.07167832167832168
1 0.5201048951048951 0.9833916083916084 0.022727272727272728 0.033216783216783216
1 0.4344405594405594 0.9466783216783217 0.012237762237762238 0.03671328671328671
1 0.4379370629370629 0.9370629370629371 0.01048951048951049 0.03671328671328671
1 0.45367132867132864 0.8872377622377622 0.026223776223776224 0.09265734265734266
1 0.4737762237762238 0.9187062937062938 0.017482517482517484 0.04020979020979021
1 0.7316433566433567 0.6013986013986014 0.015734265734265736 0.05244755244755245
1 0.6617132867132867 0.9423076923076923 0.022727272727272728 0.09965034965034965
1 0.6853146853146853 0.8409090909090909 0.02097902097902098 0.07167832167832168