1 0.3671875 0.0515625 0.040625 0.103125
1 0.02265625 0.0890625 0.0453125 0.178125
1 0.440625 0.23125 0.015625 0.0578125
1 0.19453125 0.22421875 0.01875 0.05
1 0.19453125 0.26875 0.0109375 0.028125
1 0.26875 0.3421875 0.015625 0.046875
1 0.78046875 0.22890625 0.0140625 0.059375
1 0.7515625 0.140625 0.0171875 0.0625
1 0.46875 0.28828125 0.0140625 0.0625
1 0.5375 0.21875 0.0140625 0.0390625
1 0.53984375 0.165625 0.0125 0.0390625
1 0.4859375 0.12734375 0.0125 0.0671875
1 0.540625 0.09375 0.01875 0.0625
1 0.55 0.01875 0.0109375 0.0375
1 0.48984375 0.06875 0.0109375 0.040625
1 0.465625 0.1484375 0.009375 0.0328125
1 0.46953125 0.15625 0.0078125 0.0328125
1 0.4859375 0.2 0.01875 0.08125
1 0.50234375 0.17109375 0.0140625 0.0359375
1 0.74765625 0.4421875 0.0109375 0.0484375
1 0.66875 0.1375 0.015625 0.0953125
1 0.69453125 0.23046875 0.015625 0.0640625