1 0.3364406779661017 0.04915254237288136 0.04576271186440678 0.09322033898305085
1 0.4186440677966102 0.23389830508474577 0.01864406779661017 0.06271186440677966
1 0.15169491525423728 0.2305084745762712 0.022033898305084745 0.05423728813559322
1 0.15254237288135594 0.2788135593220339 0.011864406779661017 0.030508474576271188
1 0.2347457627118644 0.35677966101694913 0.01864406779661017 0.05084745762711865
1 0.7872881355932203 0.2245762711864407 0.01694915254237288 0.06440677966101695
1 0.7542372881355932 0.12966101694915255 0.020338983050847456 0.06779661016949153
1 0.45084745762711864 0.29491525423728815 0.01694915254237288 0.06779661016949153
1 0.523728813559322 0.21779661016949153 0.015254237288135594 0.0423728813559322
1 0.5254237288135594 0.16016949152542373 0.013559322033898305 0.0423728813559322
1 0.4661016949152542 0.12033898305084746 0.015254237288135594 0.07288135593220339
1 0.5245762711864407 0.08220338983050847 0.022033898305084745 0.06779661016949153
1 0.5330508474576271 0.010169491525423728 0.011864406779661017 0.020338983050847456
1 0.4694915254237288 0.05677966101694915 0.011864406779661017 0.04406779661016949
1 0.4449152542372881 0.14322033898305084 0.010169491525423728 0.03559322033898305
1 0.4491525423728814 0.15169491525423728 0.00847457627118644 0.03559322033898305
1 0.46779661016949153 0.19915254237288135 0.022033898305084745 0.08813559322033898
1 0.4847457627118644 0.1669491525423729 0.015254237288135594 0.03898305084745763
1 0.7559322033898305 0.45677966101694917 0.013559322033898305 0.05254237288135593
1 0.6644067796610169 0.12796610169491526 0.01864406779661017 0.10338983050847457
1 0.6940677966101695 0.22796610169491524 0.01864406779661017 0.06949152542372881