1 0.34454545454545454 0.18727272727272729 0.2672727272727273 0.37454545454545457
1 0.8318181818181818 0.17727272727272728 0.22727272727272727 0.32181818181818184
1 0.35545454545454547 0.7372727272727273 0.17636363636363636 0.5163636363636364
1 0.9409090909090909 0.7036363636363636 0.11818181818181818 0.5927272727272728
1 0.9345454545454546 0.9090909090909091 0.08727272727272728 0.18181818181818182
1 0.7681818181818182 0.759090909090909 0.27454545454545454 0.4818181818181818
1 0.5672727272727273 0.8554545454545455 0.08181818181818182 0.16
1 0.4636363636363636 0.860909090909091 0.09818181818181818 0.10181818181818182
1 0.43363636363636365 0.85 0.03636363636363636 0.12
1 0.4409090909090909 0.8636363636363636 0.05818181818181818 0.18727272727272729
1 0.4690909090909091 0.8736363636363637 0.12 0.25272727272727274