1 0.372626582278481 0.17563291139240506 0.21677215189873417 0.3512658227848101
1 0.7966772151898734 0.15110759493670886 0.18354430379746836 0.2958860759493671
1 0.40822784810126583 0.6882911392405063 0.13132911392405064 0.4762658227848101
1 0.9382911392405063 0.6732594936708861 0.12341772151898735 0.6281645569620253
1 0.9375 0.8180379746835443 0.09968354430379747 0.20094936708860758
1 0.7681962025316456 0.682753164556962 0.21835443037974683 0.4287974683544304
1 0.5973101265822784 0.7650316455696202 0.06329113924050633 0.1360759493670886
1 0.5079113924050633 0.7745253164556962 0.08069620253164557 0.08544303797468354
1 0.4810126582278481 0.7666139240506329 0.02689873417721519 0.10284810126582279
1 0.48813291139240506 0.7784810126582279 0.04272151898734177 0.16139240506329114
1 0.5126582278481012 0.814873417721519 0.0949367088607595 0.2737341772151899