1 0.34178321678321677 0.2534965034965035 0.6101398601398601 0.506993006993007
1 0.8741258741258742 0.0944055944055944 0.15734265734265734 0.1486013986013986
1 0.6818181818181818 0.6354895104895105 0.17832167832167833 0.25524475524475526
1 0.49038461538461536 0.6162587412587412 0.20454545454545456 0.24475524475524477
1 0.28496503496503495 0.6057692307692307 0.17132867132867133 0.2517482517482518
1 0.08741258741258741 0.5935314685314685 0.17482517482517482 0.256993006993007
1 0.6695804195804196 0.8409090909090909 0.17832167832167833 0.3181818181818182
1 0.4737762237762238 0.8085664335664335 0.21328671328671328 0.38286713286713286
1 0.26048951048951047 0.7928321678321678 0.1660839160839161 0.3916083916083916
1 0.08653846153846154 0.7753496503496503 0.17307692307692307 0.40034965034965037
1 0.8225524475524476 0.7596153846153846 0.17657342657342656 0.4807692307692308