1 0.3891509433962264 0.24528301886792453 0.5518867924528302 0.49056603773584906
1 0.8671383647798742 0.1029874213836478 0.14465408805031446 0.16666666666666666
1 0.6926100628930818 0.6061320754716981 0.16037735849056603 0.22955974842767296
1 0.5204402515723271 0.5888364779874213 0.18396226415094338 0.22012578616352202
1 0.3356918238993711 0.5801886792452831 0.1540880503144654 0.22641509433962265
1 0.15644654088050314 0.5699685534591195 0.16352201257861634 0.23113207547169812
1 0.025157232704402517 0.5589622641509434 0.050314465408805034 0.22169811320754718
1 0.6784591194968553 0.8238993710691824 0.1650943396226415 0.3522012578616352
1 0.5039308176100629 0.7948113207547169 0.19654088050314467 0.41037735849056606
1 0.3113207547169811 0.7814465408805031 0.1540880503144654 0.419811320754717
1 0.1430817610062893 0.7665094339622641 0.18396226415094338 0.4276729559748428
1 0.026729559748427674 0.7562893081761006 0.05345911949685535 0.42138364779874216
1 0.8176100628930818 0.7507861635220126 0.16352201257861634 0.49842767295597484