0 0.7925 0.31333333333333335 0.06 0.38666666666666666
0 0.3466666666666667 0.38166666666666665 0.09166666666666666 0.4633333333333333
0 0.7133333333333334 0.3616666666666667 0.11833333333333333 0.6466666666666666
0 0.845 0.36 0.12833333333333333 0.6133333333333333
0 0.24166666666666667 0.4708333333333333 0.11833333333333333 0.6166666666666667
0 0.5625 0.44 0.07333333333333333 0.5166666666666667
0 0.6433333333333333 0.48 0.21666666666666667 0.96
0 0.4608333333333333 0.53 0.24833333333333332 0.9383333333333334
0 0.30666666666666664 0.10166666666666667 0.023333333333333334 0.1
0 0.21833333333333332 0.14083333333333334 0.03 0.09333333333333334
0 0.1925 0.14583333333333334 0.025 0.09833333333333333
0 0.2525 0.14083333333333334 0.023333333333333334 0.11666666666666667
0 0.3 0.14416666666666667 0.025 0.10666666666666667