0 0.7573770491803279 0.45 0.11639344262295082 0.3901639344262295
0 0.3139344262295082 0.3524590163934426 0.15901639344262294 0.4737704918032787
0 0.6762295081967213 0.4680327868852459 0.21311475409836064 0.6557377049180327
0 0.8057377049180328 0.5155737704918033 0.21639344262295082 0.6262295081967213
0 0.20491803278688525 0.39918032786885244 0.2081967213114754 0.6278688524590164
0 0.5229508196721312 0.4885245901639344 0.15081967213114755 0.5180327868852459
0 0.5991803278688524 0.510655737704918 0.3590163934426229 0.978688524590164
0 0.4155737704918033 0.5237704918032787 0.38524590163934425 0.9524590163934427
0 0.29098360655737704 0.06885245901639345 0.036065573770491806 0.10327868852459017
0 0.20081967213114754 0.07459016393442623 0.04426229508196721 0.1
0 0.17540983606557378 0.07295081967213114 0.03934426229508197 0.09344262295081968
0 0.23524590163934425 0.08688524590163935 0.03934426229508197 0.1180327868852459
0 0.28114754098360656 0.10737704918032787 0.040983606557377046 0.10819672131147541