0 0.16323024054982818 0.36683848797250856 0.08247422680412371 0.40034364261168387
0 0.6245704467353952 0.37714776632302405 0.11855670103092783 0.48109965635738833
0 0.24914089347079038 0.4054982817869416 0.1563573883161512 0.6683848797250859
0 0.1134020618556701 0.4218213058419244 0.16323024054982818 0.634020618556701
0 0.7414089347079038 0.4536082474226804 0.15292096219931273 0.6374570446735395
0 0.4097938144329897 0.46563573883161513 0.1013745704467354 0.5343642611683849
0 0.3290378006872852 0.5025773195876289 0.27319587628865977 0.9948453608247423
0 0.5197594501718213 0.5292096219931272 0.30412371134020616 0.9415807560137457
0 0.6400343642611683 0.08333333333333333 0.027491408934707903 0.10309278350515463
0 0.7345360824742269 0.11254295532646048 0.03608247422680412 0.09621993127147767
0 0.7603092783505154 0.11426116838487972 0.030927835051546393 0.1013745704467354
0 0.6993127147766323 0.11769759450171821 0.030927835051546393 0.12199312714776632
0 0.6512027491408935 0.12714776632302405 0.030927835051546393 0.10996563573883161