0 0.7663636363636364 0.32181818181818184 0.14181818181818182 0.47454545454545455
0 0.6590909090909091 0.3618181818181818 0.13818181818181818 0.4509090909090909
0 0.8727272727272727 0.4763636363636364 0.2545454545454545 0.9345454545454546
0 0.5545454545454546 0.5727272727272728 0.26545454545454544 0.8545454545454545
0 0.38 0.5945454545454546 0.24363636363636362 0.8109090909090909
0 0.14909090909090908 0.6218181818181818 0.29454545454545455 0.7563636363636363
0 0.5472727272727272 0.2390909090909091 0.045454545454545456 0.13454545454545455
0 0.6990909090909091 0.2 0.03272727272727273 0.16363636363636364
0 0.46454545454545454 0.26181818181818184 0.038181818181818185 0.11454545454545455
0 0.6845454545454546 0.20909090909090908 0.034545454545454546 0.12545454545454546
0 0.5718181818181818 0.24818181818181817 0.04181818181818182 0.14363636363636365