0 0.21245733788395904 0.24488054607508533 0.1348122866894198 0.447098976109215
0 0.31313993174061433 0.28754266211604096 0.12798634812286688 0.4249146757679181
0 0.11433447098976109 0.4129692832764505 0.22866894197952217 0.825938566552901
0 0.40955631399317405 0.49402730375426623 0.2508532423208191 0.8088737201365188
0 0.5708191126279863 0.5622866894197952 0.23378839590443687 0.8498293515358362
0 0.78839590443686 0.5981228668941979 0.27986348122866894 0.8037542662116041
0 0.4180887372013652 0.1766211604095563 0.040955631399317405 0.12457337883959044
0 0.27559726962457337 0.13395904436860068 0.032423208191126277 0.1552901023890785
0 0.4948805460750853 0.2022184300341297 0.03583617747440273 0.1075085324232082
0 0.28924914675767915 0.14334470989761092 0.032423208191126277 0.11774744027303755
0 0.39419795221843 0.18430034129692832 0.03924914675767918 0.1348122866894198