0 0.8112416107382551 0.42449664429530204 0.1493288590604027 0.4463087248322148
0 0.712248322147651 0.3951342281879195 0.14597315436241612 0.42449664429530204
0 0.8657718120805369 0.5922818791946308 0.2684563758389262 0.8154362416107382
0 0.5746644295302014 0.5151006711409396 0.2802013422818792 0.8104026845637584
0 0.41359060402684567 0.4672818791946309 0.2651006711409396 0.8456375838926175
0 0.20218120805369127 0.4161073825503356 0.3104026845637584 0.8322147651006712
0 0.6459731543624161 0.2256711409395973 0.04697986577181208 0.12583892617449666
0 0.7827181208053692 0.2827181208053691 0.03691275167785235 0.15436241610738255
0 0.5704697986577181 0.19546979865771813 0.03859060402684564 0.10906040268456375
0 0.7684563758389261 0.28104026845637586 0.03691275167785235 0.11912751677852348
0 0.665268456375839 0.24748322147651006 0.0436241610738255 0.1342281879194631