0 0.25 0.31875 0.07857142857142857 0.4142857142857143
0 0.725 0.3875 0.11428571428571428 0.4982142857142857
0 0.33303571428571427 0.36964285714285716 0.15 0.6928571428571428
0 0.19107142857142856 0.36964285714285716 0.15892857142857142 0.6571428571428571
0 0.8357142857142857 0.48214285714285715 0.14821428571428572 0.6607142857142857
0 0.4919642857142857 0.4517857142857143 0.09642857142857143 0.5553571428571429
0 0.4017857142857143 0.49910714285714286 0.2642857142857143 0.9982142857142857
0 0.5973214285714286 0.5214285714285715 0.2982142857142857 0.9571428571428572
0 0.7776785714285714 0.0875 0.026785714285714284 0.10714285714285714
0 0.8714285714285714 0.12857142857142856 0.03571428571428571 0.1
0 0.8982142857142857 0.13392857142857142 0.030357142857142857 0.10535714285714286
0 0.8339285714285715 0.12946428571428573 0.030357142857142857 0.12678571428571428
0 0.7839285714285714 0.13303571428571428 0.030357142857142857 0.11428571428571428