0 0.7373417721518988 0.2879746835443038 0.10917721518987342 0.4098101265822785
0 0.6424050632911392 0.31962025316455694 0.1060126582278481 0.38924050632911394
0 0.8346518987341772 0.4272151898734177 0.2088607594936709 0.8069620253164557
0 0.5458860759493671 0.5031645569620253 0.20569620253164558 0.7420886075949367
0 0.3939873417721519 0.555379746835443 0.18829113924050633 0.7800632911392406
0 0.1906645569620253 0.6028481012658228 0.23259493670886075 0.7943037974683544
0 0.5490506329113924 0.20965189873417722 0.03481012658227848 0.11550632911392406
0 0.6819620253164557 0.18037974683544303 0.023734177215189875 0.14240506329113925
0 0.4762658227848101 0.22705696202531644 0.030063291139240507 0.0981012658227848
0 0.6693037974683544 0.1875 0.02689873417721519 0.10759493670886076
0 0.5704113924050633 0.21835443037974683 0.03164556962025317 0.12341772151898735