0 0.1795774647887324 0.8001760563380281 0.10035211267605634 0.2904929577464789
0 0.45686619718309857 0.8054577464788732 0.1056338028169014 0.3362676056338028
0 0.4154929577464789 0.8125 0.058098591549295774 0.29225352112676056
0 0.7658450704225352 0.8151408450704225 0.0528169014084507 0.30809859154929575
0 0.3644366197183099 0.8169014084507042 0.0721830985915493 0.2623239436619718
0 0.5140845070422535 0.8195422535211268 0.06866197183098592 0.25880281690140844
0 0.647887323943662 0.8230633802816901 0.04753521126760563 0.2711267605633803
0 0.2992957746478873 0.8213028169014085 0.058098591549295774 0.301056338028169
0 0.27024647887323944 0.8230633802816901 0.07922535211267606 0.29577464788732394
0 0.7007042253521126 0.8248239436619719 0.09154929577464789 0.3204225352112676
0 0.5871478873239436 0.8257042253521126 0.09154929577464789 0.29577464788732394
0 0.06338028169014084 0.8248239436619719 0.08098591549295775 0.29401408450704225
0 0.6610915492957746 0.8274647887323944 0.08450704225352113 0.30633802816901406
0 0.8116197183098591 0.8301056338028169 0.08626760563380281 0.29577464788732394
0 0.17869718309859156 0.8265845070422535 0.09330985915492958 0.29401408450704225
0 0.8741197183098591 0.8301056338028169 0.061619718309859156 0.301056338028169
0 0.7253521126760564 0.8301056338028169 0.09507042253521127 0.3397887323943662
0 0.11355633802816902 0.8318661971830986 0.06338028169014084 0.31161971830985913
0 0.7825704225352113 0.8336267605633803 0.056338028169014086 0.2623239436619718
0 0.49119718309859156 0.8327464788732394 0.09154929577464789 0.29577464788732394
0 0.01232394366197183 0.8345070422535211 0.02464788732394366 0.29577464788732394
0 0.31778169014084506 0.835387323943662 0.10387323943661972 0.25880281690140844
0 0.01056338028169014 0.8362676056338029 0.02112676056338028 0.2711267605633803
0 0.5484154929577465 0.8397887323943662 0.06514084507042253 0.272887323943662
0 0.22183098591549297 0.8380281690140845 0.09859154929577464 0.29401408450704225
0 0.03345070422535211 0.8433098591549296 0.04225352112676056 0.2834507042253521
0 0.8565140845070423 0.8538732394366197 0.10387323943661972 0.29225352112676056