0 0.5135379061371841 0.7256317689530686 0.019855595667870037 0.048736462093862815
0 0.42418772563176893 0.7581227436823105 0.03429602888086643 0.10649819494584838
0 0.6435018050541517 0.7102888086642599 0.036101083032490974 0.09205776173285199
0 0.628158844765343 0.720216606498195 0.02888086642599278 0.08303249097472924
0 0.30144404332129965 0.8249097472924187 0.05595667870036101 0.16064981949458484
0 0.6750902527075813 0.723826714801444 0.04693140794223827 0.13357400722021662
0 0.0631768953068592 0.8862815884476535 0.052346570397111915 0.16967509025270758
0 0.04783393501805054 0.8844765342960289 0.05776173285198556 0.17328519855595667
0 0.5342960288808665 0.7906137184115524 0.0776173285198556 0.2111913357400722
0 0.8348375451263538 0.7138989169675091 0.06678700361010831 0.21660649819494585
0 0.3510830324909747 0.8474729241877257 0.07942238267148015 0.259927797833935
0 0.5866425992779783 0.7861010830324909 0.06859205776173286 0.2184115523465704
0 0.7265342960288809 0.75 0.0631768953068592 0.22563176895306858
0 0.4007220216606498 0.842057761732852 0.07581227436823104 0.2490974729241877
0 0.7481949458483754 0.7563176895306859 0.0812274368231047 0.2527075812274368
0 0.5568592057761733 0.8212996389891697 0.06678700361010831 0.16787003610108303
0 0.5 0.8384476534296029 0.05776173285198556 0.13176895306859207
0 0.24368231046931407 0.8583032490974729 0.11371841155234658 0.2545126353790614
0 0.9124548736462094 0.7382671480144405 0.11552346570397112 0.33212996389891697
0 0.2824909747292419 0.8898916967509025 0.11732851985559567 0.19855595667870035