0 0.9190251572327044 0.26257861635220126 0.04559748427672956 0.11477987421383648
0 0.7114779874213837 0.4221698113207547 0.08490566037735849 0.2688679245283019
0 0.5235849056603774 0.5676100628930818 0.13836477987421383 0.4669811320754717
0 0.48663522012578614 0.595125786163522 0.12578616352201258 0.4166666666666667
0 0.22169811320754718 0.6910377358490566 0.2578616352201258 0.6179245283018868
0 0.5801886792452831 0.5833333333333334 0.19968553459119498 0.5644654088050315
0 0.3128930817610063 0.7114779874213837 0.14465408805031446 0.4669811320754717
0 0.7665094339622641 0.49764150943396224 0.1540880503144654 0.4308176100628931
0 0.9449685534591195 0.404874213836478 0.11006289308176101 0.5455974842767296
0 0.6713836477987422 0.5558176100628931 0.1761006289308176 0.5345911949685535
0 0.9080188679245284 0.47877358490566035 0.13836477987421383 0.5047169811320755
0 0.4630503144654088 0.6918238993710691 0.1871069182389937 0.5990566037735849
0 0.8639937106918238 0.5070754716981132 0.1918238993710692 0.559748427672956