0 0.4612546125461255 0.6097785977859779 0.13837638376383765 0.5055350553505535
0 0.7933579335793358 0.5802583025830258 0.14575645756457564 0.6346863468634686
0 0.1088560885608856 0.6928044280442804 0.14391143911439114 0.5793357933579336
0 0.2767527675276753 0.6854243542435424 0.17343173431734318 0.6143911439114391
0 0.2011070110701107 0.672509225092251 0.2933579335793358 0.6365313653136532
0 0.7297047970479705 0.6392988929889298 0.2011070110701107 0.7214022140221402
0 0.07841328413284133 0.698339483394834 0.15682656826568267 0.566420664206642
0 0.6614391143911439 0.6512915129151291 0.2011070110701107 0.6974169741697417
0 0.8966789667896679 0.6263837638376384 0.2066420664206642 0.7250922509225092
0 0.5765682656826568 0.6595940959409594 0.29704797047970477 0.6808118081180812
0 0.06457564575645756 0.7149446494464945 0.12915129151291513 0.5295202952029521
0 0.4160516605166052 0.6918819188191881 0.17158671586715868 0.6162361623616236
0 0.36531365313653136 0.6955719557195572 0.22509225092250923 0.6051660516605166
0 0.8302583025830258 0.6595940959409594 0.16420664206642066 0.6531365313653137