0 0.2424496644295302 0.5041946308724832 0.06711409395973154 0.1493288590604027
0 0.14681208053691275 0.5335570469798657 0.06543624161073826 0.15100671140939598
0 0.41946308724832215 0.47651006711409394 0.07046979865771812 0.18791946308724833
0 0.45721476510067116 0.47818791946308725 0.06208053691275168 0.17953020134228187
0 0.9135906040268457 0.37080536912751677 0.08557046979865772 0.25838926174496646
0 0.610738255033557 0.4672818791946309 0.1040268456375839 0.29697986577181207
0 0.6568791946308725 0.4588926174496644 0.12248322147651007 0.33053691275167785
0 0.3976510067114094 0.5318791946308725 0.06711409395973154 0.20134228187919462
0 0.3674496644295302 0.5562080536912751 0.10738255033557047 0.3087248322147651
0 0.7776845637583892 0.4463087248322148 0.09899328859060402 0.28691275167785235
0 0.9437919463087249 0.41442953020134227 0.10570469798657718 0.3573825503355705
0 0.07634228187919463 0.6619127516778524 0.11241610738255034 0.3070469798657718
0 0.5796979865771812 0.5276845637583892 0.15268456375838926 0.3674496644295302
0 0.20889261744966442 0.6325503355704698 0.14093959731543623 0.37919463087248323
0 0.7273489932885906 0.5192953020134228 0.15100671140939598 0.40436241610738255
0 0.8640939597315436 0.4924496644295302 0.18288590604026847 0.5385906040268457
0 0.311241610738255 0.6593959731543624 0.1644295302013423 0.46308724832214765
0 0.1417785234899329 0.7239932885906041 0.1761744966442953 0.44966442953020136
0 0.4966442953020134 0.6971476510067114 0.24161073825503357 0.6057046979865772