0 0.7544964028776978 0.5575539568345323 0.2589928057553957 0.8687050359712231
0 0.6924460431654677 0.6016187050359713 0.046762589928057555 0.18165467625899281
0 0.829136690647482 0.6088129496402878 0.04136690647482014 0.16906474820143885
0 0.5512589928057554 0.5890287769784173 0.2607913669064748 0.8219424460431655
0 0.9730215827338129 0.6169064748201439 0.050359712230215826 0.21762589928057555
0 0.7023381294964028 0.6196043165467626 0.02697841726618705 0.10611510791366907
0 0.3534172661870504 0.6267985611510791 0.1474820143884892 0.48381294964028776
0 0.64568345323741 0.6303956834532374 0.023381294964028777 0.07194244604316546
0 0.24100719424460432 0.6366906474820144 0.07014388489208633 0.3489208633093525
0 0.9361510791366906 0.6627697841726619 0.04136690647482014 0.1223021582733813
0 0.3120503597122302 0.6816546762589928 0.17805755395683454 0.579136690647482