0 0.1812267657992565 0.5845724907063197 0.02973977695167286 0.07992565055762081
0 0.5641263940520446 0.6607806691449815 0.10966542750929369 0.3308550185873606
0 0.9814126394052045 0.75 0.03717472118959108 0.2174721189591078
0 0.7481412639405205 0.7267657992565055 0.06133828996282528 0.18401486988847585
0 0.4033457249070632 0.70817843866171 0.10966542750929369 0.44981412639405205
0 0.12360594795539033 0.6728624535315985 0.12639405204460966 0.5111524163568774
0 0.2862453531598513 0.7146840148698885 0.12639405204460966 0.45724907063197023
0 0.9172862453531598 0.7509293680297398 0.1654275092936803 0.46096654275092935
0 0.4563197026022305 0.7527881040892194 0.19144981412639406 0.4944237918215613
0 0.2258364312267658 0.7342007434944238 0.22490706319702602 0.5315985130111525
0 0.6282527881040892 0.7704460966542751 0.23234200743494424 0.45724907063197023