0 0.047872340425531915 0.3280141843971631 0.08333333333333333 0.2730496453900709
0 0.8164893617021277 0.523936170212766 0.12943262411347517 0.24113475177304963
0 0.8856382978723404 0.5487588652482269 0.11170212765957446 0.3351063829787234
0 0.7322695035460993 0.5390070921985816 0.08865248226950355 0.19858156028368795
0 0.5709219858156028 0.6125886524822695 0.2695035460992908 0.6365248226950354
0 0.040780141843971635 0.5443262411347518 0.08156028368794327 0.5319148936170213
0 0.16666666666666666 0.5789007092198581 0.2783687943262411 0.549645390070922
0 0.8891843971631206 0.7296099290780141 0.22163120567375885 0.5301418439716312
0 0.37854609929078015 0.6338652482269503 0.13652482269503546 0.49822695035460995
0 0.4627659574468085 0.648936170212766 0.11879432624113476 0.49645390070921985
0 0.6861702127659575 0.6950354609929078 0.17907801418439717 0.50177304964539
0 0.8147163120567376 0.7225177304964538 0.16312056737588654 0.4804964539007092
0 0.07624113475177305 0.5771276595744681 0.1524822695035461 0.49113475177304966
0 0.2916666666666667 0.6365248226950354 0.1524822695035461 0.46099290780141844