0 0.35 0.6901785714285714 0.026785714285714284 0.09464285714285714
0 0.33125 0.7196428571428571 0.039285714285714285 0.16428571428571428
0 0.18660714285714286 0.7714285714285715 0.05357142857142857 0.2017857142857143
0 0.6848214285714286 0.6714285714285714 0.07142857142857142 0.2392857142857143
0 0.07142857142857142 0.8428571428571429 0.060714285714285714 0.21607142857142858
0 0.6651785714285714 0.6803571428571429 0.10892857142857143 0.2642857142857143
0 0.9 0.6160714285714286 0.08392857142857142 0.28035714285714286
0 0.7571428571428571 0.6616071428571428 0.07321428571428572 0.2392857142857143
0 0.9392857142857143 0.6178571428571429 0.06785714285714285 0.2571428571428571
0 0.5607142857142857 0.7339285714285714 0.10714285714285714 0.3607142857142857
0 0.3196428571428571 0.8008928571428572 0.07678571428571429 0.29642857142857143
0 0.2642857142857143 0.8223214285714285 0.07678571428571429 0.3
0 0.6125 0.7375 0.09821428571428571 0.3196428571428571
0 0.49910714285714286 0.7705357142857143 0.05 0.1125
0 0.8723214285714286 0.6678571428571428 0.11785714285714285 0.3625
0 0.8241071428571428 0.6892857142857143 0.09464285714285714 0.3142857142857143
0 0.9544642857142858 0.6535714285714286 0.09107142857142857 0.40714285714285714
0 0.29375 0.8303571428571429 0.11071428571428571 0.32857142857142857
0 0.22678571428571428 0.8508928571428571 0.10535714285714286 0.2839285714285714