0 0.515422077922078 0.7459415584415584 0.012987012987012988 0.040584415584415584
0 0.4342532467532468 0.739448051948052 0.021103896103896104 0.09253246753246754
0 0.6290584415584416 0.7832792207792207 0.025974025974025976 0.07792207792207792
0 0.6152597402597403 0.7873376623376623 0.017857142857142856 0.0698051948051948
0 0.3222402597402597 0.75 0.03571428571428571 0.1396103896103896
0 0.6550324675324676 0.8076298701298701 0.030844155844155844 0.11525974025974026
0 0.10714285714285714 0.7288961038961039 0.02922077922077922 0.18506493506493507
0 0.09334415584415584 0.726461038961039 0.03571428571428571 0.19642857142857142
0 0.5267857142857143 0.8125 0.048701298701298704 0.18506493506493507
0 0.7938311688311688 0.862012987012987 0.03896103896103896 0.18831168831168832
0 0.3628246753246753 0.7905844155844156 0.045454545454545456 0.22727272727272727
0 0.573051948051948 0.8287337662337663 0.040584415584415584 0.19155844155844157
0 0.6964285714285714 0.851461038961039 0.032467532467532464 0.2012987012987013
0 0.40665584415584416 0.8051948051948052 0.04383116883116883 0.21915584415584416
0 0.7142857142857143 0.8652597402597403 0.048701298701298704 0.2224025974025974
0 0.5430194805194806 0.8482142857142857 0.04383116883116883 0.14285714285714285
0 0.4926948051948052 0.8409090909090909 0.03896103896103896 0.11201298701298701
0 0.25892857142857145 0.8035714285714286 0.07467532467532467 0.3133116883116883
0 0.8587662337662337 0.8839285714285714 0.07467532467532467 0.23214285714285715
0 0.288961038961039 0.8547077922077922 0.08441558441558442 0.27435064935064934