0 0.6604609929078015 0.5363475177304965 0.03723404255319149 0.0975177304964539
0 0.6879432624113475 0.5478723404255319 0.03368794326241135 0.08865248226950355
0 0.4946808510638298 0.523936170212766 0.030141843971631204 0.13829787234042554
0 0.5212765957446809 0.5514184397163121 0.051418439716312055 0.19680851063829788
0 0.3076241134751773 0.5336879432624113 0.08687943262411348 0.2765957446808511
0 0.9530141843971631 0.6347517730496454 0.09397163120567376 0.2765957446808511
0 0.3599290780141844 0.5638297872340425 0.07446808510638298 0.2783687943262411
0 0.4104609929078014 0.5718085106382979 0.06914893617021277 0.2730496453900709
0 0.21719858156028368 0.5567375886524822 0.09397163120567376 0.2978723404255319
0 0.5319148936170213 0.6702127659574468 0.12056737588652482 0.46099290780141844
0 0.450354609929078 0.6702127659574468 0.10815602836879433 0.46631205673758863