0 0.5664335664335665 0.34702797202797203 0.08391608391608392 0.47202797202797203
0 0.3041958041958042 0.38723776223776224 0.11363636363636363 0.5541958041958042
0 0.4090909090909091 0.375 0.11363636363636363 0.5541958041958042
0 0.6101398601398601 0.36013986013986016 0.12937062937062938 0.5594405594405595
0 0.5218531468531469 0.38374125874125875 0.10664335664335664 0.5611888111888111
0 0.6774475524475524 0.42832167832167833 0.10664335664335664 0.5751748251748252
0 0.7666083916083916 0.4195804195804196 0.16258741258741258 0.7325174825174825
0 0.34440559440559443 0.506993006993007 0.15384615384615385 0.6538461538461539
0 0.46153846153846156 0.4965034965034965 0.1590909090909091 0.6555944055944056
0 0.6267482517482518 0.48164335664335667 0.1993006993006993 0.6888111888111889
0 0.8513986013986014 0.5445804195804196 0.20454545454545456 0.756993006993007