0 0.29817275747508304 0.053156146179401995 0.02823920265780731 0.10631229235880399
0 0.27740863787375414 0.057308970099667775 0.03322259136212625 0.11461794019933555
0 0.1686046511627907 0.0739202657807309 0.054817275747508304 0.1478405315614618
0 0.8862126245847176 0.26744186046511625 0.07973421926910298 0.31893687707641194
0 0.33056478405315615 0.22259136212624583 0.132890365448505 0.44518272425249167
0 0.21760797342192692 0.21511627906976744 0.15946843853820597 0.43023255813953487
0 0.3795681063122924 0.38372093023255816 0.30398671096345514 0.7674418604651163
0 0.7475083056478405 0.4526578073089701 0.21926910299003322 0.7940199335548173
0 0.5124584717607974 0.38704318936877075 0.17109634551495018 0.7740863787375415
0 0.6096345514950167 0.4318936877076412 0.2026578073089701 0.7873754152823921
0 0.8878737541528239 0.5813953488372093 0.14950166112956811 0.8156146179401993