0 0.19262295081967212 0.46557377049180326 0.02459016393442623 0.07049180327868852
0 0.519672131147541 0.5926229508196721 0.09836065573770492 0.29508196721311475
0 0.9614754098360656 0.7614754098360655 0.03934426229508197 0.19344262295081968
0 0.8868852459016393 0.7385245901639345 0.05573770491803279 0.19344262295081968
0 0.9311475409836065 0.7631147540983606 0.07540983606557378 0.23278688524590163
0 0.6737704918032786 0.6795081967213115 0.05737704918032787 0.16229508196721312
0 0.3729508196721312 0.6081967213114754 0.1 0.4
0 0.13360655737704918 0.5336065573770492 0.1180327868852459 0.4524590163934426
0 0.2721311475409836 0.5967213114754099 0.11475409836065574 0.40491803278688526
0 0.8319672131147541 0.7622950819672131 0.1918032786885246 0.47540983606557374
0 0.4139344262295082 0.7131147540983607 0.18032786885245902 0.5524590163934426
0 0.21311475409836064 0.6450819672131147 0.20655737704918034 0.5573770491803278
0 0.5622950819672131 0.7467213114754099 0.21639344262295082 0.5065573770491804