0 0.6895424836601307 0.42892156862745096 0.14215686274509803 0.4950980392156863
0 0.08333333333333333 0.2312091503267974 0.04738562091503268 0.15522875816993464
0 0.10702614379084967 0.24428104575163398 0.04084967320261438 0.14052287581699346
0 0.05228758169934641 0.23202614379084968 0.0392156862745098 0.12745098039215685
0 0.6119281045751634 0.5122549019607843 0.08496732026143791 0.272875816993464
0 0.12826797385620914 0.36437908496732024 0.12254901960784313 0.4215686274509804
0 0.31862745098039214 0.47630718954248363 0.15522875816993464 0.4673202614379085
0 0.9183006535947712 0.6797385620915033 0.11764705882352941 0.4166666666666667
0 0.48284313725490197 0.548202614379085 0.15522875816993464 0.4918300653594771
0 0.18872549019607843 0.4812091503267974 0.1977124183006536 0.6209150326797386
0 0.8022875816993464 0.7230392156862745 0.2222222222222222 0.553921568627451