0 0.24368231046931407 0.024368231046931407 0.032490974729241874 0.048736462093862815
0 0.21931407942238268 0.029783393501805054 0.03790613718411552 0.05956678700361011
0 0.09927797833935018 0.048736462093862815 0.061371841155234655 0.09747292418772563
0 0.878158844765343 0.21931407942238268 0.09927797833935018 0.3483754512635379
0 0.27075812274368233 0.20938628158844766 0.1552346570397112 0.4187725631768953
0 0.14711191335740073 0.20216606498194944 0.18231046931407943 0.4043321299638989
0 0.3185920577617328 0.3835740072202166 0.351985559566787 0.7671480144404332
0 0.7193140794223827 0.4305054151624549 0.26534296028880866 0.8483754512635379
0 0.463898916967509 0.388086642599278 0.20938628158844766 0.776173285198556
0 0.5703971119133574 0.4151624548736462 0.2490974729241877 0.8303249097472925
0 0.868231046931408 0.555956678700361 0.19133574007220217 0.8880866425992779