0 0.28921568627450983 0.06535947712418301 0.029411764705882353 0.11437908496732026
0 0.2687908496732026 0.06781045751633986 0.03431372549019608 0.12745098039215685
0 0.16176470588235295 0.0857843137254902 0.05718954248366013 0.16176470588235295
0 0.8709150326797386 0.27124183006535946 0.08333333333333333 0.315359477124183
0 0.3235294117647059 0.2295751633986928 0.1388888888888889 0.4542483660130719
0 0.21241830065359477 0.2238562091503268 0.1650326797385621 0.4411764705882353
0 0.375 0.3872549019607843 0.31209150326797386 0.7745098039215687
0 0.7377450980392157 0.45588235294117646 0.22875816993464052 0.7843137254901961
0 0.5065359477124183 0.3929738562091503 0.18137254901960784 0.7712418300653595
0 0.6021241830065359 0.43790849673202614 0.21241830065359477 0.7777777777777778
0 0.8782679738562091 0.5800653594771242 0.16176470588235295 0.803921568627451