0 0.4671985815602837 0.1427304964539007 0.02127659574468085 0.051418439716312055
0 0.9237588652482269 0.3351063829787234 0.02304964539007092 0.04609929078014184
0 0.625886524822695 0.23847517730496454 0.02304964539007092 0.06028368794326241
0 0.4521276595744681 0.18617021276595744 0.024822695035460994 0.06560283687943262
0 0.2375886524822695 0.10195035460992907 0.024822695035460994 0.0673758865248227
0 0.7304964539007093 0.30141843971631205 0.02127659574468085 0.06560283687943262
0 0.30407801418439717 0.1356382978723404 0.028368794326241134 0.06914893617021277
0 0.33687943262411346 0.15602836879432624 0.02304964539007092 0.0726950354609929
0 0.32269503546099293 0.15159574468085107 0.024822695035460994 0.07092198581560284
0 0.499113475177305 0.22429078014184398 0.02304964539007092 0.07092198581560284
0 0.8430851063829787 0.36524822695035464 0.024822695035460994 0.05851063829787234
0 0.3466312056737589 0.16843971631205673 0.024822695035460994 0.0726950354609929
0 0.5842198581560284 0.2632978723404255 0.024822695035460994 0.07092198581560284
0 0.5212765957446809 0.24202127659574468 0.026595744680851064 0.07801418439716312
0 0.45656028368794327 0.21897163120567376 0.02304964539007092 0.05851063829787234
0 0.46631205673758863 0.22340425531914893 0.02304964539007092 0.0673758865248227
0 0.38652482269503546 0.19326241134751773 0.026595744680851064 0.0673758865248227
0 0.4299645390070922 0.21010638297872342 0.024822695035460994 0.05319148936170213
0 0.8812056737588653 0.3971631205673759 0.02304964539007092 0.06028368794326241
0 0.599290780141844 0.2854609929078014 0.024822695035460994 0.07624113475177305
0 0.4804964539007092 0.24113475177304963 0.028368794326241134 0.0726950354609929
0 0.899822695035461 0.40868794326241137 0.02304964539007092 0.05673758865248227
0 0.6923758865248227 0.32890070921985815 0.024822695035460994 0.06205673758865248
0 0.7632978723404256 0.35815602836879434 0.028368794326241134 0.0726950354609929
0 0.824468085106383 0.38563829787234044 0.024822695035460994 0.0673758865248227
0 0.8572695035460993 0.40070921985815605 0.024822695035460994 0.07092198581560284
0 0.6764184397163121 0.3280141843971631 0.026595744680851064 0.07446808510638298
0 0.7898936170212766 0.374113475177305 0.030141843971631204 0.08156028368794327
0 0.7774822695035462 0.37145390070921985 0.026595744680851064 0.07624113475177305
0 0.8058510638297872 0.3829787234042553 0.026595744680851064 0.07624113475177305
0 0.7313829787234043 0.35726950354609927 0.024822695035460994 0.0673758865248227
0 0.6613475177304965 0.33156028368794327 0.024822695035460994 0.0726950354609929
0 0.4033687943262411 0.2296099290780142 0.028368794326241134 0.06914893617021277
0 0.3599290780141844 0.21187943262411346 0.02304964539007092 0.06560283687943262
0 0.3696808510638298 0.2154255319148936 0.024822695035460994 0.07092198581560284
0 0.41843971631205673 0.23847517730496454 0.024822695035460994 0.06914893617021277
0 0.5602836879432624 0.29521276595744683 0.030141843971631204 0.0797872340425532
0 0.44858156028368795 0.25354609929078015 0.031914893617021274 0.09397163120567376
0 0.2978723404255319 0.19592198581560283 0.03368794326241135 0.08687943262411348
0 0.5044326241134752 0.27925531914893614 0.03546099290780142 0.08333333333333333
0 0.8421985815602837 0.4175531914893617 0.031914893617021274 0.0797872340425532
0 0.5771276595744681 0.3129432624113475 0.028368794326241134 0.08156028368794327
0 0.6134751773049646 0.3342198581560284 0.03368794326241135 0.09219858156028368
0 0.6276595744680851 0.3421985815602837 0.024822695035460994 0.07624113475177305
0 0.7171985815602837 0.37943262411347517 0.031914893617021274 0.0851063829787234
0 0.600177304964539 0.33156028368794327 0.028368794326241134 0.0726950354609929
0 0.425531914893617 0.2632978723404255 0.03368794326241135 0.08687943262411348
0 0.9893617021276596 0.49113475177304966 0.02127659574468085 0.05319148936170213
0 0.9689716312056738 0.48404255319148937 0.03723404255319149 0.09042553191489362
0 0.8129432624113475 0.42109929078014185 0.030141843971631204 0.06382978723404255
0 0.8714539007092199 0.449468085106383 0.028368794326241134 0.07801418439716312
0 0.6418439716312057 0.35726950354609927 0.03723404255319149 0.09397163120567376
0 0.375886524822695 0.25354609929078015 0.028368794326241134 0.08333333333333333
0 0.8891843971631206 0.46187943262411346 0.03723404255319149 0.09574468085106383
0 0.700354609929078 0.38475177304964536 0.030141843971631204 0.07801418439716312
0 0.6843971631205674 0.38386524822695034 0.031914893617021274 0.09042553191489362
0 0.7446808510638298 0.4122340425531915 0.026595744680851064 0.0673758865248227
0 0.38386524822695034 0.26773049645390073 0.031914893617021274 0.08333333333333333
0 0.5274822695035462 0.33067375886524825 0.030141843971631204 0.08865248226950355
0 0.5416666666666666 0.3351063829787234 0.031914893617021274 0.09219858156028368
0 0.7296099290780141 0.4175531914893617 0.030141843971631204 0.09042553191489362
0 0.7570921985815603 0.4326241134751773 0.028368794326241134 0.06914893617021277
0 0.9299645390070922 0.5097517730496454 0.03900709219858156 0.10283687943262411
0 0.9476950354609929 0.5177304964539007 0.03723404255319149 0.11170212765957446
0 0.601063829787234 0.38563829787234044 0.028368794326241134 0.0797872340425532
0 0.10195035460992907 0.18528368794326242 0.0425531914893617 0.09397163120567376
0 0.7393617021276596 0.4423758865248227 0.02127659574468085 0.05319148936170213
0 0.8058510638297872 0.4716312056737589 0.03546099290780142 0.09574468085106383
0 0.8297872340425532 0.48404255319148937 0.028368794326241134 0.07624113475177305
0 0.8200354609929078 0.4796099290780142 0.030141843971631204 0.09397163120567376
0 0.1870567375886525 0.22872340425531915 0.0425531914893617 0.1099290780141844
0 0.9840425531914894 0.5514184397163121 0.031914893617021274 0.10283687943262411
0 0.06382978723404255 0.17907801418439717 0.03723404255319149 0.09219858156028368
0 0.9086879432624113 0.5195035460992907 0.03368794326241135 0.09574468085106383
0 0.6445035460992907 0.4148936170212766 0.03368794326241135 0.08333333333333333
0 0.6666666666666666 0.4308510638297872 0.028368794326241134 0.0549645390070922
0 0.3820921985815603 0.3173758865248227 0.03368794326241135 0.09397163120567376
0 0.33865248226950356 0.300531914893617 0.04609929078014184 0.11170212765957446
0 0.10460992907801418 0.2074468085106383 0.026595744680851064 0.04964539007092199
0 0.8687943262411347 0.5203900709219859 0.031914893617021274 0.0975177304964539
0 0.6081560283687943 0.42021276595744683 0.040780141843971635 0.11347517730496454
0 0.20212765957446807 0.25886524822695034 0.030141843971631204 0.0726950354609929
0 0.8546099290780141 0.5274822695035462 0.03723404255319149 0.10460992907801418
0 0.8812056737588653 0.5416666666666666 0.03900709219858156 0.10815602836879433
0 0.6578014184397163 0.4512411347517731 0.03368794326241135 0.07092198581560284
0 0.8413120567375887 0.5292553191489362 0.03368794326241135 0.12234042553191489
0 0.7686170212765957 0.500886524822695 0.040780141843971635 0.11702127659574468
0 0.825354609929078 0.525709219858156 0.03900709219858156 0.11702127659574468
0 0.10372340425531915 0.2349290780141844 0.028368794326241134 0.06382978723404255
0 0.29432624113475175 0.3120567375886525 0.030141843971631204 0.0726950354609929
0 0.07890070921985816 0.22606382978723405 0.030141843971631204 0.05673758865248227
0 0.6400709219858156 0.4530141843971631 0.03723404255319149 0.11702127659574468
0 0.05585106382978723 0.22429078014184398 0.031914893617021274 0.08156028368794327
0 0.7384751773049646 0.5 0.028368794326241134 0.07801418439716312
0 0.125 0.2553191489361702 0.03546099290780142 0.11170212765957446
0 0.46897163120567376 0.3945035460992908 0.0425531914893617 0.11702127659574468
0 0.41400709219858156 0.37677304964539005 0.044326241134751775 0.1347517730496454
0 0.7872340425531915 0.5292553191489362 0.03900709219858156 0.12588652482269502
0 0.4973404255319149 0.41400709219858156 0.03546099290780142 0.11347517730496454
0 0.5124113475177305 0.42109929078014185 0.03900709219858156 0.12943262411347517
0 0.19858156028368795 0.29609929078014185 0.03723404255319149 0.09042553191489362
0 0.750886524822695 0.5186170212765957 0.03723404255319149 0.11347517730496454
0 0.9273049645390071 0.5895390070921985 0.0425531914893617 0.11702127659574468
0 0.9893617021276596 0.6179078014184397 0.02127659574468085 0.11524822695035461
0 0.7189716312056738 0.5159574468085106 0.044326241134751775 0.12056737588652482
0 0.07358156028368794 0.2579787234042553 0.03546099290780142 0.06382978723404255
0 0.09485815602836879 0.2712765957446808 0.040780141843971635 0.09929078014184398
0 0.13120567375886524 0.2916666666666667 0.040780141843971635 0.12411347517730496
0 0.3182624113475177 0.3696808510638298 0.03900709219858156 0.11879432624113476
0 0.6586879432624113 0.5070921985815603 0.044326241134751775 0.12588652482269502
0 0.5859929078014184 0.48138297872340424 0.051418439716312055 0.14184397163120568
0 0.48138297872340424 0.44148936170212766 0.0425531914893617 0.1276595744680851
0 0.44769503546099293 0.43617021276595747 0.03900709219858156 0.11702127659574468
0 0.15691489361702127 0.32092198581560283 0.031914893617021274 0.07801418439716312
0 0.2553191489361702 0.36436170212765956 0.03723404255319149 0.11702127659574468
0 0.28634751773049644 0.3776595744680851 0.04964539007092199 0.1347517730496454
0 0.0975177304964539 0.3049645390070922 0.0425531914893617 0.11170212765957446
0 0.054078014184397165 0.28812056737588654 0.03546099290780142 0.09397163120567376
0 0.07092198581560284 0.300531914893617 0.031914893617021274 0.0975177304964539
0 0.7296099290780141 0.5682624113475178 0.04964539007092199 0.1276595744680851
0 0.24911347517730498 0.375 0.044326241134751775 0.13829787234042554
0 0.3351063829787234 0.4095744680851064 0.05319148936170213 0.14184397163120568
0 0.1950354609929078 0.35815602836879434 0.044326241134751775 0.1276595744680851
0 0.21187943262411346 0.37145390070921985 0.040780141843971635 0.12588652482269502
0 0.5292553191489362 0.5070921985815603 0.044326241134751775 0.12588652482269502
0 0.8085106382978723 0.6303191489361702 0.04609929078014184 0.12588652482269502
0 0.0035460992907801418 0.299645390070922 0.0070921985815602835 0.1453900709219858
0 0.00975177304964539 0.31382978723404253 0.01950354609929078 0.1524822695035461
0 0.5921985815602837 0.5611702127659575 0.07092198581560284 0.16843971631205673
0 0.39893617021276595 0.48315602836879434 0.04964539007092199 0.1400709219858156
0 0.14893617021276595 0.38652482269503546 0.0549645390070922 0.14716312056737588
0 0.08599290780141844 0.36879432624113473 0.0549645390070922 0.15070921985815602
0 0.44592198581560283 0.5177304964539007 0.05673758865248227 0.1400709219858156
0 0.015957446808510637 0.3421985815602837 0.031914893617021274 0.1453900709219858
0 0.026595744680851064 0.3528368794326241 0.051418439716312055 0.13829787234042554
0 0.5487588652482269 0.5638297872340425 0.0549645390070922 0.16843971631205673
0 0.08067375886524823 0.38652482269503546 0.06560283687943262 0.16134751773049646
0 0.047872340425531915 0.4015957446808511 0.06028368794326241 0.16134751773049646
0 0.5141843971631206 0.5904255319148937 0.047872340425531915 0.16312056737588654
0 0.8865248226950354 0.7544326241134752 0.0549645390070922 0.15425531914893617
0 0.9273049645390071 0.7898936170212766 0.0549645390070922 0.17198581560283688
0 0.7455673758865248 0.7349290780141844 0.05673758865248227 0.16843971631205673
0 0.7145390070921985 0.7287234042553191 0.0549645390070922 0.17375886524822695
0 0.9104609929078015 0.8359929078014184 0.05851063829787234 0.18439716312056736
0 0.773936170212766 0.7828014184397163 0.07801418439716312 0.19680851063829788
0 0.8882978723404256 0.8333333333333334 0.0549645390070922 0.17553191489361702
0 0.024822695035460994 0.5044326241134752 0.04964539007092199 0.21453900709219859
0 0.4352836879432624 0.6737588652482269 0.06028368794326241 0.19858156028368795
0 0.46897163120567376 0.6906028368794326 0.06028368794326241 0.17198581560283688
0 0.3891843971631206 0.6808510638297872 0.06914893617021277 0.20567375886524822
0 0.5966312056737588 0.7819148936170213 0.0975177304964539 0.23581560283687944
0 0.6906028368794326 0.8865248226950354 0.07446808510638298 0.21631205673758866
0 0.7340425531914894 0.8953900709219859 0.07801418439716312 0.1950354609929078
0 0.5700354609929078 0.8652482269503546 0.0797872340425532 0.2074468085106383
0 0.6436170212765957 0.8936170212765957 0.07801418439716312 0.20567375886524822
0 0.5106382978723404 0.8599290780141844 0.0851063829787234 0.2393617021276596
0 0.38120567375886527 0.8129432624113475 0.07624113475177305 0.2570921985815603
0 0.4574468085106383 0.851063829787234 0.0797872340425532 0.25354609929078015
0 0.7792553191489362 0.9264184397163121 0.07801418439716312 0.12943262411347517
0 0.19326241134751773 0.7535460992907801 0.0851063829787234 0.23404255319148937
0 0.9370567375886525 0.9583333333333334 0.08865248226950355 0.05673758865248227
0 0.8262411347517731 0.9476950354609929 0.08156028368794327 0.0851063829787234
0 0.13297872340425532 0.7783687943262412 0.0797872340425532 0.22340425531914893
0 0.5904255319148937 0.9574468085106383 0.07446808510638298 0.08156028368794327
0 0.5443262411347518 0.9521276595744681 0.07092198581560284 0.09574468085106383