0 0.6701277955271565 0.5047923322683706 0.24281150159744408 0.7731629392971247
0 0.6206070287539937 0.5511182108626198 0.04472843450479233 0.16134185303514376
0 0.7412140575079872 0.542332268370607 0.038338658146964855 0.1501597444089457
0 0.4968051118210863 0.5782747603833865 0.24600638977635783 0.7763578274760383
0 0.8690095846645367 0.5335463258785943 0.04792332268370607 0.19329073482428116
0 0.6309904153354633 0.5654952076677316 0.025559105431309903 0.09424920127795527
0 0.3242811501597444 0.6094249201277955 0.13738019169329074 0.43130990415335463
0 0.5814696485623003 0.5806709265175719 0.022364217252396165 0.06389776357827476
0 0.22603833865814696 0.6301916932907349 0.0670926517571885 0.31150159744408945
0 0.84185303514377 0.5774760383386581 0.039936102236421724 0.10862619808306709
0 0.2939297124600639 0.6629392971246006 0.16613418530351437 0.5159744408945687