0 0.2864583333333333 0.3420138888888889 0.11284722222222222 0.5069444444444444
0 0.9435763888888888 0.3237847222222222 0.03819444444444445 0.1597222222222222
0 0.9157986111111112 0.3298611111111111 0.03298611111111111 0.14583333333333334
0 0.9765625 0.3359375 0.03298611111111111 0.13020833333333334
0 0.3611111111111111 0.4548611111111111 0.06770833333333333 0.2760416666666667
0 0.8836805555555556 0.4505208333333333 0.09895833333333333 0.4305555555555556
0 0.6727430555555556 0.5060763888888888 0.1284722222222222 0.46875
0 0.033854166666666664 0.5329861111111112 0.06770833333333333 0.4236111111111111
0 0.4939236111111111 0.53125 0.1284722222222222 0.4965277777777778
0 0.8098958333333334 0.5529513888888888 0.1597222222222222 0.6267361111111112
0 0.13541666666666666 0.6692708333333334 0.1840277777777778 0.6614583333333334