0 0.11855670103092783 0.24656357388316152 0.03436426116838488 0.08075601374570447
0 0.08419243986254296 0.24828178694158076 0.03436426116838488 0.1013745704467354
0 0.3857388316151203 0.2757731958762887 0.022336769759450172 0.07216494845360824
0 0.010309278350515464 0.24656357388316152 0.020618556701030927 0.10824742268041238
0 0.02491408934707904 0.24742268041237114 0.03951890034364261 0.09965635738831616
0 0.24312714776632302 0.2706185567010309 0.029209621993127148 0.1013745704467354
0 0.4475945017182131 0.2920962199312715 0.03264604810996564 0.10652920962199312
0 0.2259450171821306 0.27491408934707906 0.029209621993127148 0.10481099656357389
0 0.4630584192439863 0.2963917525773196 0.022336769759450172 0.08247422680412371
0 0.9218213058419243 0.3599656357388316 0.037800687285223365 0.11512027491408934
0 0.988831615120275 0.3857388316151203 0.01718213058419244 0.12199312714776632
0 0.5335051546391752 0.38230240549828176 0.11855670103092783 0.35223367697594504
0 0.8350515463917526 0.5627147766323024 0.21649484536082475 0.8092783505154639
0 0.7955326460481099 0.5695876288659794 0.24054982817869416 0.8298969072164949
0 0.3230240549828179 0.5292096219931272 0.27491408934707906 0.9415807560137457
0 0.6434707903780069 0.5652920962199313 0.2663230240549828 0.8625429553264605