0 0.49742268041237114 0.6030927835051546 0.2268041237113402 0.7474226804123711
0 0.13831615120274915 0.45446735395189003 0.27319587628865977 0.7560137457044673
0 0.10996563573883161 0.44415807560137455 0.20103092783505155 0.6391752577319587
0 0.33762886597938147 0.5352233676975945 0.3230240549828179 0.9226804123711341
0 0.9604810996563574 0.5189003436426117 0.07903780068728522 0.3745704467353952
0 0.7749140893470791 0.6365979381443299 0.1718213058419244 0.6323024054982818
0 0.8762886597938144 0.7044673539518901 0.1958762886597938 0.5910652920962199
0 0.6194158075601375 0.6134020618556701 0.20103092783505155 0.6202749140893471
0 0.4415807560137457 0.5481099656357389 0.18556701030927836 0.6718213058419243
0 0.6323024054982818 0.6357388316151202 0.21477663230240548 0.6941580756013745
0 0.8298969072164949 0.6606529209621993 0.29896907216494845 0.6786941580756014
0 0.7070446735395189 0.6726804123711341 0.22164948453608246 0.6391752577319587