0 0.5616071428571429 0.46785714285714286 0.01607142857142857 0.075
0 0.4616071428571429 0.4642857142857143 0.03214285714285714 0.17857142857142858
0 0.42410714285714285 0.46339285714285716 0.05 0.2125
0 0.6723214285714286 0.48482142857142857 0.05 0.22678571428571428
0 0.5723214285714285 0.47767857142857145 0.01607142857142857 0.06785714285714285
0 0.73125 0.4973214285714286 0.18392857142857144 0.5357142857142857
0 0.5866071428571429 0.4857142857142857 0.023214285714285715 0.075
0 0.8839285714285714 0.5107142857142857 0.14285714285714285 0.5910714285714286
0 0.6321428571428571 0.49375 0.060714285714285714 0.21428571428571427
0 0.5330357142857143 0.48839285714285713 0.0625 0.1982142857142857
0 0.09910714285714285 0.45982142857142855 0.055357142857142855 0.2125
0 0.23214285714285715 0.47767857142857145 0.0375 0.16785714285714284
0 0.17232142857142857 0.4767857142857143 0.11428571428571428 0.5017857142857143
0 0.07232142857142858 0.46964285714285714 0.03214285714285714 0.16607142857142856
0 0.83125 0.5392857142857143 0.055357142857142855 0.15535714285714286
0 0.022321428571428572 0.475 0.044642857142857144 0.5392857142857143