0 0.25735294117647056 0.545751633986928 0.058823529411764705 0.14215686274509803
0 0.1650326797385621 0.579248366013072 0.05555555555555555 0.1454248366013072
0 0.42810457516339867 0.5089869281045751 0.06045751633986928 0.18137254901960784
0 0.46486928104575165 0.5089869281045751 0.05228758169934641 0.17320261437908496
0 0.9027777777777778 0.3815359477124183 0.07026143790849673 0.24836601307189543
0 0.6127450980392157 0.4910130718954248 0.08660130718954248 0.2875816993464052
0 0.6576797385620915 0.4803921568627451 0.10294117647058823 0.31862745098039214
0 0.40931372549019607 0.5637254901960784 0.05555555555555555 0.19444444444444445
0 0.380718954248366 0.5898692810457516 0.08823529411764706 0.29901960784313725
0 0.7745098039215687 0.4616013071895425 0.08333333333333333 0.2761437908496732
0 0.934640522875817 0.4215686274509804 0.08496732026143791 0.34477124183006536
0 0.10375816993464053 0.7066993464052288 0.09477124183006536 0.2957516339869281
0 0.5866013071895425 0.5514705882352942 0.13071895424836602 0.35130718954248363
0 0.23039215686274508 0.6723856209150327 0.119281045751634 0.36437908496732024
0 0.7295751633986928 0.5351307189542484 0.12745098039215685 0.3888888888888889
0 0.8611111111111112 0.5016339869281046 0.15196078431372548 0.5196078431372549
0 0.33169934640522875 0.6928104575163399 0.13725490196078433 0.4444444444444444
0 0.16993464052287582 0.7638888888888888 0.14869281045751634 0.43300653594771243
0 0.5138888888888888 0.7140522875816994 0.2042483660130719 0.5718954248366013