0 0.727859778597786 0.8690036900369004 0.14760147601476015 0.24169741697416974
0 0.4418819188191882 0.8118081180811808 0.16420664206642066 0.3763837638376384
0 0.48523985239852396 0.8385608856088561 0.1088560885608856 0.3191881918819188
0 0.11900369003690037 0.7075645756457565 0.1070110701107011 0.3339483394833948
0 0.5359778597785978 0.8560885608856088 0.11992619926199262 0.2878228782287823
0 0.3800738007380074 0.8081180811808119 0.11439114391143912 0.2915129151291513
0 0.23985239852398524 0.7601476014760148 0.0940959409594096 0.2933579335793358
0 0.6033210332103321 0.8616236162361623 0.1070110701107011 0.2693726937269373
0 0.6319188191881919 0.8662361623616236 0.12546125461254612 0.25830258302583026
0 0.18450184501845018 0.7416974169741697 0.14575645756457564 0.3634686346863469
0 0.30350553505535055 0.7869003690036901 0.14206642066420663 0.33579335793357934
0 0.8440959409594095 0.8994464944649446 0.12177121771217712 0.16236162361623616
0 0.22601476014760147 0.7592250922509225 0.14022140221402213 0.34870848708487084
0 0.06918819188191883 0.7047970479704797 0.13468634686346864 0.3376383763837638
0 0.7260147601476015 0.8828413284132841 0.13837638376383765 0.21217712177121772
0 0.02952029520295203 0.6789667896678967 0.05904059040590406 0.32656826568265684
0 0.1577490774907749 0.738929889298893 0.15498154981549817 0.3837638376383764
0 0.7915129151291513 0.8929889298892989 0.1088560885608856 0.18081180811808117
0 0.09870848708487084 0.7204797047970479 0.1014760147601476 0.2878228782287823
0 0.40313653136531363 0.8311808118081181 0.14391143911439114 0.33579335793357934
0 0.915129151291513 0.9169741697416974 0.1014760147601476 0.11623616236162361
0 0.5811808118081181 0.8726937269372693 0.14575645756457564 0.25461254612546125
0 0.9123616236162362 0.9243542435424354 0.08856088560885608 0.1014760147601476
0 0.3422509225092251 0.8154981549815498 0.11254612546125461 0.3025830258302583
0 0.6798892988929889 0.8809963099630996 0.14391143911439114 0.22324723247232472
0 0.8736162361623616 0.9206642066420664 0.07749077490774908 0.11439114391143912
0 0.04981549815498155 0.7103321033210332 0.0940959409594096 0.3339483394833948