0 0.5110759493670886 0.4129746835443038 0.02531645569620253 0.08227848101265822
0 0.4762658227848101 0.40901898734177217 0.04588607594936709 0.1360759493670886
0 0.5981012658227848 0.46439873417721517 0.0379746835443038 0.11867088607594936
0 0.5371835443037974 0.45806962025316456 0.056962025316455694 0.21518987341772153
0 0.6218354430379747 0.5102848101265823 0.04430379746835443 0.17405063291139242
0 0.7492088607594937 0.5617088607594937 0.05063291139240506 0.20727848101265822
0 0.3860759493670886 0.42800632911392406 0.060126582278481014 0.2310126582278481
0 0.36550632911392406 0.4264240506329114 0.08860759493670886 0.2958860759493671
0 0.16455696202531644 0.36075949367088606 0.08069620253164557 0.2689873417721519
0 0.5585443037974683 0.5110759493670886 0.09018987341772151 0.3401898734177215
0 0.7183544303797469 0.571993670886076 0.0759493670886076 0.2974683544303797
0 0.42167721518987344 0.46835443037974683 0.10917721518987342 0.3370253164556962
0 0.27689873417721517 0.41693037974683544 0.09177215189873418 0.2737341772151899
0 0.23813291139240506 0.40822784810126583 0.07753164556962025 0.26582278481012656
0 0.6416139240506329 0.5569620253164557 0.0949367088607595 0.3338607594936709
0 0.314873417721519 0.4477848101265823 0.07436708860759493 0.23734177215189872
0 0.4786392405063291 0.5363924050632911 0.08069620253164557 0.30854430379746833
0 0.6906645569620253 0.6360759493670886 0.12025316455696203 0.4208860759493671
0 0.7824367088607594 0.7270569620253164 0.1661392405063291 0.5458860759493671