0 0.7916666666666666 0.3541666666666667 0.03666666666666667 0.14666666666666667
0 0.77 0.37 0.035 0.15333333333333332
0 0.7475 0.4075 0.058333333333333334 0.22333333333333333
0 0.48333333333333334 0.4766666666666667 0.025 0.11833333333333333
0 0.46166666666666667 0.4875 0.03166666666666667 0.135
0 0.36333333333333334 0.5341666666666667 0.06333333333333334 0.255
0 0.42333333333333334 0.545 0.07666666666666666 0.31833333333333336
0 0.15583333333333332 0.5383333333333333 0.31166666666666665 0.9233333333333333
0 0.9416666666666667 0.5158333333333334 0.11 0.5483333333333333
0 0.9775 0.5191666666666667 0.045 0.6516666666666666
0 0.5458333333333333 0.6283333333333333 0.15666666666666668 0.66
0 0.3358333333333333 0.6716666666666666 0.14 0.5933333333333334
0 0.6916666666666667 0.6183333333333333 0.175 0.6983333333333334
0 0.8841666666666667 0.6083333333333333 0.19833333333333333 0.7616666666666667