0 0.12053571428571429 0.6741071428571429 0.12678571428571428 0.35535714285714287
0 0.5901785714285714 0.4758928571428571 0.09285714285714286 0.3375
0 0.45267857142857143 0.55625 0.1767857142857143 0.6321428571428571
0 0.7464285714285714 0.4232142857142857 0.14285714285714285 0.4732142857142857
0 0.3767857142857143 0.5991071428571428 0.19464285714285715 0.5107142857142857
0 0.26607142857142857 0.6535714285714286 0.20892857142857144 0.6517857142857143
0 0.08839285714285715 0.7330357142857142 0.1392857142857143 0.4714285714285714
0 0.31339285714285714 0.6366071428571428 0.13214285714285715 0.5178571428571429
0 0.5178571428571429 0.5473214285714286 0.2642857142857143 0.7214285714285714
0 0.17857142857142858 0.7035714285714286 0.15357142857142858 0.45714285714285713
0 0.6375 0.5071428571428571 0.14642857142857144 0.5285714285714286
0 0.70625 0.4758928571428571 0.1875 0.5053571428571428
0 0.875 0.42410714285714285 0.24285714285714285 0.8482142857142857
0 0.9267857142857143 0.39553571428571427 0.14642857142857144 0.7910714285714285
0 0.07946428571428571 0.7517857142857143 0.15892857142857142 0.49642857142857144
0 0.21875 0.7276785714285714 0.0875 0.3410714285714286