0 0.3791208791208791 0.6272893772893773 0.05860805860805861 0.17399267399267399
0 0.3498168498168498 0.641941391941392 0.040293040293040296 0.1446886446886447
0 0.26556776556776557 0.7060439560439561 0.0641025641025641 0.2271062271062271
0 0.6593406593406593 0.5457875457875457 0.09157509157509157 0.2765567765567766
0 0.43040293040293043 0.652014652014652 0.07142857142857142 0.23809523809523808
0 0.34065934065934067 0.7014652014652014 0.08058608058608059 0.2967032967032967
0 0.18315018315018314 0.7728937728937729 0.07326007326007326 0.24358974358974358
0 0.717948717948718 0.5375457875457875 0.09157509157509157 0.315018315018315
0 0.760989010989011 0.5402930402930403 0.08424908424908426 0.326007326007326
0 0.6163003663003663 0.6043956043956044 0.08791208791208792 0.326007326007326
0 0.1575091575091575 0.8195970695970696 0.06043956043956044 0.2948717948717949
0 0.31135531135531136 0.7884615384615384 0.12454212454212454 0.4230769230769231
0 0.2271062271062271 0.8168498168498168 0.1391941391941392 0.3663003663003663