0 0.5018315018315018 0.7032967032967034 0.04212454212454213 0.11538461538461539
0 0.554945054945055 0.7115384615384616 0.047619047619047616 0.11721611721611722
0 0.4706959706959707 0.7005494505494505 0.029304029304029304 0.1282051282051282
0 0.5384615384615384 0.7115384615384616 0.029304029304029304 0.11355311355311355
0 0.45604395604395603 0.6996336996336996 0.02564102564102564 0.10622710622710622
0 0.4157509157509158 0.6941391941391941 0.02564102564102564 0.11904761904761904
0 0.38095238095238093 0.6923076923076923 0.040293040293040296 0.12454212454212454
0 0.5228937728937729 0.7142857142857143 0.031135531135531136 0.1282051282051282
0 0.6117216117216118 0.7261904761904762 0.03663003663003663 0.1282051282051282
0 0.3443223443223443 0.6895604395604396 0.047619047619047616 0.13186813186813187
0 0.6794871794871795 0.7380952380952381 0.027472527472527472 0.10073260073260074
0 0.6968864468864469 0.7426739926739927 0.038461538461538464 0.1282051282051282
0 0.7335164835164835 0.75 0.04945054945054945 0.1446886446886447
0 0.8195970695970696 0.7628205128205128 0.02564102564102564 0.1282051282051282
0 0.7811355311355311 0.760989010989011 0.040293040293040296 0.10256410256410256
0 0.7628205128205128 0.7591575091575091 0.05128205128205128 0.1227106227106227