0 0.5845454545454546 0.4690909090909091 0.023636363636363636 0.08
0 0.48727272727272725 0.51 0.04727272727272727 0.18545454545454546
0 0.4490909090909091 0.5263636363636364 0.06727272727272728 0.22545454545454546
0 0.6990909090909091 0.4381818181818182 0.07090909090909091 0.2381818181818182
0 0.6 0.47454545454545455 0.023636363636363636 0.07090909090909091
0 0.7581818181818182 0.42272727272727273 0.23272727272727273 0.5818181818181818
0 0.6145454545454545 0.47545454545454546 0.02909090909090909 0.08
0 0.9054545454545454 0.36818181818181817 0.1890909090909091 0.6272727272727273
0 0.6590909090909091 0.46454545454545454 0.07818181818181819 0.2309090909090909
0 0.5618181818181818 0.5018181818181818 0.08 0.21636363636363637
0 0.13 0.6654545454545454 0.07454545454545454 0.2290909090909091
0 0.2636363636363636 0.6245454545454545 0.05090909090909091 0.17636363636363636
0 0.20636363636363636 0.65 0.15818181818181817 0.5290909090909091
0 0.10545454545454545 0.6881818181818182 0.04727272727272727 0.1709090909090909
0 0.8636363636363636 0.4209090909090909 0.07090909090909091 0.1709090909090909
0 0.05272727272727273 0.7227272727272728 0.10545454545454545 0.5545454545454546