0 0.9047202797202797 0.4117132867132867 0.12412587412587413 0.34615384615384615
0 0.4256993006993007 0.5253496503496503 0.09090909090909091 0.3304195804195804
0 0.5690559440559441 0.5131118881118881 0.17307692307692307 0.6188811188811189
0 0.2674825174825175 0.5751748251748252 0.13986013986013987 0.46503496503496505
0 0.6486013986013986 0.5043706293706294 0.19055944055944055 0.4965034965034965
0 0.7622377622377622 0.48513986013986016 0.20279720279720279 0.6363636363636364
0 0.9379370629370629 0.44667832167832167 0.12412587412587413 0.4632867132867133
0 0.7141608391608392 0.4991258741258741 0.12762237762237763 0.5087412587412588
0 0.5061188811188811 0.5463286713286714 0.25874125874125875 0.7027972027972028
0 0.8548951048951049 0.47465034965034963 0.1486013986013986 0.44405594405594406
0 0.38548951048951047 0.583041958041958 0.14335664335664336 0.5209790209790209
0 0.3146853146853147 0.597027972027972 0.18181818181818182 0.49125874125874125
0 0.14685314685314685 0.6040209790209791 0.23076923076923078 0.7534965034965035
0 0.08129370629370629 0.6206293706293706 0.16258741258741258 0.7062937062937062
0 0.9405594405594405 0.4737762237762238 0.11888111888111888 0.5594405594405595
0 0.8208041958041958 0.5227272727272727 0.08566433566433566 0.3356643356643357