0 0.9492619926199262 0.3219557195571956 0.04797047970479705 0.13284132841328414
0 0.6992619926199262 0.5009225092250923 0.08856088560885608 0.31365313653136534
0 0.47232472324723246 0.6642066420664207 0.14391143911439114 0.544280442804428
0 0.4289667896678967 0.6946494464944649 0.13099630996309963 0.48523985239852396
0 0.12361623616236163 0.7186346863468634 0.24723247232472326 0.5627306273062731
0 0.5359778597785978 0.6771217712177122 0.21217712177121772 0.6457564575645757
0 0.21678966789667897 0.775830258302583 0.14944649446494465 0.4483394833948339
0 0.761070110701107 0.5922509225092251 0.16420664206642066 0.5
0 0.9603321033210332 0.49169741697416974 0.07933579335793357 0.6365313653136532
0 0.6466789667896679 0.6559040590405905 0.1863468634686347 0.6217712177121771
0 0.9280442804428044 0.5756457564575646 0.14206642066420663 0.5885608856088561
0 0.3929889298892989 0.7287822878228782 0.1918819188191882 0.5424354243542435
0 0.8745387453874539 0.6070110701107011 0.2029520295202952 0.6512915129151291