0 0.527027027027027 0.745777027027027 0.013513513513513514 0.04222972972972973
0 0.44256756756756754 0.7398648648648649 0.02027027027027027 0.09628378378378379
0 0.6461148648648649 0.7820945945945946 0.02533783783783784 0.08108108108108109
0 0.6317567567567568 0.7863175675675675 0.016891891891891893 0.07263513513513513
0 0.3260135135135135 0.7533783783783784 0.03547297297297297 0.14527027027027026
0 0.6739864864864865 0.8074324324324325 0.030405405405405407 0.11993243243243243
0 0.10219594594594594 0.7347972972972973 0.02702702702702703 0.19256756756756757
0 0.08783783783783784 0.7331081081081081 0.033783783783783786 0.20439189189189189
0 0.5405405405405406 0.8141891891891891 0.0472972972972973 0.19256756756756757
0 0.8192567567567568 0.8614864864864865 0.037162162162162164 0.19594594594594594
0 0.36908783783783783 0.7947635135135135 0.04391891891891892 0.23648648648648649
0 0.5886824324324325 0.8302364864864865 0.03885135135135135 0.19932432432432431
0 0.7179054054054054 0.8521959459459459 0.030405405405405407 0.20945945945945946
0 0.4155405405405405 0.8091216216216216 0.04222972972972973 0.22804054054054054
0 0.7364864864864865 0.8657094594594594 0.0472972972972973 0.23141891891891891
0 0.5574324324324325 0.8513513513513513 0.04222972972972973 0.14864864864864866
0 0.5050675675675675 0.8445945945945946 0.03885135135135135 0.11655405405405406
0 0.26182432432432434 0.8099662162162162 0.07263513513513513 0.32432432432432434
0 0.887668918918919 0.8817567567567568 0.07263513513513513 0.23648648648648649
0 0.29307432432432434 0.8597972972972973 0.08277027027027027 0.28040540540540543