0 0.19494584837545126 0.2996389891696751 0.05415162454873646 0.1624548736462094
0 0.2157039711191336 0.3231046931407942 0.05415162454873646 0.16967509025270758
0 0.2355595667870036 0.36913357400722024 0.08303249097472924 0.2490974729241877
0 0.5108303249097473 0.51985559566787 0.03790613718411552 0.1299638989169675
0 0.5333935018050542 0.5370036101083032 0.04693140794223827 0.14981949458483754
0 0.6326714801444043 0.6155234657039711 0.09386281588447654 0.2851985559566787
0 0.5685920577617328 0.6092057761732852 0.11191335740072202 0.35379061371841153
0 0.8167870036101083 0.5767148014440433 0.3664259927797834 0.8465703971119134
0 0.05144404332129964 0.4287003610108303 0.10288808664259928 0.6046931407942239
0 0.018050541516245487 0.4187725631768953 0.036101083032490974 0.7003610108303249
0 0.4287003610108303 0.648014440433213 0.2328519855595668 0.703971119133574
0 0.6489169675090253 0.720216606498195 0.20397111913357402 0.5595667870036101
0 0.27346570397111913 0.6101083032490975 0.2563176895306859 0.776173285198556
0 0.1055956678700361 0.5442238267148014 0.2111913357400722 0.8501805054151624