0 0.5058139534883721 0.606312292358804 0.132890365448505 0.4568106312292359
0 0.8056478405315615 0.584717607973422 0.14119601328903655 0.5714285714285714
0 0.18604651162790697 0.6976744186046512 0.14119601328903655 0.5681063122923588
0 0.3372093023255814 0.6935215946843853 0.16943521594684385 0.5996677740863787
0 0.2691029900332226 0.6810631229235881 0.27740863787375414 0.6212624584717608
0 0.7475083056478405 0.6461794019933554 0.19102990033222592 0.6661129568106312
0 0.14700996677740863 0.7018272425249169 0.1760797342192691 0.5564784053156147
0 0.686046511627907 0.6636212624584718 0.19269102990033224 0.659468438538206
0 0.8995016611295681 0.627906976744186 0.19933554817275748 0.6561461794019934
0 0.6071428571428571 0.6719269102990033 0.2807308970099668 0.6561461794019934
0 0.11295681063122924 0.7151162790697675 0.19269102990033224 0.526578073089701
0 0.462624584717608 0.7001661129568106 0.16777408637873753 0.5996677740863787
0 0.4169435215946844 0.7043189368770764 0.21428571428571427 0.5913621262458472
0 0.8380398671096345 0.6569767441860465 0.15780730897009967 0.5897009966777409