0 0.8952922077922078 0.3912337662337662 0.03409090909090909 0.07792207792207792
0 0.9261363636363636 0.4074675324675325 0.03571428571428571 0.09902597402597403
0 0.6517857142857143 0.3068181818181818 0.022727272727272728 0.0698051948051948
0 0.9910714285714286 0.4383116883116883 0.017857142857142856 0.1038961038961039
0 0.9797077922077922 0.4318181818181818 0.040584415584415584 0.09740259740259741
0 0.7800324675324676 0.362012987012987 0.02922077922077922 0.09740259740259741
0 0.5933441558441559 0.29545454545454547 0.03409090909090909 0.10227272727272728
0 0.7954545454545454 0.37256493506493504 0.02922077922077922 0.09902597402597403
0 0.5787337662337663 0.29464285714285715 0.024350649350649352 0.07954545454545454
0 0.1590909090909091 0.16233766233766234 0.03896103896103896 0.11201298701298701
0 0.08847402597402597 0.15422077922077923 0.03409090909090909 0.11688311688311688
0 0.5056818181818182 0.3449675324675325 0.12175324675324675 0.3392857142857143
0 0.21185064935064934 0.387987012987013 0.22727272727272727 0.7727272727272727
0 0.2418831168831169 0.4342532467532468 0.25487012987012986 0.8441558441558441
0 0.6704545454545454 0.5592532467532467 0.288961038961039 0.8814935064935064
0 0.37094155844155846 0.525974025974026 0.28733766233766234 0.9464285714285714