0 0.7552816901408451 0.5352112676056338 0.06338028169014084 0.21830985915492956
0 0.7984154929577465 0.5369718309859155 0.10211267605633803 0.25880281690140844
0 0.045774647887323945 0.7297535211267606 0.09154929577464789 0.4242957746478873
0 0.9410211267605634 0.528169014084507 0.09154929577464789 0.2658450704225352
0 0.34507042253521125 0.6742957746478874 0.13380281690140844 0.44366197183098594
0 0.47975352112676056 0.6426056338028169 0.09683098591549295 0.32922535211267606
0 0.0897887323943662 0.7253521126760564 0.176056338028169 0.5017605633802817
0 0.386443661971831 0.6716549295774648 0.11619718309859155 0.4084507042253521
0 0.778169014084507 0.5845070422535211 0.07042253521126761 0.272887323943662
0 0.44014084507042256 0.6795774647887324 0.19190140845070422 0.5809859154929577
0 0.23415492957746478 0.7376760563380281 0.13204225352112675 0.49471830985915494
0 0.29577464788732394 0.7147887323943662 0.198943661971831 0.5528169014084507
0 0.6716549295774648 0.6681338028169014 0.24295774647887325 0.6566901408450704
0 0.5501760563380281 0.6945422535211268 0.198943661971831 0.6109154929577465
0 0.176056338028169 0.7464788732394366 0.21830985915492956 0.4753521126760563
0 0.8459507042253521 0.6795774647887324 0.1936619718309859 0.5387323943661971