0 0.9517684887459807 0.319935691318328 0.04019292604501608 0.11414790996784566
0 0.7258842443729904 0.4541800643086817 0.07234726688102894 0.2717041800643087
0 0.5209003215434084 0.5755627009646302 0.11736334405144695 0.4742765273311897
0 0.4807073954983923 0.5996784565916399 0.10610932475884244 0.4228295819935691
0 0.20096463022508038 0.6744372990353698 0.22990353697749197 0.6446945337620579
0 0.5771704180064309 0.5996784565916399 0.1752411575562701 0.5691318327974276
0 0.2942122186495177 0.6945337620578779 0.12218649517684887 0.47266881028938906
0 0.7741157556270096 0.5377813504823151 0.13665594855305466 0.432475884244373
0 0.9614147909967846 0.4702572347266881 0.07717041800643087 0.5546623794212219
0 0.6720257234726688 0.5844051446945338 0.15112540192926044 0.5385852090032154
0 0.9204180064308681 0.5377813504823151 0.11414790996784566 0.5128617363344051
0 0.44855305466237944 0.6953376205787781 0.1607717041800643 0.6061093247588425
0 0.8721864951768489 0.5610932475884244 0.16720257234726688 0.5659163987138264