0 0.49295774647887325 0.5809859154929577 0.21830985915492956 0.7640845070422535
0 0.12764084507042253 0.43485915492957744 0.25528169014084506 0.7711267605633803
0 0.09595070422535211 0.4242957746478873 0.19190140845070422 0.6514084507042254
0 0.32922535211267606 0.5202464788732394 0.31690140845070425 0.9524647887323944
0 0.9647887323943662 0.4859154929577465 0.07042253521126761 0.38380281690140844
0 0.778169014084507 0.6100352112676056 0.16549295774647887 0.6461267605633803
0 0.8838028169014085 0.6883802816901409 0.19014084507042253 0.6232394366197183
0 0.6188380281690141 0.5889084507042254 0.1936619718309859 0.6320422535211268
0 0.43485915492957744 0.5255281690140845 0.17781690140845072 0.6866197183098591
0 0.6329225352112676 0.6117957746478874 0.20774647887323944 0.7095070422535211
0 0.835387323943662 0.6434859154929577 0.29401408450704225 0.7130281690140845
0 0.7086267605633803 0.6487676056338029 0.21654929577464788 0.653169014084507