0 0.4837662337662338 0.3157467532467532 0.09253246753246754 0.21915584415584416
0 0.6331168831168831 0.3344155844155844 0.07792207792207792 0.3068181818181818
0 0.7183441558441559 0.3133116883116883 0.07954545454545454 0.29707792207792205
0 0.6875 0.3344155844155844 0.07467532467532467 0.275974025974026
0 0.36688311688311687 0.4172077922077922 0.04383116883116883 0.2159090909090909
0 0.39935064935064934 0.4155844155844156 0.05357142857142857 0.2012987012987013
0 0.20941558441558442 0.4805194805194805 0.10876623376623376 0.4090909090909091
0 0.34983766233766234 0.46834415584415584 0.07792207792207792 0.35714285714285715
0 0.21185064935064934 0.5194805194805194 0.11525974025974026 0.3944805194805195
0 0.45454545454545453 0.4707792207792208 0.13636363636363635 0.4107142857142857
0 0.6420454545454546 0.4407467532467532 0.1038961038961039 0.4025974025974026
0 0.3352272727272727 0.5202922077922078 0.10064935064935066 0.4074675324675325
0 0.14691558441558442 0.5714285714285714 0.1266233766233766 0.4496753246753247
0 0.4699675324675325 0.5121753246753247 0.10714285714285714 0.3782467532467532
0 0.29545454545454547 0.5616883116883117 0.1461038961038961 0.5227272727272727
0 0.6128246753246753 0.5316558441558441 0.14285714285714285 0.5876623376623377
0 0.510551948051948 0.5706168831168831 0.11038961038961038 0.4642857142857143
0 0.7922077922077922 0.5178571428571429 0.14772727272727273 0.5275974025974026
0 0.862012987012987 0.5316558441558441 0.13636363636363635 0.512987012987013