0 0.4935483870967742 0.646774193548387 0.043548387096774194 0.10806451612903226
0 0.5411290322580645 0.6645161290322581 0.04838709677419355 0.11129032258064517
0 0.46774193548387094 0.6403225806451613 0.03387096774193549 0.11451612903225807
0 0.5266129032258065 0.6612903225806451 0.03387096774193549 0.1032258064516129
0 0.45483870967741935 0.6370967741935484 0.03064516129032258 0.09838709677419355
0 0.41935483870967744 0.6258064516129033 0.03225806451612903 0.10967741935483871
0 0.3895161290322581 0.617741935483871 0.043548387096774194 0.11451612903225807
0 0.5120967741935484 0.6612903225806451 0.037096774193548385 0.11774193548387096
0 0.5903225806451613 0.6870967741935484 0.04032258064516129 0.11612903225806452
0 0.3564516129032258 0.6080645161290322 0.0532258064516129 0.12258064516129032
0 0.6491935483870968 0.7088709677419355 0.03225806451612903 0.09193548387096774
0 0.6645161290322581 0.7169354838709677 0.041935483870967745 0.11935483870967742
0 0.6959677419354838 0.7290322580645161 0.054838709677419356 0.1338709677419355
0 0.7701612903225806 0.7556451612903226 0.03225806451612903 0.11451612903225807
0 0.7379032258064516 0.7475806451612903 0.043548387096774194 0.0967741935483871
0 0.7217741935483871 0.7435483870967742 0.0532258064516129 0.11451612903225807