0 0.881993006993007 0.3732517482517482 0.10664335664335664 0.3409090909090909
0 0.4143356643356643 0.5288461538461539 0.07342657342657342 0.32867132867132864
0 0.5559440559440559 0.5034965034965035 0.14160839160839161 0.6136363636363636
0 0.26136363636363635 0.5917832167832168 0.11713286713286714 0.4597902097902098
0 0.6346153846153846 0.48776223776223776 0.1660839160839161 0.48951048951048953
0 0.7456293706293706 0.4589160839160839 0.16958041958041958 0.6311188811188811
0 0.923951048951049 0.40559440559440557 0.11363636363636363 0.458041958041958
0 0.6993006993006993 0.4772727272727273 0.10139860139860139 0.5052447552447552
0 0.4965034965034965 0.541958041958042 0.22377622377622378 0.6940559440559441
0 0.8374125874125874 0.4405594405594406 0.1258741258741259 0.4388111888111888
0 0.3793706293706294 0.5891608391608392 0.11713286713286714 0.5157342657342657
0 0.3094405594405594 0.6101398601398601 0.15734265734265734 0.48426573426573427
0 0.14335664335664336 0.6284965034965035 0.19230769230769232 0.743006993006993
0 0.07167832167832168 0.652972027972028 0.14335664335664336 0.6940559440559441
0 0.9388111888111889 0.4318181818181818 0.12237762237762238 0.5559440559440559
0 0.8076923076923077 0.49125874125874125 0.06818181818181818 0.3339160839160839