0 0.4959677419354839 0.6508064516129032 0.04838709677419355 0.10967741935483871
0 0.5443548387096774 0.6669354838709678 0.0532258064516129 0.11290322580645161
0 0.4693548387096774 0.6443548387096775 0.03870967741935484 0.11451612903225807
0 0.5290322580645161 0.6637096774193548 0.037096774193548385 0.1032258064516129
0 0.45645161290322583 0.6419354838709678 0.03387096774193549 0.09838709677419355
0 0.42096774193548386 0.6314516129032258 0.037096774193548385 0.10967741935483871
0 0.3903225806451613 0.625 0.04838709677419355 0.11612903225806452
0 0.5145161290322581 0.6637096774193548 0.04032258064516129 0.11774193548387096
0 0.5935483870967742 0.6870967741935484 0.04516129032258064 0.11612903225806452
0 0.357258064516129 0.6169354838709677 0.056451612903225805 0.12419354838709677
0 0.6532258064516129 0.7064516129032258 0.035483870967741936 0.09193548387096774
0 0.6685483870967742 0.714516129032258 0.04516129032258064 0.11935483870967742
0 0.7008064516129032 0.725 0.05967741935483871 0.13548387096774195
0 0.7758064516129032 0.75 0.037096774193548385 0.11451612903225807
0 0.7435483870967742 0.742741935483871 0.0467741935483871 0.09838709677419355
0 0.7266129032258064 0.7387096774193549 0.05806451612903226 0.11612903225806452