0 0.19333333333333333 0.2525 0.055 0.15166666666666667
0 0.21416666666666667 0.2733333333333333 0.055 0.15833333333333333
0 0.23583333333333334 0.31333333333333335 0.085 0.23166666666666666
0 0.49833333333333335 0.435 0.04 0.12166666666666667
0 0.5208333333333334 0.44916666666666666 0.04833333333333333 0.14
0 0.6166666666666667 0.515 0.095 0.265
0 0.5575 0.5133333333333333 0.115 0.33
0 0.8008333333333333 0.53 0.3983333333333333 0.9233333333333333
0 0.06333333333333334 0.38083333333333336 0.12666666666666668 0.5616666666666666
0 0.0325 0.37416666666666665 0.065 0.6483333333333333
0 0.43166666666666664 0.5716666666666667 0.23833333333333334 0.6833333333333333
0 0.6416666666666667 0.6566666666666666 0.21166666666666667 0.6133333333333333
0 0.28583333333333333 0.5341666666666667 0.26166666666666666 0.725
0 0.11916666666666667 0.4841666666666667 0.23833333333333334 0.7916666666666666