0 0.3974576271186441 0.6483050847457628 0.03220338983050847 0.09152542372881356
0 0.37542372881355934 0.6593220338983051 0.04915254237288136 0.15593220338983052
0 0.2440677966101695 0.5983050847457627 0.06610169491525424 0.19322033898305085
0 0.6771186440677966 0.8805084745762712 0.0847457627118644 0.23220338983050848
0 0.13220338983050847 0.5754237288135593 0.07288135593220339 0.20677966101694914
0 0.6593220338983051 0.8711864406779661 0.12203389830508475 0.2576271186440678
0 0.8720338983050847 0.926271186440678 0.09661016949152543 0.14745762711864407
0 0.7389830508474576 0.9042372881355932 0.0847457627118644 0.19152542372881357
0 0.902542372881356 0.9474576271186441 0.07627118644067797 0.10508474576271186
0 0.559322033898305 0.8330508474576271 0.1288135593220339 0.3338983050847458
0 0.34491525423728814 0.7220338983050848 0.09322033898305085 0.2847457627118644
0 0.2940677966101695 0.7 0.09491525423728814 0.288135593220339
0 0.6 0.864406779661017 0.1152542372881356 0.2711864406779661
0 0.49915254237288137 0.8288135593220339 0.05423728813559322 0.11186440677966102
0 0.8364406779661017 0.9186440677966101 0.1271186440677966 0.16271186440677965
0 0.7898305084745763 0.9220338983050848 0.10508474576271186 0.15593220338983052
0 0.9161016949152543 0.940677966101695 0.11694915254237288 0.11864406779661017
0 0.30677966101694915 0.7601694915254237 0.13559322033898305 0.3847457627118644
0 0.2423728813559322 0.7347457627118644 0.1288135593220339 0.36271186440677966