0 0.46631205673758863 0.6223404255319149 0.18085106382978725 0.7553191489361702
0 0.10017730496453901 0.49822695035460995 0.20035460992907803 0.7659574468085106
0 0.06914893617021277 0.48936170212765956 0.13829787234042554 0.648936170212766
0 0.2978723404255319 0.549645390070922 0.2695035460992908 0.900709219858156
0 0.9556737588652482 0.5053191489361702 0.08865248226950355 0.3829787234042553
0 0.7553191489361702 0.6400709219858156 0.13297872340425532 0.6453900709219859
0 0.8670212765957447 0.7012411347517731 0.1595744680851064 0.5975177304964538
0 0.5939716312056738 0.6276595744680851 0.16312056737588654 0.6294326241134752
0 0.40602836879432624 0.5735815602836879 0.14361702127659576 0.6843971631205674
0 0.6090425531914894 0.6480496453900709 0.17198581560283688 0.7039007092198581
0 0.8156028368794326 0.6595744680851063 0.25886524822695034 0.6808510638297872
0 0.6879432624113475 0.6790780141843972 0.18439716312056736 0.6418439716312057