0 0.6227272727272727 0.15 0.01818181818181818 0.04909090909090909
0 0.14545454545454545 0.14272727272727273 0.02 0.045454545454545456
0 0.4527272727272727 0.17636363636363636 0.01818181818181818 0.056363636363636366
0 0.63 0.2009090909090909 0.02 0.06363636363636363
0 0.8518181818181818 0.2109090909090909 0.02 0.06545454545454546
0 0.3390909090909091 0.19363636363636363 0.016363636363636365 0.06363636363636363
0 0.7818181818181819 0.21727272727272728 0.02181818181818182 0.06363636363636363
0 0.7472727272727273 0.22181818181818183 0.02 0.07090909090909091
0 0.7618181818181818 0.22363636363636363 0.02 0.06909090909090909
0 0.5781818181818181 0.21818181818181817 0.02 0.06909090909090909
0 0.22 0.2081818181818182 0.02181818181818182 0.056363636363636366
0 0.7354545454545455 0.2290909090909091 0.02 0.07090909090909091
0 0.48818181818181816 0.2190909090909091 0.02181818181818182 0.07090909090909091
0 0.5536363636363636 0.22727272727272727 0.02 0.07636363636363637
0 0.6209090909090909 0.2318181818181818 0.01818181818181818 0.05454545454545454
0 0.61 0.23363636363636364 0.01818181818181818 0.06545454545454546
0 0.6936363636363636 0.23727272727272727 0.02181818181818182 0.06545454545454546
0 0.6481818181818182 0.23636363636363636 0.02181818181818182 0.05090909090909091
0 0.17636363636363636 0.22181818181818183 0.01818181818181818 0.056363636363636366
0 0.4690909090909091 0.23545454545454544 0.02 0.07454545454545454
0 0.5927272727272728 0.24272727272727274 0.025454545454545455 0.07090909090909091
0 0.1572727272727273 0.22636363636363635 0.02 0.056363636363636366
0 0.3718181818181818 0.2381818181818182 0.02181818181818182 0.06
0 0.2990909090909091 0.23454545454545456 0.023636363636363636 0.07090909090909091
0 0.23454545454545456 0.23636363636363636 0.02 0.06545454545454546
0 0.1990909090909091 0.23545454545454544 0.02181818181818182 0.07090909090909091
0 0.38727272727272727 0.24363636363636362 0.023636363636363636 0.07272727272727272
0 0.2690909090909091 0.2409090909090909 0.025454545454545455 0.08181818181818182
0 0.2818181818181818 0.24272727272727274 0.02181818181818182 0.07454545454545454
0 0.25272727272727274 0.2409090909090909 0.023636363636363636 0.07454545454545454
0 0.33 0.24909090909090909 0.02181818181818182 0.06545454545454546
0 0.4018181818181818 0.2545454545454545 0.02 0.07090909090909091
0 0.6690909090909091 0.26545454545454544 0.023636363636363636 0.06545454545454546
0 0.7154545454545455 0.2672727272727273 0.01818181818181818 0.06363636363636363
0 0.7054545454545454 0.2672727272727273 0.02 0.06909090909090909
0 0.6545454545454545 0.2681818181818182 0.02181818181818182 0.06909090909090909
0 0.5063636363636363 0.26272727272727275 0.023636363636363636 0.07818181818181819
0 0.6218181818181818 0.27090909090909093 0.023636363636363636 0.09090909090909091
0 0.7790909090909091 0.28 0.02727272727272727 0.08363636363636363
0 0.5627272727272727 0.27090909090909093 0.02909090909090909 0.08
0 0.21181818181818182 0.2609090909090909 0.025454545454545455 0.07636363636363637
0 0.4863636363636364 0.2727272727272727 0.02181818181818182 0.08363636363636363
0 0.4481818181818182 0.2781818181818182 0.02727272727272727 0.08727272727272728
0 0.43272727272727274 0.2790909090909091 0.02 0.07454545454545454
0 0.3390909090909091 0.2772727272727273 0.023636363636363636 0.08363636363636363
0 0.4618181818181818 0.2818181818181818 0.023636363636363636 0.07090909090909091
0 0.6427272727272727 0.29 0.02727272727272727 0.08363636363636363
0 0.05181818181818182 0.2681818181818182 0.02727272727272727 0.04909090909090909
0 0.07727272727272727 0.27 0.03090909090909091 0.08545454545454545
0 0.24 0.27636363636363637 0.025454545454545455 0.056363636363636366
0 0.1781818181818182 0.2790909090909091 0.02181818181818182 0.07818181818181819
0 0.4163636363636364 0.2881818181818182 0.03090909090909091 0.08727272727272728
0 0.6927272727272727 0.3018181818181818 0.02 0.08181818181818182
0 0.15818181818181817 0.2827272727272727 0.02909090909090909 0.09272727272727273
0 0.3563636363636364 0.29 0.025454545454545455 0.07272727272727272
0 0.37 0.2963636363636364 0.025454545454545455 0.08727272727272728
0 0.30818181818181817 0.2990909090909091 0.02181818181818182 0.06727272727272728
0 0.6827272727272727 0.31363636363636366 0.023636363636363636 0.08181818181818182
0 0.5318181818181819 0.3118181818181818 0.02181818181818182 0.0890909090909091
0 0.5181818181818182 0.3118181818181818 0.023636363636363636 0.09090909090909091
0 0.32181818181818184 0.31 0.023636363636363636 0.0890909090909091
0 0.2927272727272727 0.31363636363636366 0.02181818181818182 0.06545454545454546
0 0.11090909090909092 0.31363636363636366 0.03272727272727273 0.09818181818181818
0 0.09272727272727273 0.3145454545454546 0.02909090909090909 0.10727272727272727
0 0.024545454545454544 0.31545454545454543 0.02727272727272727 0.09272727272727273
0 0.4527272727272727 0.33454545454545453 0.02181818181818182 0.07818181818181819
0 0.9709090909090909 0.3563636363636364 0.03636363636363636 0.08727272727272728
0 0.30727272727272725 0.33090909090909093 0.01818181818181818 0.05090909090909091
0 0.23727272727272727 0.33 0.02909090909090909 0.09090909090909091
0 0.21272727272727274 0.3327272727272727 0.025454545454545455 0.07272727272727272
0 0.22272727272727272 0.33181818181818185 0.023636363636363636 0.09454545454545454
0 0.8809090909090909 0.3618181818181818 0.034545454545454546 0.10545454545454545
0 0.045454545454545456 0.3290909090909091 0.03272727272727273 0.09818181818181818
0 0.9972727272727273 0.36454545454545456 0.005454545454545455 0.08545454545454545
0 0.13 0.3336363636363636 0.025454545454545455 0.09272727272727273
0 0.40545454545454546 0.34545454545454546 0.025454545454545455 0.07818181818181819
0 0.38 0.3509090909090909 0.025454545454545455 0.05090909090909091
0 0.6763636363636364 0.36272727272727273 0.025454545454545455 0.09090909090909091
0 0.7218181818181818 0.3663636363636364 0.04 0.10727272727272727
0 0.9645454545454546 0.37727272727272726 0.023636363636363636 0.045454545454545456
0 0.1690909090909091 0.3509090909090909 0.023636363636363636 0.09636363636363636
0 0.4390909090909091 0.36727272727272725 0.03272727272727273 0.10909090909090909
0 0.8618181818181818 0.3845454545454545 0.025454545454545455 0.06727272727272728
0 0.18181818181818182 0.36454545454545456 0.02909090909090909 0.1
0 0.15363636363636363 0.36727272727272725 0.03272727272727273 0.10363636363636364
0 0.3845454545454545 0.37636363636363634 0.02909090909090909 0.06545454545454546
0 0.19363636363636363 0.3718181818181818 0.023636363636363636 0.12363636363636364
0 0.27 0.37636363636363634 0.03090909090909091 0.11454545454545455
0 0.21 0.37545454545454543 0.02909090909090909 0.11454545454545455
0 0.9609090909090909 0.40454545454545454 0.025454545454545455 0.05818181818181818
0 0.7627272727272727 0.3972727272727273 0.02727272727272727 0.06909090909090909
0 0.9863636363636363 0.4072727272727273 0.02727272727272727 0.05090909090909091
0 0.4018181818181818 0.38636363636363635 0.02727272727272727 0.11454545454545455
0 0.9981818181818182 0.41545454545454547 0.0036363636363636364 0.07454545454545454
0 0.29818181818181816 0.3881818181818182 0.02181818181818182 0.07636363636363637
0 0.9381818181818182 0.41545454545454547 0.02727272727272727 0.11090909090909092
0 0.58 0.4027272727272727 0.03272727272727273 0.11454545454545455
0 0.6354545454545455 0.41 0.03272727272727273 0.13090909090909092
0 0.24636363636363637 0.39636363636363636 0.03090909090909091 0.12363636363636364
0 0.5481818181818182 0.41 0.025454545454545455 0.11272727272727273
0 0.5318181818181819 0.4109090909090909 0.02909090909090909 0.1290909090909091
0 0.8590909090909091 0.42363636363636364 0.02909090909090909 0.08545454545454545
0 0.28454545454545455 0.4027272727272727 0.02909090909090909 0.11272727272727273
0 0.1009090909090909 0.39545454545454545 0.03272727272727273 0.11454545454545455
0 0.024545454545454544 0.3927272727272727 0.03090909090909091 0.11454545454545455
0 0.3145454545454546 0.41363636363636364 0.034545454545454546 0.11636363636363636
0 0.9854545454545455 0.44181818181818183 0.02909090909090909 0.05818181818181818
0 0.9645454545454546 0.44545454545454544 0.034545454545454546 0.09454545454545454
0 0.9254545454545454 0.4509090909090909 0.03272727272727273 0.12
0 0.73 0.44363636363636366 0.03090909090909091 0.11454545454545455
0 0.37545454545454543 0.43 0.034545454545454546 0.12
0 0.4509090909090909 0.4381818181818182 0.04 0.13818181818181818
0 0.5590909090909091 0.44363636363636366 0.03272727272727273 0.12545454545454546
0 0.5927272727272728 0.4536363636363636 0.02909090909090909 0.11454545454545455
0 0.8954545454545455 0.4681818181818182 0.02909090909090909 0.07272727272727272
0 0.7909090909090909 0.46545454545454545 0.02727272727272727 0.11454545454545455
0 0.759090909090909 0.46636363636363637 0.04 0.1290909090909091
0 0.9554545454545454 0.4772727272727273 0.034545454545454546 0.10727272727272727
0 0.9927272727272727 0.48 0.014545454545454545 0.08727272727272728
0 0.9818181818181818 0.48545454545454547 0.025454545454545455 0.09454545454545454
0 0.29545454545454547 0.46090909090909093 0.04181818181818182 0.12363636363636364
0 0.7963636363636364 0.4809090909090909 0.03272727272727273 0.13636363636363635
0 0.7063636363636364 0.4772727272727273 0.04181818181818182 0.13818181818181818
0 0.8518181818181818 0.48818181818181816 0.03636363636363636 0.12363636363636364
0 0.8336363636363636 0.49363636363636365 0.03090909090909091 0.12545454545454546
0 0.5009090909090909 0.4890909090909091 0.03636363636363636 0.12181818181818181
0 0.20909090909090908 0.4890909090909091 0.038181818181818185 0.12181818181818181
0 0.43 0.5154545454545455 0.06 0.16
0 0.6318181818181818 0.5227272727272727 0.03636363636363636 0.13818181818181818
0 0.8909090909090909 0.5363636363636364 0.04363636363636364 0.14363636363636365
0 0.9572727272727273 0.5472727272727272 0.04363636363636364 0.14545454545454545
0 0.5809090909090909 0.5372727272727272 0.04727272727272727 0.13272727272727272
0 0.47363636363636363 0.5381818181818182 0.04181818181818182 0.1690909090909091
0 0.9581818181818181 0.5672727272727273 0.056363636363636366 0.15454545454545454
0 0.9818181818181818 0.5945454545454546 0.03636363636363636 0.15636363636363637
0 0.5036363636363637 0.5790909090909091 0.03636363636363636 0.1618181818181818
0 0.11181818181818182 0.5781818181818181 0.04363636363636364 0.15272727272727274
0 0.06636363636363636 0.5963636363636363 0.04181818181818182 0.1709090909090909
0 0.25272727272727274 0.6209090909090909 0.045454545454545456 0.16545454545454547
0 0.28454545454545455 0.6290909090909091 0.04181818181818182 0.17272727272727273
0 0.07545454545454545 0.65 0.04363636363636364 0.18545454545454546
0 0.21727272727272728 0.6581818181818182 0.06363636363636363 0.1890909090909091
0 0.09727272727272727 0.6581818181818182 0.04181818181818182 0.17636363636363636
0 0.5663636363636364 0.6981818181818182 0.04363636363636364 0.19818181818181818
0 0.53 0.7 0.04727272727272727 0.1690909090909091
0 0.6090909090909091 0.7254545454545455 0.05272727272727273 0.20363636363636364
0 0.39 0.7354545454545455 0.08 0.22181818181818183
0 0.2809090909090909 0.8036363636363636 0.05818181818181818 0.22
0 0.23454545454545456 0.8054545454545454 0.05818181818181818 0.22363636363636363
0 0.4018181818181818 0.8309090909090909 0.06363636363636363 0.2
0 0.3236363636363636 0.8354545454545454 0.06181818181818182 0.22181818181818183
0 0.46090909090909093 0.850909090909091 0.06545454545454546 0.23636363636363636
0 0.5954545454545455 0.860909090909091 0.056363636363636366 0.26
0 0.5145454545454545 0.8663636363636363 0.06 0.2509090909090909
0 0.17545454545454545 0.8581818181818182 0.06181818181818182 0.24181818181818182
0 0.7881818181818182 0.8854545454545455 0.06727272727272728 0.2290909090909091
0 0.022727272727272728 0.850909090909091 0.045454545454545456 0.23272727272727273
0 0.12545454545454546 0.8690909090909091 0.06727272727272728 0.21454545454545454
0 0.8418181818181818 0.9127272727272727 0.06181818181818182 0.17454545454545456
0 0.06454545454545454 0.9063636363636364 0.06181818181818182 0.13272727272727272
0 0.36 0.9354545454545454 0.06545454545454546 0.11454545454545455
0 0.4081818181818182 0.9409090909090909 0.06 0.11090909090909092