0 0.9256329113924051 0.28164556962025317 0.04588607594936709 0.11550632911392406
0 0.7159810126582279 0.432753164556962 0.08544303797468354 0.27056962025316456
0 0.5253164556962026 0.569620253164557 0.13924050632911392 0.47151898734177217
0 0.4873417721518987 0.5957278481012658 0.125 0.4208860759493671
0 0.2199367088607595 0.685126582278481 0.25949367088607594 0.629746835443038
0 0.5822784810126582 0.5878164556962026 0.20094936708860758 0.5664556962025317
0 0.3125 0.7049050632911392 0.1439873417721519 0.4699367088607595
0 0.7705696202531646 0.5102848101265823 0.1550632911392405 0.4319620253164557
0 0.9477848101265823 0.42800632911392406 0.10443037974683544 0.5490506329113924
0 0.6740506329113924 0.564873417721519 0.17563291139240506 0.5363924050632911
0 0.9137658227848101 0.49841772151898733 0.13765822784810128 0.509493670886076
0 0.46439873417721517 0.6930379746835443 0.18829113924050633 0.6028481012658228
0 0.867879746835443 0.5253164556962026 0.1930379746835443 0.5632911392405063