0 0.8129084967320261 0.28104575163398693 0.058823529411764705 0.1503267973856209
0 0.7916666666666666 0.3006535947712418 0.058823529411764705 0.1568627450980392
0 0.7687908496732027 0.33986928104575165 0.08986928104575163 0.22875816993464052
0 0.5073529411764706 0.45016339869281047 0.042483660130718956 0.119281045751634
0 0.4852941176470588 0.4624183006535948 0.05228758169934641 0.1388888888888889
0 0.3888888888888889 0.5236928104575164 0.10130718954248366 0.2630718954248366
0 0.44689542483660133 0.5245098039215687 0.12418300653594772 0.32516339869281047
0 0.20833333333333334 0.5302287581699346 0.4166666666666667 0.9133986928104575
0 0.9313725490196079 0.4125816993464052 0.13725490196078433 0.553921568627451
0 0.9607843137254902 0.4068627450980392 0.0784313725490196 0.6372549019607843
0 0.5678104575163399 0.5866013071895425 0.2565359477124183 0.6748366013071896
0 0.35947712418300654 0.6625816993464052 0.22875816993464052 0.6062091503267973
0 0.7124183006535948 0.553921568627451 0.28104575163398693 0.7173202614379085
0 0.8725490196078431 0.5130718954248366 0.2549019607843137 0.7843137254901961