0 0.40033783783783783 0.41807432432432434 0.11993243243243243 0.46114864864864863
0 0.6461148648648649 0.3310810810810811 0.15202702702702703 0.543918918918919
0 0.5481418918918919 0.36993243243243246 0.15202702702702703 0.543918918918919
0 0.36317567567567566 0.4518581081081081 0.16722972972972974 0.5506756756756757
0 0.44763513513513514 0.43074324324324326 0.14695945945945946 0.5489864864864865
0 0.31334459459459457 0.5481418918918919 0.14864864864864866 0.5608108108108109
0 0.23141891891891891 0.581081081081081 0.21452702702702703 0.722972972972973
0 0.6300675675675675 0.46199324324324326 0.19932432432432431 0.6452702702702703
0 0.5219594594594594 0.5084459459459459 0.20439189189189189 0.6486486486486487
0 0.36993243243243246 0.5726351351351351 0.24662162162162163 0.6858108108108109
0 0.17314189189189189 0.6807432432432432 0.2516891891891892 0.6385135135135135