0 0.75 0.8156028368794326 0.12234042553191489 0.3049645390070922
0 0.4725177304964539 0.8528368794326241 0.12588652482269502 0.29432624113475175
0 0.5150709219858156 0.8652482269503546 0.07624113475177305 0.2695035460992908
0 0.16489361702127658 0.900709219858156 0.07092198581560284 0.19858156028368795
0 0.5664893617021277 0.8670212765957447 0.09219858156028368 0.2641843971631206
0 0.4175531914893617 0.8865248226950354 0.08687943262411348 0.22695035460992907
0 0.2854609929078014 0.900709219858156 0.06382978723404255 0.19858156028368795
0 0.6303191489361702 0.851063829787234 0.07801418439716312 0.2854609929078014
0 0.6604609929078015 0.8475177304964538 0.09929078014184398 0.28900709219858156
0 0.23138297872340424 0.8927304964539007 0.10815602836879433 0.21453900709219859
0 0.34397163120567376 0.8882978723404256 0.1099290780141844 0.22340425531914893
0 0.8670212765957447 0.8147163120567376 0.10460992907801418 0.3067375886524823
0 0.2712765957446808 0.8945035460992907 0.10283687943262411 0.21099290780141844
0 0.12056737588652482 0.9148936170212766 0.10283687943262411 0.1702127659574468
0 0.75177304964539 0.8377659574468085 0.11347517730496454 0.29609929078014185
0 0.06028368794326241 0.9219858156028369 0.07446808510638298 0.15602836879432624
0 0.20567375886524822 0.8936170212765957 0.11347517730496454 0.2127659574468085
0 0.8173758865248227 0.8262411347517731 0.08687943262411348 0.30851063829787234
0 0.15070921985815602 0.9237588652482269 0.07092198581560284 0.1524822695035461
0 0.4397163120567376 0.8812056737588653 0.1099290780141844 0.2375886524822695
0 0.9352836879432624 0.8085106382978723 0.08687943262411348 0.3049645390070922
0 0.6143617021276596 0.8696808510638298 0.12411347517730496 0.25354609929078015
0 0.9326241134751773 0.8111702127659575 0.07446808510638298 0.2783687943262411
0 0.3829787234042553 0.8971631205673759 0.08156028368794327 0.20567375886524822
0 0.7083333333333334 0.849290780141844 0.12056737588652482 0.28191489361702127
0 0.8971631205673759 0.8271276595744681 0.06205673758865248 0.2872340425531915
0 0.0797872340425532 0.9326241134751773 0.1099290780141844 0.1347517730496454