0 0.5118181818181818 0.6145454545454545 0.10545454545454545 0.48363636363636364
0 0.18363636363636363 0.6272727272727273 0.10545454545454545 0.6127272727272727
0 0.8572727272727273 0.6845454545454546 0.10909090909090909 0.6218181818181818
0 0.6918181818181818 0.6872727272727273 0.13272727272727272 0.6254545454545455
0 0.7681818181818182 0.6772727272727272 0.24909090909090909 0.6454545454545455
0 0.24363636363636362 0.6609090909090909 0.15272727272727274 0.649090909090909
0 0.9018181818181819 0.6909090909090909 0.14181818181818182 0.6181818181818182
0 0.3109090909090909 0.67 0.15272727272727274 0.64
0 0.07909090909090909 0.6572727272727272 0.15818181818181817 0.6345454545454545
0 0.3981818181818182 0.6827272727272727 0.2509090909090909 0.6345454545454545
0 0.9281818181818182 0.7063636363636364 0.14363636363636365 0.5872727272727273
0 0.5536363636363636 0.6981818181818182 0.1290909090909091 0.6036363636363636
0 0.6018181818181818 0.7009090909090909 0.18181818181818182 0.5981818181818181
0 0.14545454545454545 0.6872727272727273 0.12181818181818181 0.58