0 0.5342960288808665 0.8528880866425993 0.019855595667870037 0.04693140794223827
0 0.44765342960288806 0.8212996389891697 0.032490974729241874 0.10649819494584838
0 0.6552346570397112 0.9268953068592057 0.036101083032490974 0.09205776173285199
0 0.6398916967509025 0.9268953068592057 0.02707581227436823 0.0812274368231047
0 0.3231046931407942 0.7996389891696751 0.052346570397111915 0.1588447653429603
0 0.6796028880866426 0.9467509025270758 0.04512635379061372 0.10649819494584838
0 0.09115523465703972 0.7138989169675091 0.052346570397111915 0.2075812274368231
0 0.07581227436823104 0.7075812274368231 0.05956678700361011 0.22202166064981949
0 0.5397111913357401 0.9106498194945848 0.07220216606498195 0.17870036101083034
0 0.8285198555956679 0.9774368231046932 0.05776173285198556 0.04512635379061372
0 0.3628158844765343 0.8564981949458483 0.07581227436823104 0.2581227436823105
0 0.5893501805054152 0.9250902527075813 0.0631768953068592 0.14981949458483754
0 0.723826714801444 0.9548736462093863 0.05415162454873646 0.09025270758122744
0 0.40974729241877256 0.8799638989169675 0.07220216606498195 0.2364620938628159
0 0.7427797833935018 0.9575812274368231 0.0740072202166065 0.08483754512635379
0 0.5541516245487365 0.944043321299639 0.061371841155234655 0.11191335740072202
0 0.5 0.9413357400722022 0.05415162454873646 0.11732851985559567
0 0.2490974729241877 0.8276173285198556 0.11371841155234658 0.33212996389891697
0 0.898014440433213 0.9864620938628159 0.10288808664259928 0.02707581227436823
0 0.2779783393501805 0.8709386281588448 0.11732851985559567 0.24729241877256317