0 0.7517064846416383 0.32593856655290104 0.05631399317406143 0.14846416382252559
0 0.8481228668941979 0.2977815699658703 0.05460750853242321 0.15187713310580206
0 0.5776450511945392 0.4061433447098976 0.05802047781569966 0.189419795221843
0 0.5409556313993175 0.4308873720136519 0.04948805460750853 0.17918088737201365
0 0.08873720136518772 0.6006825938566553 0.06825938566552901 0.2593856655290102
0 0.3924914675767918 0.5119453924914675 0.08191126279863481 0.2986348122866894
0 0.3464163822525597 0.5315699658703071 0.09726962457337884 0.3310580204778157
0 0.6049488054607508 0.447098976109215 0.051194539249146756 0.20136518771331058
0 0.6382252559726962 0.4539249146757679 0.08532423208191127 0.30716723549488056
0 0.22866894197952217 0.591296928327645 0.08020477815699659 0.2883959044368601
0 0.06569965870307168 0.6604095563139932 0.08020477815699659 0.36006825938566556
0 0.9300341296928327 0.38310580204778155 0.09044368600682594 0.30716723549488056
0 0.42918088737201365 0.5546075085324232 0.12798634812286688 0.3651877133105802
0 0.7994880546075085 0.4334470989761092 0.11433447098976109 0.378839590443686
0 0.28668941979522183 0.6348122866894198 0.12286689419795221 0.40273037542662116
0 0.15017064846416384 0.6911262798634812 0.14334470989761092 0.5392491467576792
0 0.7047781569965871 0.5221843003412969 0.13310580204778158 0.46245733788395904
0 0.8754266211604096 0.48464163822525597 0.14334470989761092 0.44880546075085326
0 0.5324232081911263 0.6851535836177475 0.19795221843003413 0.6296928327645052