0 0.41254125412541254 0.7301980198019802 0.024752475247524754 0.08745874587458746
0 0.3952145214521452 0.7574257425742574 0.036303630363036306 0.15181518151815182
0 0.2615511551155115 0.8052805280528053 0.04950495049504951 0.18646864686468648
0 0.721947194719472 0.7136963696369637 0.066006600660066 0.22112211221122113
0 0.1551155115511551 0.8721122112211221 0.056105610561056105 0.19966996699669967
0 0.7037953795379538 0.7211221122112211 0.10066006600660066 0.24422442244224424
0 0.91996699669967 0.6617161716171617 0.07755775577557755 0.2590759075907591
0 0.7887788778877888 0.7037953795379538 0.06765676567656766 0.22112211221122113
0 0.9562706270627063 0.6633663366336634 0.0627062706270627 0.2376237623762376
0 0.6072607260726073 0.7706270627062707 0.09900990099009901 0.3333333333333333
0 0.3844884488448845 0.8325082508250825 0.07095709570957096 0.2739273927392739
0 0.3333333333333333 0.8523102310231023 0.07095709570957096 0.27722772277227725
0 0.6551155115511551 0.7739273927392739 0.09075907590759076 0.2953795379537954
0 0.5503300330033003 0.8044554455445545 0.0462046204620462 0.10396039603960396
0 0.8943894389438944 0.7095709570957096 0.10891089108910891 0.334983498349835
0 0.8506600660066007 0.7293729372937293 0.08745874587458746 0.29042904290429045
0 0.9645214521452146 0.6971947194719472 0.07095709570957096 0.37623762376237624
0 0.36056105610561057 0.8523102310231023 0.10231023102310231 0.2887788778877888
0 0.2986798679867987 0.8712871287128713 0.09735973597359736 0.24752475247524752