0 0.4753521126760563 0.3415492957746479 0.10211267605633803 0.477112676056338
0 0.7376760563380281 0.29225352112676056 0.13204225352112675 0.5598591549295775
0 0.6338028169014085 0.3160211267605634 0.13380281690140844 0.5598591549295775
0 0.43661971830985913 0.37059859154929575 0.14964788732394366 0.5669014084507042
0 0.5237676056338029 0.3626760563380282 0.1267605633802817 0.5669014084507042
0 0.37940140845070425 0.4612676056338028 0.12852112676056338 0.5809859154929577
0 0.2904929577464789 0.4841549295774648 0.19014084507042253 0.7411971830985915
0 0.7139084507042254 0.4251760563380282 0.17781690140845072 0.6602112676056338
0 0.5994718309859155 0.45422535211267606 0.18309859154929578 0.6654929577464789
0 0.4357394366197183 0.49559859154929575 0.22535211267605634 0.698943661971831
0 0.22535211267605634 0.6258802816901409 0.2323943661971831 0.7482394366197183