0 0.8961267605633803 0.4198943661971831 0.20774647887323944 0.8397887323943662
0 0.5132042253521126 0.5677816901408451 0.23943661971830985 0.7112676056338029
0 0.7235915492957746 0.5 0.2323943661971831 0.704225352112676
0 0.8785211267605634 0.44366197183098594 0.13204225352112675 0.545774647887324
0 0.8494718309859155 0.4762323943661972 0.14788732394366197 0.5299295774647887
0 0.397887323943662 0.6769366197183099 0.16549295774647887 0.5035211267605634
0 0.6584507042253521 0.6003521126760564 0.09683098591549295 0.301056338028169
0 0.6144366197183099 0.6258802816901409 0.07922535211267606 0.2676056338028169
0 0.08450704225352113 0.8573943661971831 0.1056338028169014 0.2535211267605634
0 0.06778169014084508 0.8714788732394366 0.058098591549295774 0.1954225352112676
0 0.1522887323943662 0.8415492957746479 0.10035211267605634 0.2517605633802817