0 0.21160714285714285 0.7392857142857143 0.05 0.21785714285714286
0 0.16875 0.7571428571428571 0.08571428571428572 0.25357142857142856
0 0.9375 0.6544642857142857 0.08035714285714286 0.4232142857142857
0 0.03125 0.80625 0.0625 0.2625
0 0.6285714285714286 0.7178571428571429 0.10535714285714286 0.44285714285714284
0 0.4928571428571429 0.7392857142857143 0.07321428571428572 0.33035714285714285
0 0.8866071428571428 0.6794642857142857 0.14464285714285716 0.5178571428571429
0 0.5866071428571429 0.7330357142857142 0.0875 0.40714285714285714
0 0.19107142857142856 0.7982142857142858 0.05178571428571429 0.275
0 0.5348214285714286 0.7366071428571429 0.15178571428571427 0.5267857142857143
0 0.74375 0.7419642857142857 0.1 0.5
0 0.6803571428571429 0.7330357142857142 0.16071428571428573 0.5339285714285714
0 0.3044642857142857 0.75625 0.19642857142857142 0.48035714285714287
0 0.42589285714285713 0.75625 0.15357142857142858 0.4875
0 0.8107142857142857 0.7446428571428572 0.18571428571428572 0.5107142857142857
0 0.13214285714285715 0.8214285714285714 0.15178571428571427 0.3375