0 0.9033898305084745 0.42627118644067796 0.19322033898305085 0.8525423728813559
0 0.5838983050847457 0.6347457627118644 0.2711864406779661 0.6949152542372882
0 0.7822033898305085 0.5449152542372881 0.2627118644067797 0.688135593220339
0 0.923728813559322 0.4711864406779661 0.15254237288135594 0.5254237288135594
0 0.9 0.5067796610169492 0.17457627118644067 0.5152542372881356
0 0.48050847457627116 0.7542372881355932 0.188135593220339 0.4915254237288136
0 0.7245762711864406 0.65 0.11016949152542373 0.29322033898305083
0 0.6838983050847458 0.6788135593220339 0.08983050847457627 0.26101694915254237
0 0.1906779661016949 0.9203389830508475 0.11016949152542373 0.15932203389830507
0 0.17627118644067796 0.9432203389830508 0.06440677966101695 0.1135593220338983
0 0.25508474576271184 0.9093220338983051 0.10677966101694915 0.18135593220338983