0 0.4574652777777778 0.3411458333333333 0.1076388888888889 0.23958333333333334
0 0.6163194444444444 0.3611111111111111 0.09722222222222222 0.3333333333333333
0 0.7092013888888888 0.3385416666666667 0.10069444444444445 0.3211805555555556
0 0.6753472222222222 0.3611111111111111 0.09375 0.2986111111111111
0 0.3272569444444444 0.4505208333333333 0.05555555555555555 0.2309027777777778
0 0.3619791666666667 0.4496527777777778 0.06770833333333333 0.2204861111111111
0 0.15364583333333334 0.5199652777777778 0.13368055555555555 0.4409722222222222
0 0.3038194444444444 0.5060763888888888 0.09895833333333333 0.3854166666666667
0 0.1527777777777778 0.5616319444444444 0.1440972222222222 0.4288194444444444
0 0.4157986111111111 0.5078125 0.16493055555555555 0.4479166666666667
0 0.6189236111111112 0.4748263888888889 0.13020833333333334 0.4340277777777778
0 0.2855902777777778 0.5616319444444444 0.125 0.4392361111111111
0 0.08072916666666667 0.6171875 0.1545138888888889 0.4895833333333333
0 0.4296875 0.5529513888888888 0.13194444444444445 0.4097222222222222
0 0.2404513888888889 0.6059027777777778 0.18229166666666666 0.5659722222222222
0 0.5833333333333334 0.5711805555555556 0.18055555555555555 0.6371527777777778
0 0.4713541666666667 0.6137152777777778 0.140625 0.5017361111111112
0 0.7751736111111112 0.5564236111111112 0.18229166666666666 0.5711805555555556
0 0.8489583333333334 0.5711805555555556 0.1684027777777778 0.5572916666666666