0 0.4826388888888889 0.6996527777777778 0.04861111111111111 0.16145833333333334
0 0.453125 0.7065972222222222 0.03125 0.13541666666666666
0 0.3689236111111111 0.7473958333333334 0.050347222222222224 0.21354166666666666
0 0.7508680555555556 0.6857638888888888 0.07465277777777778 0.2586805555555556
0 0.5269097222222222 0.7335069444444444 0.057291666666666664 0.22395833333333334
0 0.4392361111111111 0.7604166666666666 0.0642361111111111 0.2795138888888889
0 0.2855902777777778 0.7925347222222222 0.057291666666666664 0.22916666666666666
0 0.8064236111111112 0.6892361111111112 0.07291666666666667 0.2951388888888889
0 0.8463541666666666 0.7022569444444444 0.06597222222222222 0.3090277777777778
0 0.7057291666666666 0.7300347222222222 0.06944444444444445 0.3107638888888889
0 0.2578125 0.8307291666666666 0.043402777777777776 0.28125
0 0.4045138888888889 0.8168402777777778 0.09722222222222222 0.3645833333333333
0 0.3211805555555556 0.8342013888888888 0.1111111111111111 0.3263888888888889