0 0.41946308724832215 0.6820469798657718 0.05536912751677853 0.1593959731543624
0 0.39093959731543626 0.6870805369127517 0.040268456375838924 0.1325503355704698
0 0.3070469798657718 0.7189597315436241 0.06208053691275168 0.2080536912751678
0 0.6786912751677853 0.6954697986577181 0.087248322147651 0.2533557046979866
0 0.46057046979865773 0.7197986577181208 0.06711409395973154 0.2181208053691275
0 0.3733221476510067 0.738255033557047 0.07718120805369127 0.27181208053691275
0 0.2231543624161074 0.7533557046979866 0.06879194630872483 0.2214765100671141
0 0.7323825503355704 0.7055369127516778 0.08892617449664429 0.28859060402684567
0 0.7692953020134228 0.7206375838926175 0.08053691275167785 0.30033557046979864
0 0.6317114093959731 0.7340604026845637 0.08389261744966443 0.30033557046979864
0 0.19379194630872484 0.787751677852349 0.0587248322147651 0.27348993288590606
0 0.3338926174496644 0.8011744966442953 0.11577181208053691 0.3775167785234899
0 0.2533557046979866 0.8104026845637584 0.12751677852348994 0.34563758389261745