0 0.7953795379537953 0.523102310231023 0.024752475247524754 0.06930693069306931
0 0.46204620462046203 0.6097359735973598 0.0891089108910891 0.29207920792079206
0 0.01485148514851485 0.7227722772277227 0.02145214521452145 0.19306930693069307
0 0.08663366336633663 0.7103960396039604 0.04950495049504951 0.19141914191419143
0 0.040429042904290426 0.7293729372937293 0.06765676567656766 0.22937293729372937
0 0.3028052805280528 0.6765676567656765 0.05115511551155116 0.1617161716171617
0 0.6072607260726073 0.6443894389438944 0.0858085808580858 0.3976897689768977
0 0.8523102310231023 0.599009900990099 0.10066006600660066 0.4521452145214521
0 0.7112211221122112 0.6443894389438944 0.10066006600660066 0.40264026402640263
0 0.1377887788778878 0.7533003300330033 0.17326732673267325 0.4933993399339934
0 0.5618811881188119 0.7351485148514851 0.16006600660066006 0.5297029702970297
0 0.7681518151815182 0.7004950495049505 0.18811881188118812 0.5478547854785478
0 0.41089108910891087 0.7557755775577558 0.19801980198019803 0.4884488448844885