0 0.24907063197026022 0.03903345724907063 0.03345724907063197 0.07806691449814127
0 0.2258364312267658 0.04368029739776952 0.03903345724907063 0.08736059479553904
0 0.10223048327137546 0.06133828996282528 0.06319702602230483 0.12267657992565056
0 0.9024163568773235 0.27137546468401486 0.09479553903345725 0.3587360594795539
0 0.28066914498141265 0.2295539033457249 0.15613382899628253 0.4591078066914498
0 0.15427509293680297 0.22026022304832713 0.18587360594795538 0.44052044609665425
0 0.3336431226765799 0.4117100371747212 0.3550185873605948 0.8234200743494424
0 0.7444237918215614 0.4758364312267658 0.26022304832713755 0.8921933085501859
0 0.48234200743494426 0.4163568773234201 0.20631970260223048 0.8327137546468402
0 0.5901486988847584 0.44981412639405205 0.241635687732342 0.8847583643122676
0 0.8977695167286245 0.5808550185873605 0.1821561338289963 0.8382899628252788