0 0.3374183006535948 0.553921568627451 0.25326797385620914 0.8088235294117647
0 0.3954248366013072 0.5808823529411765 0.04738562091503268 0.16666666666666666
0 0.27205882352941174 0.6168300653594772 0.04084967320261438 0.15359477124183007
0 0.5236928104575164 0.5620915032679739 0.2565359477124183 0.815359477124183
0 0.14297385620915032 0.6535947712418301 0.05065359477124183 0.20098039215686275
0 0.3872549019607843 0.5996732026143791 0.026143790849673203 0.09803921568627451
0 0.7009803921568627 0.5285947712418301 0.1437908496732026 0.4526143790849673
0 0.43790849673202614 0.5955882352941176 0.02287581699346405 0.06535947712418301
0 0.803921568627451 0.5138888888888888 0.07026143790849673 0.32189542483660133
0 0.17647058823529413 0.6887254901960784 0.0392156862745098 0.11437908496732026
0 0.7401960784313726 0.5694444444444444 0.17320261437908496 0.5424836601307189