0 0.814935064935065 0.32954545454545453 0.03896103896103896 0.14285714285714285
0 0.7930194805194806 0.34415584415584416 0.037337662337662336 0.14935064935064934
0 0.7711038961038961 0.3806818181818182 0.060064935064935064 0.21915584415584416
0 0.5121753246753247 0.4431818181818182 0.025974025974025976 0.11525974025974026
0 0.49107142857142855 0.4537337662337662 0.032467532467532464 0.1314935064935065
0 0.3944805194805195 0.49756493506493504 0.06655844155844155 0.25
0 0.45292207792207795 0.5089285714285714 0.07954545454545454 0.3116883116883117
0 0.17532467532467533 0.5202922077922078 0.35064935064935066 0.952922077922078
0 0.9496753246753247 0.48863636363636365 0.10064935064935066 0.5357142857142857
0 0.9821428571428571 0.4926948051948052 0.03571428571428571 0.6347402597402597
0 0.5706168831168831 0.5925324675324676 0.16396103896103897 0.6461038961038961
0 0.3652597402597403 0.6306818181818182 0.1461038961038961 0.5795454545454546
0 0.7126623376623377 0.5852272727272727 0.18181818181818182 0.6834415584415584
0 0.898538961038961 0.5787337662337663 0.20292207792207792 0.7451298701298701