0 0.5066006600660066 0.6468646864686468 0.04455445544554455 0.10726072607260725
0 0.5544554455445545 0.650990099009901 0.04950495049504951 0.10891089108910891
0 0.4777227722772277 0.6460396039603961 0.034653465346534656 0.11716171617161716
0 0.5396039603960396 0.6518151815181518 0.033003300330033 0.10396039603960396
0 0.4645214521452145 0.6460396039603961 0.0297029702970297 0.09735973597359736
0 0.4282178217821782 0.6435643564356436 0.03135313531353135 0.10891089108910891
0 0.39686468646864687 0.6452145214521452 0.04455445544554455 0.11551155115511551
0 0.5264026402640264 0.6551155115511551 0.036303630363036306 0.11716171617161716
0 0.6064356435643564 0.6600660066006601 0.041254125412541254 0.11716171617161716
0 0.36386138613861385 0.6443894389438944 0.05115511551155116 0.12211221122112212
0 0.6674917491749175 0.6666666666666666 0.03135313531353135 0.0924092409240924
0 0.683993399339934 0.66996699669967 0.0429042904290429 0.11716171617161716
0 0.716996699669967 0.6740924092409241 0.054455445544554455 0.13366336633663367
0 0.7953795379537953 0.6806930693069307 0.03135313531353135 0.11716171617161716
0 0.7607260726072608 0.6806930693069307 0.0429042904290429 0.09570957095709572
0 0.7442244224422442 0.6806930693069307 0.054455445544554455 0.11386138613861387