0 0.4817708333333333 0.6805555555555556 0.0642361111111111 0.1684027777777778
0 0.4548611111111111 0.6961805555555556 0.04513888888888889 0.1388888888888889
0 0.3784722222222222 0.7612847222222222 0.07118055555555555 0.21875
0 0.7430555555555556 0.5894097222222222 0.10069444444444445 0.265625
0 0.53125 0.7013888888888888 0.0798611111111111 0.22916666666666666
0 0.4487847222222222 0.7526041666666666 0.09027777777777778 0.2847222222222222
0 0.3029513888888889 0.828125 0.08159722222222222 0.234375
0 0.7977430555555556 0.5789930555555556 0.10243055555555555 0.3020833333333333
0 0.8385416666666666 0.5798611111111112 0.0954861111111111 0.3125
0 0.7048611111111112 0.6475694444444444 0.09895833333333333 0.3125
0 0.2803819444444444 0.8663194444444444 0.07118055555555555 0.2673611111111111
0 0.4244791666666667 0.8168402777777778 0.1371527777777778 0.3663194444444444
0 0.3463541666666667 0.8454861111111112 0.14756944444444445 0.3090277777777778