0 0.5078616352201258 0.4111635220125786 0.029874213836477988 0.08333333333333333
0 0.5424528301886793 0.4276729559748428 0.05188679245283019 0.13679245283018868
0 0.4166666666666667 0.4080188679245283 0.04245283018867924 0.11949685534591195
0 0.4748427672955975 0.4371069182389937 0.0660377358490566 0.21540880503144655
0 0.3867924528301887 0.4363207547169811 0.05188679245283019 0.17452830188679244
0 0.2555031446540881 0.40959119496855345 0.059748427672955975 0.20911949685534592
0 0.6257861635220126 0.49842767295597484 0.06918238993710692 0.23113207547169812
0 0.6470125786163522 0.5086477987421384 0.10062893081761007 0.2971698113207547
0 0.8514150943396226 0.5644654088050315 0.09119496855345911 0.27044025157232704
0 0.4481132075471698 0.47562893081761004 0.10377358490566038 0.33962264150943394
0 0.2830188679245283 0.4363207547169811 0.08962264150943396 0.29874213836477986
0 0.585691823899371 0.514937106918239 0.12106918238993711 0.33647798742138363
0 0.7334905660377359 0.5511006289308176 0.10220125786163523 0.2720125786163522
0 0.7727987421383647 0.5660377358490566 0.08647798742138364 0.26572327044025157
0 0.3608490566037736 0.46855345911949686 0.10849056603773585 0.33490566037735847
0 0.6926100628930818 0.5566037735849056 0.08333333333333333 0.2389937106918239
0 0.5204402515723271 0.5440251572327044 0.09433962264150944 0.30974842767295596
0 0.300314465408805 0.5133647798742138 0.13522012578616352 0.42138364779874216
0 0.19732704402515724 0.5448113207547169 0.18867924528301888 0.5471698113207547