0 0.5595238095238095 0.45054945054945056 0.029304029304029304 0.09340659340659341
0 0.5201465201465202 0.4523809523809524 0.05128205128205128 0.15567765567765568
0 0.6648351648351648 0.4908424908424908 0.04212454212454213 0.13736263736263737
0 0.5952380952380952 0.49542124542124544 0.06227106227106227 0.24725274725274726
0 0.6968864468864469 0.5393772893772893 0.047619047619047616 0.2032967032967033
0 0.8489010989010989 0.5714285714285714 0.054945054945054944 0.23992673992673993
0 0.4184981684981685 0.4926739926739927 0.0641025641025641 0.26556776556776557
0 0.39377289377289376 0.4945054945054945 0.09523809523809523 0.33882783882783885
0 0.1565934065934066 0.4597069597069597 0.08791208791208792 0.3076923076923077
0 0.6245421245421245 0.5521978021978022 0.09523809523809523 0.3882783882783883
0 0.8159340659340659 0.5888278388278388 0.08058608058608059 0.3424908424908425
0 0.4642857142857143 0.532051282051282 0.11904761904761904 0.38461538461538464
0 0.29120879120879123 0.5027472527472527 0.10073260073260074 0.3131868131868132
0 0.24725274725274726 0.5009157509157509 0.08424908424908426 0.304029304029304
0 0.7252747252747253 0.5888278388278388 0.10073260073260074 0.38461538461538464
0 0.33882783882783885 0.5283882783882784 0.08058608058608059 0.27106227106227104
0 0.5366300366300366 0.597985347985348 0.08974358974358974 0.3534798534798535
0 0.7902930402930403 0.6694139194139194 0.1282051282051282 0.4835164835164835
0 0.902014652014652 0.7152014652014652 0.17765567765567766 0.5476190476190477