0 0.11245353159851301 0.3996282527881041 0.06133828996282528 0.15427509293680297
0 0.017657992565055763 0.41728624535315983 0.03531598513011153 0.1579925650557621
0 0.3076208178438662 0.39219330855018586 0.05762081784386617 0.20074349442379183
0 0.34944237918215615 0.3996282527881041 0.048327137546468404 0.19330855018587362
0 0.8485130111524164 0.3420074349442379 0.06691449814126393 0.2788104089219331
0 0.5185873605947955 0.4079925650557621 0.08364312267657993 0.31970260223048325
0 0.5697026022304833 0.4052044609665427 0.10037174721189591 0.3513011152416357
0 0.28810408921933084 0.4507434944237918 0.05204460966542751 0.21933085501858737
0 0.2555762081784387 0.4739776951672863 0.08550185873605948 0.3308550185873606
0 0.7026022304832714 0.40613382899628253 0.07806691449814127 0.3104089219330855
0 0.8847583643122676 0.39312267657992567 0.07806691449814127 0.38847583643122674
0 0.48977695167286245 0.4721189591078067 0.13197026022304834 0.3847583643122677
0 0.08550185873605948 0.5381040892193308 0.11524163568773234 0.4033457249070632
0 0.6524163568773235 0.48234200743494426 0.12453531598513011 0.42936802973977695
0 0.8039033457249071 0.47026022304832715 0.14312267657992564 0.5780669144981413
0 0.2016728624535316 0.5827137546468402 0.13197026022304834 0.49256505576208176
0 0.04460966542750929 0.6273234200743495 0.08921933085501858 0.4739776951672863
0 0.40985130111524165 0.6644981412639405 0.20260223048327136 0.671003717472119