0 0.3 0.07096774193548387 0.035483870967741936 0.11451612903225807
0 0.27983870967741936 0.07016129032258064 0.041935483870967745 0.1338709677419355
0 0.1717741935483871 0.08306451612903226 0.06612903225806452 0.16612903225806452
0 0.8572580645161291 0.3 0.09838709677419355 0.31290322580645163
0 0.32016129032258067 0.22983870967741934 0.1596774193548387 0.4596774193548387
0 0.20967741935483872 0.22258064516129034 0.18387096774193548 0.44516129032258067
0 0.3580645161290323 0.3879032258064516 0.34516129032258064 0.7758064516129032
0 0.7104838709677419 0.475 0.2645161290322581 0.7806451612903226
0 0.48629032258064514 0.4032258064516129 0.21774193548387097 0.7661290322580645
0 0.5790322580645161 0.45161290322580644 0.25 0.7741935483870968
0 0.8379032258064516 0.6008064516129032 0.19838709677419356 0.7983870967741935