0 0.4562937062937063 0.6861888111888111 0.05244755244755245 0.16433566433566432
0 0.42657342657342656 0.6914335664335665 0.03671328671328671 0.1381118881118881
0 0.3409090909090909 0.7281468531468531 0.055944055944055944 0.21503496503496503
0 0.7272727272727273 0.6905594405594405 0.08216783216783216 0.26223776223776224
0 0.5008741258741258 0.7229020979020979 0.06293706293706294 0.22552447552447552
0 0.40996503496503495 0.7456293706293706 0.06993006993006994 0.28146853146853146
0 0.25524475524475526 0.7674825174825175 0.06468531468531469 0.229020979020979
0 0.7832167832167832 0.6984265734265734 0.08216783216783216 0.29895104895104896
0 0.8225524475524476 0.7132867132867133 0.07342657342657342 0.3111888111888112
0 0.6791958041958042 0.7316433566433567 0.07692307692307693 0.3129370629370629
0 0.22465034965034966 0.8041958041958042 0.050699300699300696 0.28496503496503495
0 0.3715034965034965 0.8068181818181818 0.10664335664335664 0.3776223776223776
0 0.28846153846153844 0.8190559440559441 0.12062937062937062 0.34615384615384615