0 0.40634920634920635 0.5095238095238095 0.031746031746031744 0.0873015873015873
0 0.38095238095238093 0.5103174603174603 0.02857142857142857 0.08095238095238096
0 0.5531746031746032 0.5476190476190477 0.025396825396825397 0.12380952380952381
0 0.5261904761904762 0.5642857142857143 0.04285714285714286 0.1761904761904762
0 0.7158730158730159 0.6126984126984127 0.07301587301587302 0.2523809523809524
0 0.13333333333333333 0.5071428571428571 0.08571428571428572 0.2523809523809524
0 0.665079365079365 0.6238095238095238 0.06507936507936508 0.2523809523809524
0 0.6206349206349207 0.6142857142857143 0.05714285714285714 0.24603174603174602
0 0.7912698412698412 0.6587301587301587 0.08095238095238096 0.2698412698412698
0 0.4984126984126984 0.6634920634920635 0.10317460317460317 0.4174603174603175
0 0.5698412698412698 0.6880952380952381 0.09206349206349207 0.42063492063492064