0 0.86640625 0.253125 0.0921875 0.25
0 0.17734375 0.5203125 0.1296875 0.234375
0 0.1140625 0.5515625 0.121875 0.3078125
0 0.25078125 0.5234375 0.090625 0.1875
0 0.390625 0.56796875 0.2828125 0.6015625
0 0.90390625 0.43046875 0.1921875 0.5078125
0 0.75 0.4890625 0.2828125 0.5296875
0 0.109375 0.71484375 0.21875 0.5078125
0 0.559375 0.5640625 0.1578125 0.453125
0 0.484375 0.5890625 0.140625 0.4453125
0 0.284375 0.65625 0.19375 0.465625
0 0.1703125 0.6953125 0.178125 0.44375
0 0.83359375 0.4765625 0.1796875 0.4546875
0 0.6359375 0.55625 0.165625 0.425