0 0.528169014084507 0.3670774647887324 0.028169014084507043 0.0897887323943662
0 0.4903169014084507 0.36883802816901406 0.04929577464788732 0.14964788732394366
0 0.6285211267605634 0.40580985915492956 0.040492957746478875 0.13204225352112675
0 0.5616197183098591 0.4102112676056338 0.05985915492957746 0.23767605633802816
0 0.659330985915493 0.4524647887323944 0.045774647887323945 0.1954225352112676
0 0.8063380281690141 0.48327464788732394 0.0528169014084507 0.2306338028169014
0 0.39172535211267606 0.40757042253521125 0.061619718309859156 0.25528169014084506
0 0.36795774647887325 0.40933098591549294 0.09154929577464789 0.3257042253521127
0 0.14084507042253522 0.37588028169014087 0.08450704225352113 0.29577464788732394
0 0.590669014084507 0.4647887323943662 0.09154929577464789 0.3732394366197183
0 0.7737676056338029 0.5 0.07746478873239436 0.32922535211267606
0 0.43661971830985913 0.4454225352112676 0.11443661971830986 0.36971830985915494
0 0.27024647887323944 0.41725352112676056 0.09683098591549295 0.301056338028169
0 0.22711267605633803 0.4154929577464789 0.08098591549295775 0.29225352112676056
0 0.6866197183098591 0.5008802816901409 0.09683098591549295 0.36971830985915494
0 0.3160211267605634 0.44190140845070425 0.07746478873239436 0.2605633802816901
0 0.5052816901408451 0.5088028169014085 0.08626760563380281 0.3397887323943662
0 0.7491197183098591 0.5774647887323944 0.12323943661971831 0.4647887323943662
0 0.8600352112676056 0.6602112676056338 0.1742957746478873 0.602112676056338