0 0.5016339869281046 0.6184640522875817 0.10130718954248366 0.4411764705882353
0 0.7900326797385621 0.6936274509803921 0.10294117647058823 0.5555555555555556
0 0.18627450980392157 0.6143790849673203 0.10457516339869281 0.5620915032679739
0 0.33088235294117646 0.6642156862745098 0.12908496732026145 0.6013071895424836
0 0.26062091503267976 0.6593137254901961 0.2369281045751634 0.6666666666666666
0 0.7303921568627451 0.7075163398692811 0.14705882352941177 0.5849673202614379
0 0.14215686274509803 0.6511437908496732 0.13725490196078433 0.6421568627450981
0 0.670751633986928 0.7066993464052288 0.14869281045751634 0.5866013071895425
0 0.8758169934640523 0.7246732026143791 0.15359477124183007 0.5506535947712419
0 0.5915032679738562 0.704248366013072 0.23529411764705882 0.5915032679738562
0 0.10702614379084967 0.6593137254901961 0.15849673202614378 0.6176470588235294
0 0.45016339869281047 0.7050653594771242 0.12581699346405228 0.5898692810457516
0 0.40522875816993464 0.701797385620915 0.17320261437908496 0.5931372549019608
0 0.8137254901960784 0.744281045751634 0.11764705882352941 0.511437908496732