0 0.502373417721519 0.6487341772151899 0.03481012658227848 0.0981012658227848
0 0.5482594936708861 0.6550632911392406 0.03955696202531646 0.10126582278481013
0 0.4754746835443038 0.6471518987341772 0.023734177215189875 0.10759493670886076
0 0.5340189873417721 0.6550632911392406 0.02531645569620253 0.0981012658227848
0 0.46281645569620256 0.6471518987341772 0.020569620253164556 0.09177215189873418
0 0.42800632911392406 0.6439873417721519 0.022151898734177215 0.10284810126582279
0 0.39794303797468356 0.6431962025316456 0.03481012658227848 0.1060126582278481
0 0.5205696202531646 0.6574367088607594 0.02531645569620253 0.11075949367088607
0 0.5981012658227848 0.6661392405063291 0.030063291139240507 0.10759493670886076
0 0.3662974683544304 0.6408227848101266 0.04113924050632911 0.11234177215189874
0 0.6566455696202531 0.6732594936708861 0.023734177215189875 0.08544303797468354
0 0.6708860759493671 0.678006329113924 0.030063291139240507 0.11075949367088607
0 0.7025316455696202 0.682753164556962 0.04272151898734177 0.12341772151898735
0 0.7768987341772152 0.6914556962025317 0.020569620253164556 0.11075949367088607
0 0.7444620253164557 0.6914556962025317 0.03322784810126582 0.08702531645569621
0 0.7278481012658228 0.6906645569620253 0.04430379746835443 0.10443037974683544