0 0.8048387096774193 0.5032258064516129 0.027419354838709678 0.06935483870967742
0 0.482258064516129 0.5991935483870968 0.0967741935483871 0.2870967741935484
0 0.04435483870967742 0.7258064516129032 0.03870967741935484 0.19032258064516128
0 0.11854838709677419 0.7104838709677419 0.054838709677419356 0.18870967741935485
0 0.075 0.7298387096774194 0.07419354838709677 0.22580645161290322
0 0.32903225806451614 0.6701612903225806 0.056451612903225805 0.1596774193548387
0 0.625 0.6282258064516129 0.09838709677419355 0.3903225806451613
0 0.8637096774193549 0.5758064516129032 0.11451612903225807 0.4435483870967742
0 0.7266129032258064 0.625 0.11290322580645161 0.3951612903225806
0 0.17096774193548386 0.7532258064516129 0.1870967741935484 0.4935483870967742
0 0.5854838709677419 0.7274193548387097 0.17580645161290323 0.5370967741935484
0 0.7838709677419354 0.6774193548387096 0.2032258064516129 0.5403225806451613
0 0.43790322580645163 0.7508064516129033 0.21129032258064517 0.49838709677419357