0 0.6112903225806452 0.5177419354838709 0.016129032258064516 0.06935483870967742
0 0.5225806451612903 0.5129032258064516 0.03225806451612903 0.16129032258064516
0 0.4870967741935484 0.5096774193548387 0.04838709677419355 0.1935483870967742
0 0.7137096774193549 0.5362903225806451 0.04838709677419355 0.2064516129032258
0 0.6233870967741936 0.5266129032258065 0.017741935483870968 0.06129032258064516
0 0.7669354838709678 0.5483870967741935 0.17419354838709677 0.49193548387096775
0 0.6362903225806451 0.5338709677419354 0.020967741935483872 0.06774193548387097
0 0.9040322580645161 0.5645161290322581 0.13870967741935483 0.5403225806451613
0 0.6766129032258065 0.542741935483871 0.056451612903225805 0.1967741935483871
0 0.5879032258064516 0.5346774193548387 0.05967741935483871 0.18225806451612903
0 0.19516129032258064 0.4991935483870968 0.0532258064516129 0.19516129032258064
0 0.3153225806451613 0.5185483870967742 0.037096774193548385 0.15161290322580645
0 0.26129032258064516 0.5161290322580645 0.11129032258064517 0.45806451612903226
0 0.17016129032258065 0.507258064516129 0.03225806451612903 0.15161290322580645
0 0.8580645161290322 0.589516129032258 0.054838709677419356 0.1435483870967742
0 0.0935483870967742 0.510483870967742 0.11935483870967742 0.4935483870967742