0 0.20260223048327136 0.7955390334572491 0.09479553903345725 0.30297397769516726
0 0.49535315985130113 0.7908921933085502 0.09851301115241635 0.3513011152416357
0 0.4516728624535316 0.7992565055762082 0.05018587360594796 0.3066914498141264
0 0.8215613382899628 0.7890334572490706 0.04460966542750929 0.32342007434944237
0 0.3986988847583643 0.8057620817843866 0.06691449814126393 0.275092936802974
0 0.5566914498141264 0.8029739776951673 0.06319702602230483 0.27137546468401486
0 0.6979553903345725 0.8020446096654275 0.040892193308550186 0.2843866171003718
0 0.3299256505576208 0.8131970260223048 0.05018587360594796 0.3159851301115242
0 0.2992565055762082 0.8159851301115242 0.0724907063197026 0.3104089219330855
0 0.7537174721189591 0.8020446096654275 0.08550185873605948 0.33643122676579923
0 0.6338289962825279 0.8066914498141264 0.08550185873605948 0.30855018587360594
0 0.08085501858736059 0.8252788104089219 0.07434944237918216 0.30855018587360594
0 0.7118959107806692 0.8057620817843866 0.07806691449814127 0.3215613382899628
0 0.870817843866171 0.8029739776951673 0.07992565055762081 0.3104089219330855
0 0.20260223048327136 0.8234200743494424 0.08736059479553904 0.3066914498141264
0 0.9368029739776952 0.8011152416356877 0.05390334572490706 0.3159851301115242
0 0.7806691449814126 0.8076208178438662 0.08736059479553904 0.35687732342007433
0 0.13382899628252787 0.8308550185873605 0.055762081784386616 0.3271375464684015
0 0.8401486988847584 0.8085501858736059 0.05018587360594796 0.275092936802974
0 0.5325278810408922 0.8178438661710037 0.08550185873605948 0.30855018587360594
0 0.017657992565055763 0.837360594795539 0.03531598513011153 0.3104089219330855
0 0.34944237918215615 0.8271375464684015 0.10037174721189591 0.2695167286245353
0 0.016728624535315983 0.8392193308550185 0.03345724907063197 0.2843866171003718
0 0.5929368029739777 0.8234200743494424 0.05947955390334572 0.2862453531598513
0 0.24907063197026022 0.8336431226765799 0.09293680297397769 0.3066914498141264
0 0.05018587360594796 0.8466542750929368 0.03345724907063197 0.29739776951672864
0 0.9191449814126395 0.8271375464684015 0.09851301115241635 0.3048327137546468