0 0.21454545454545454 0.58 0.02727272727272727 0.07636363636363637
0 0.5872727272727273 0.6609090909090909 0.10181818181818182 0.3236363636363636
0 0.9890909090909091 0.7545454545454545 0.02181818181818182 0.2109090909090909
0 0.7663636363636364 0.7290909090909091 0.056363636363636366 0.18
0 0.4290909090909091 0.7045454545454546 0.1 0.4381818181818182
0 0.15636363636363637 0.6654545454545454 0.11454545454545455 0.5
0 0.3145454545454546 0.7090909090909091 0.11454545454545455 0.44545454545454544
0 0.9263636363636364 0.759090909090909 0.14727272727272728 0.45636363636363636
0 0.48 0.7545454545454545 0.1781818181818182 0.4909090909090909
0 0.2545454545454545 0.7345454545454545 0.2109090909090909 0.5309090909090909
0 0.649090909090909 0.7727272727272727 0.22 0.4509090909090909