0 0.6322033898305085 0.5110169491525424 0.03559322033898305 0.09322033898305085
0 0.6601694915254237 0.5186440677966102 0.03220338983050847 0.0847457627118644
0 0.4745762711864407 0.5211864406779662 0.0288135593220339 0.13220338983050847
0 0.5033898305084745 0.5440677966101695 0.04915254237288136 0.188135593220339
0 0.2983050847457627 0.5559322033898305 0.08305084745762711 0.26440677966101694
0 0.926271186440678 0.5661016949152542 0.09661016949152543 0.26440677966101694
0 0.3516949152542373 0.5771186440677966 0.0711864406779661 0.26610169491525426
0 0.40084745762711865 0.5779661016949152 0.06610169491525424 0.26101694915254237
0 0.21610169491525424 0.5898305084745763 0.08983050847457627 0.2847457627118644
0 0.5288135593220339 0.6550847457627119 0.1152542372881356 0.4406779661016949
0 0.4516949152542373 0.6652542372881356 0.10338983050847457 0.4457627118644068