0 0.6283783783783784 0.535472972972973 0.037162162162162164 0.09628378378378379
0 0.6554054054054054 0.535472972972973 0.033783783783783786 0.08952702702702703
0 0.47466216216216217 0.5886824324324325 0.03209459459459459 0.13344594594594594
0 0.5033783783783784 0.6030405405405406 0.05405405405405406 0.19087837837837837
0 0.3032094594594595 0.6706081081081081 0.08783783783783784 0.2719594594594595
0 0.9180743243243243 0.5101351351351351 0.10135135135135136 0.2719594594594595
0 0.3572635135135135 0.6782094594594594 0.07939189189189189 0.2702702702702703
0 0.40625 0.6646959459459459 0.07094594594594594 0.2635135135135135
0 0.22550675675675674 0.7263513513513513 0.09797297297297297 0.2922297297297297
0 0.5363175675675675 0.7069256756756757 0.125 0.44763513513513514
0 0.46283783783783783 0.7381756756756757 0.11317567567567567 0.4527027027027027