0 0.36808118081180813 0.19280442804428044 0.023985239852398525 0.055350553505535055
0 0.8468634686346863 0.38468634686346864 0.023985239852398525 0.04981549815498155
0 0.5350553505535055 0.2896678966789668 0.025830258302583026 0.06457564575645756
0 0.3533210332103321 0.23800738007380073 0.027675276752767528 0.07011070110701106
0 0.12915129151291513 0.15498154981549817 0.027675276752767528 0.07195571955719557
0 0.6457564575645757 0.3533210332103321 0.023985239852398525 0.07011070110701106
0 0.19833948339483395 0.18911439114391143 0.03136531365313653 0.07195571955719557
0 0.2333948339483395 0.20940959409594095 0.025830258302583026 0.07749077490774908
0 0.21863468634686348 0.2047970479704797 0.027675276752767528 0.07564575645756458
0 0.40313653136531363 0.2767527675276753 0.025830258302583026 0.07564575645756458
0 0.7638376383763837 0.41789667896678967 0.027675276752767528 0.06273062730627306
0 0.24354243542435425 0.22140221402214022 0.027675276752767528 0.07749077490774908
0 0.492619926199262 0.3154981549815498 0.027675276752767528 0.07564575645756458
0 0.4261992619926199 0.2952029520295203 0.027675276752767528 0.08302583025830258
0 0.35885608856088563 0.272140221402214 0.025830258302583026 0.06273062730627306
0 0.36900369003690037 0.2767527675276753 0.025830258302583026 0.07195571955719557
0 0.28505535055350556 0.24723247232472326 0.02952029520295203 0.07195571955719557
0 0.33025830258302585 0.2629151291512915 0.027675276752767528 0.05719557195571956
0 0.8044280442804428 0.45018450184501846 0.025830258302583026 0.06457564575645756
0 0.5083025830258303 0.3385608856088561 0.027675276752767528 0.08118081180811808
0 0.3837638376383764 0.29428044280442806 0.03136531365313653 0.07749077490774908
0 0.8228782287822878 0.4621771217712177 0.025830258302583026 0.06088560885608856
0 0.6070110701107011 0.3828413284132841 0.027675276752767528 0.06642066420664207
0 0.6798892988929889 0.4114391143911439 0.03136531365313653 0.07749077490774908
0 0.7444649446494465 0.43911439114391143 0.027675276752767528 0.07195571955719557
0 0.7795202952029521 0.45387453874538747 0.027675276752767528 0.07564575645756458
0 0.5894833948339483 0.38191881918819187 0.02952029520295203 0.07933579335793357
0 0.7084870848708487 0.4280442804428044 0.03136531365313653 0.08671586715867159
0 0.6955719557195572 0.4252767527675277 0.02952029520295203 0.08118081180811808
0 0.7250922509225092 0.43634686346863466 0.02952029520295203 0.08118081180811808
0 0.6466789667896679 0.4114391143911439 0.027675276752767528 0.07195571955719557
0 0.5747232472324724 0.3856088560885609 0.027675276752767528 0.07749077490774908
0 0.30350553505535055 0.28413284132841327 0.03136531365313653 0.07380073800738007
0 0.257380073800738 0.2666051660516605 0.025830258302583026 0.07011070110701106
0 0.26845018450184505 0.2702952029520295 0.027675276752767528 0.07564575645756458
0 0.3191881918819188 0.2933579335793358 0.027675276752767528 0.07380073800738007
0 0.4677121771217712 0.3505535055350554 0.03136531365313653 0.08487084870848709
0 0.3514760147601476 0.3081180811808118 0.03505535055350553 0.09778597785977859
0 0.19280442804428044 0.25092250922509224 0.03505535055350553 0.09040590405904059
0 0.4095940959409594 0.3339483394833948 0.03690036900369004 0.08671586715867159
0 0.7638376383763837 0.47232472324723246 0.033210332103321034 0.08302583025830258
0 0.48523985239852396 0.36808118081180813 0.02952029520295203 0.08671586715867159
0 0.5239852398523985 0.3892988929889299 0.03690036900369004 0.0959409594095941
0 0.5387453874538746 0.39760147601476015 0.027675276752767528 0.08118081180811808
0 0.6337638376383764 0.4345018450184502 0.033210332103321034 0.08856088560885608
0 0.511070110701107 0.3865313653136531 0.03136531365313653 0.07749077490774908
0 0.32656826568265684 0.3191881918819188 0.03505535055350553 0.09040590405904059
0 0.9234317343173432 0.5470479704797048 0.033210332103321034 0.05719557195571956
0 0.8966789667896679 0.5387453874538746 0.04059040590405904 0.0940959409594096
0 0.7333948339483395 0.47601476014760147 0.033210332103321034 0.06642066420664207
0 0.7952029520295203 0.5046125461254612 0.02952029520295203 0.08302583025830258
0 0.5544280442804428 0.4132841328413284 0.04059040590405904 0.09778597785977859
0 0.275830258302583 0.30904059040590404 0.02952029520295203 0.08856088560885608
0 0.8127306273062731 0.5166051660516605 0.04059040590405904 0.0996309963099631
0 0.6153136531365314 0.44003690036900367 0.033210332103321034 0.08118081180811808
0 0.5987084870848709 0.43911439114391143 0.03505535055350553 0.0940959409594096
0 0.6614391143911439 0.46863468634686345 0.02952029520295203 0.07195571955719557
0 0.28413284132841327 0.3247232472324723 0.033210332103321034 0.08671586715867159
0 0.4345018450184502 0.3874538745387454 0.033210332103321034 0.0940959409594096
0 0.4492619926199262 0.39206642066420666 0.03505535055350553 0.0959409594095941
0 0.6466789667896679 0.474169741697417 0.033210332103321034 0.0959409594095941
0 0.6752767527675276 0.488929889298893 0.03136531365313653 0.07195571955719557
0 0.8560885608856088 0.566420664206642 0.042435424354243544 0.1070110701107011
0 0.8754612546125461 0.5747232472324724 0.04059040590405904 0.11623616236162361
0 0.9437269372693727 0.6042435424354243 0.03874538745387454 0.1014760147601476
0 0.5119926199261993 0.44280442804428044 0.02952029520295203 0.08487084870848709
0 0.006457564575645757 0.24261992619926198 0.012915129151291513 0.09778597785977859
0 0.6568265682656826 0.49907749077490776 0.023985239852398525 0.05719557195571956
0 0.7269372693726938 0.5285977859778598 0.03874538745387454 0.0996309963099631
0 0.7518450184501845 0.5415129151291513 0.03136531365313653 0.08118081180811808
0 0.7416974169741697 0.5369003690036901 0.033210332103321034 0.0996309963099631
0 0.07841328413284133 0.2878228782287823 0.046125461254612546 0.11439114391143912
0 0.9197416974169742 0.6088560885608856 0.04428044280442804 0.1070110701107011
0 0.834870848708487 0.5765682656826568 0.03690036900369004 0.0996309963099631
0 0.5581180811808119 0.4732472324723247 0.03505535055350553 0.08671586715867159
0 0.5821033210332104 0.488929889298893 0.03136531365313653 0.05719557195571956
0 0.283210332103321 0.37546125461254615 0.03690036900369004 0.09778597785977859
0 0.23800738007380073 0.35977859778597787 0.04981549815498155 0.11623616236162361
0 0.0027675276752767526 0.2656826568265683 0.005535055350553505 0.05166051660516605
0 0.9677121771217713 0.6420664206642066 0.04428044280442804 0.11254612546125461
0 0.7933579335793358 0.5784132841328413 0.03505535055350553 0.1014760147601476
0 0.5202952029520295 0.47878228782287824 0.04428044280442804 0.11808118081180811
0 0.09501845018450185 0.3182656826568266 0.033210332103321034 0.07564575645756458
0 0.985239852398524 0.665129151291513 0.02952029520295203 0.07195571955719557
0 0.7785977859778598 0.5857933579335793 0.04059040590405904 0.1088560885608856
0 0.8062730627306273 0.6005535055350554 0.042435424354243544 0.11254612546125461
0 0.5728782287822878 0.5101476014760148 0.03690036900369004 0.07380073800738007
0 0.764760147601476 0.5876383763837638 0.03874538745387454 0.12730627306273062
0 0.6891143911439115 0.5599630996309963 0.04428044280442804 0.12177121771217712
0 0.7481549815498155 0.584870848708487 0.042435424354243544 0.12177121771217712
0 0.0036900369003690036 0.29428044280442806 0.007380073800738007 0.06457564575645756
0 0.1918819188191882 0.37177121771217714 0.033210332103321034 0.07564575645756458
0 0.5544280442804428 0.5129151291512916 0.04059040590405904 0.12177121771217712
0 0.6577490774907749 0.559040590405904 0.02952029520295203 0.08302583025830258
0 0.016605166051660517 0.3145756457564576 0.033210332103321034 0.11623616236162361
0 0.37453874538745385 0.4547970479704797 0.046125461254612546 0.12177121771217712
0 0.3173431734317343 0.43726937269372695 0.04797047970479705 0.14022140221402213
0 0.7084870848708487 0.5885608856088561 0.04428044280442804 0.13099630996309963
0 0.4040590405904059 0.474169741697417 0.03874538745387454 0.11808118081180811
0 0.42066420664206644 0.48154981549815495 0.042435424354243544 0.13468634686346864
0 0.09132841328413284 0.3570110701107011 0.04059040590405904 0.0940959409594096
0 0.6706642066420664 0.5784132841328413 0.04059040590405904 0.11808118081180811
0 0.8551660516605166 0.6494464944649446 0.046125461254612546 0.12177121771217712
0 0.9308118081180812 0.6789667896678967 0.042435424354243544 0.12177121771217712
0 0.6374538745387454 0.5765682656826568 0.04797047970479705 0.12546125461254612
0 0.9861623616236163 0.7130996309963099 0.027675276752767528 0.055350553505535055
0 0.0018450184501845018 0.3311808118081181 0.0036900369003690036 0.1014760147601476
0 0.02214022140221402 0.35424354243542433 0.04428044280442804 0.12915129151291513
0 0.2177121771217712 0.4317343173431734 0.042435424354243544 0.12361623616236163
0 0.5747232472324724 0.5682656826568265 0.04981549815498155 0.13099630996309963
0 0.4981549815498155 0.5424354243542435 0.055350553505535055 0.14760147601476015
0 0.38837638376383765 0.5027675276752768 0.04797047970479705 0.13284132841328414
0 0.35424354243542433 0.4981549815498155 0.042435424354243544 0.12177121771217712
0 0.048892988929889296 0.3837638376383764 0.03505535055350553 0.08118081180811808
0 0.1522140221402214 0.42712177121771217 0.04059040590405904 0.12177121771217712
0 0.18450184501845018 0.44095940959409596 0.05350553505535055 0.14022140221402213
0 0.004612546125461255 0.3671586715867159 0.00922509225092251 0.11439114391143912
0 0.6494464944649446 0.6309963099630996 0.055350553505535055 0.13284132841328414
0 0.14575645756457564 0.4381918819188192 0.04797047970479705 0.14391143911439114
0 0.23616236162361623 0.4732472324723247 0.05719557195571956 0.14760147601476015
0 0.9584870848708487 0.753690036900369 0.05350553505535055 0.15867158671586715
0 0.08948339483394833 0.4215867158671587 0.04981549815498155 0.13284132841328414
0 0.1070110701107011 0.4354243542435424 0.046125461254612546 0.13099630996309963
0 0.44003690036900367 0.5710332103321033 0.04981549815498155 0.13099630996309963
0 0.7324723247232472 0.6937269372693727 0.05166051660516605 0.13099630996309963
0 0.5064575645756457 0.6263837638376384 0.07749077490774908 0.17712177121771217
0 0.30350553505535055 0.5479704797047971 0.05350553505535055 0.14575645756457564
0 0.9723247232472325 0.809040590405904 0.055350553505535055 0.1974169741697417
0 0.042435424354243544 0.45202952029520294 0.05904059040590406 0.15313653136531366
0 0.3533210332103321 0.5830258302583026 0.06088560885608856 0.14575645756457564
0 0.4603321033210332 0.6291512915129152 0.06088560885608856 0.1752767527675277
0 0.4252767527675277 0.6568265682656826 0.05350553505535055 0.16974169741697417
0 0.816420664206642 0.8219557195571956 0.05904059040590406 0.16051660516605165
0 0.8588560885608856 0.8579335793357934 0.06088560885608856 0.17896678966789667
0 0.6697416974169742 0.8044280442804428 0.06273062730627306 0.1752767527675277
0 0.6365313653136532 0.7979704797047971 0.06088560885608856 0.18081180811808117
0 0.8413284132841329 0.8966789667896679 0.06273062730627306 0.17343173431734318
0 0.6992619926199262 0.8533210332103321 0.08487084870848709 0.2066420664206642
0 0.8182656826568265 0.8985239852398524 0.06088560885608856 0.17343173431734318
0 0.34501845018450183 0.7453874538745388 0.06642066420664207 0.2066420664206642
0 0.38099630996309963 0.7629151291512916 0.06642066420664207 0.17896678966789667
0 0.29704797047970477 0.7546125461254612 0.07564575645756458 0.2158671586715867
0 0.514760147601476 0.8560885608856088 0.10516605166051661 0.24538745387453875
0 0.6125461254612546 0.922509225092251 0.07749077490774908 0.14760147601476015
0 0.6577490774907749 0.9317343173431735 0.07933579335793357 0.12546125461254612
0 0.4870848708487085 0.9160516605166051 0.08487084870848709 0.16789667896678967
0 0.5636531365313653 0.9308118081180812 0.08118081180811808 0.13653136531365315
0 0.42435424354243545 0.9059040590405905 0.08856088560885608 0.1881918819188192
0 0.29059040590405905 0.8782287822878229 0.08302583025830258 0.24354243542435425
0 0.36900369003690037 0.8985239852398524 0.08487084870848709 0.2029520295202952
0 0.705719557195572 0.9630996309963099 0.07933579335793357 0.05719557195571956
0 0.0940959409594096 0.8339483394833949 0.09225092250922509 0.24538745387453875
0 0.04428044280442804 0.8588560885608856 0.06457564575645756 0.23247232472324722