0 0.6079545454545454 0.5284090909090909 0.01948051948051948 0.0698051948051948
0 0.5178571428571429 0.5186688311688312 0.040584415584415584 0.16396103896103897
0 0.4837662337662338 0.5146103896103896 0.05844155844155844 0.19642857142857142
0 0.7086038961038961 0.5511363636363636 0.060064935064935064 0.20941558441558442
0 0.6176948051948052 0.5381493506493507 0.017857142857142856 0.0633116883116883
0 0.760551948051948 0.564935064935065 0.2012987012987013 0.49512987012987014
0 0.6306818181818182 0.5454545454545454 0.025974025974025976 0.0698051948051948
0 0.898538961038961 0.5868506493506493 0.16558441558441558 0.5438311688311688
0 0.6712662337662337 0.5560064935064936 0.06818181818181818 0.19642857142857142
0 0.5819805194805194 0.5446428571428571 0.06818181818181818 0.18181818181818182
0 0.1891233766233766 0.49188311688311687 0.0633116883116883 0.19642857142857142
0 0.3092532467532468 0.5162337662337663 0.04383116883116883 0.15422077922077923
0 0.2556818181818182 0.5113636363636364 0.13474025974025974 0.461038961038961
0 0.16477272727272727 0.49837662337662336 0.03896103896103896 0.1525974025974026
0 0.849025974025974 0.6103896103896104 0.060064935064935064 0.14285714285714285
0 0.08603896103896104 0.4991883116883117 0.1444805194805195 0.4967532467532468