0 0.5424836601307189 0.3611111111111111 0.09477124183006536 0.44281045751633985
0 0.30310457516339867 0.42483660130718953 0.12418300653594772 0.5196078431372549
0 0.39869281045751637 0.4027777777777778 0.12418300653594772 0.5196078431372549
0 0.5841503267973857 0.369281045751634 0.1388888888888889 0.5261437908496732
0 0.5040849673202614 0.39950980392156865 0.11764705882352941 0.5261437908496732
0 0.6535947712418301 0.4264705882352941 0.119281045751634 0.5392156862745098
0 0.7361111111111112 0.40931372549019607 0.17483660130718953 0.6879084967320261
0 0.35130718954248363 0.5318627450980392 0.1650326797385621 0.6143790849673203
0 0.4599673202614379 0.5106209150326797 0.16993464052287582 0.6176470588235294
0 0.6119281045751634 0.4803921568627451 0.20751633986928106 0.6486928104575164
0 0.826797385620915 0.5171568627450981 0.21568627450980393 0.7124183006535948