0 0.09375 0.1388888888888889 0.03298611111111111 0.08159722222222222
0 0.059027777777777776 0.1371527777777778 0.03125 0.10243055555555555
0 0.359375 0.19618055555555555 0.019097222222222224 0.07118055555555555
0 0.21614583333333334 0.1762152777777778 0.026041666666666668 0.10069444444444445
0 0.4192708333333333 0.21961805555555555 0.029513888888888888 0.10590277777777778
0 0.1987847222222222 0.17881944444444445 0.026041666666666668 0.10416666666666667
0 0.4348958333333333 0.22569444444444445 0.020833333333333332 0.08159722222222222
0 0.8888888888888888 0.3385416666666667 0.03298611111111111 0.11631944444444445
0 0.9618055555555556 0.3706597222222222 0.027777777777777776 0.1232638888888889
0 0.4956597222222222 0.3194444444444444 0.1076388888888889 0.3541666666666667
0 0.7803819444444444 0.5321180555555556 0.1909722222222222 0.8142361111111112
0 0.7387152777777778 0.5598958333333334 0.2170138888888889 0.8802083333333334
0 0.2673611111111111 0.4973958333333333 0.2465277777777778 0.9947916666666666
0 0.5859375 0.5399305555555556 0.24131944444444445 0.9201388888888888