0 0.17286245353159851 0.2853159851301115 0.09107806691449814 0.2936802973977695
0 0.9526022304832714 0.6226765799256505 0.09479553903345725 0.26765799256505574
0 0.8884758364312267 0.6245353159851301 0.09665427509293681 0.2174721189591078
0 0.7202602230483272 0.6607806691449815 0.2936802973977695 0.6765799256505576
0 0.10687732342007435 0.4944237918215613 0.2137546468401487 0.5910780669144982
0 0.2983271375464684 0.570631970260223 0.30111524163568776 0.6115241635687733
0 0.5204460966542751 0.6635687732342007 0.15613382899628253 0.5315985130111525
0 0.6087360594795539 0.6951672862453532 0.13568773234200743 0.5241635687732342
0 0.8410780669144982 0.7527881040892194 0.19888475836431227 0.48698884758364314
0 0.9414498141263941 0.7825278810408922 0.1171003717472119 0.4200743494423792
0 0.19888475836431227 0.5539033457249071 0.1821561338289963 0.5315985130111525
0 0.43029739776951675 0.6524163568773235 0.1691449814126394 0.4962825278810409