0 0.43583333333333335 0.37583333333333335 0.11833333333333333 0.455
0 0.6875 0.325 0.15 0.5366666666666666
0 0.5875 0.3491666666666667 0.15 0.5366666666666666
0 0.395 0.4041666666666667 0.165 0.5433333333333333
0 0.48083333333333333 0.395 0.145 0.5416666666666666
0 0.3333333333333333 0.49083333333333334 0.14666666666666667 0.5533333333333333
0 0.24833333333333332 0.5125 0.21166666666666667 0.7133333333333334
0 0.655 0.4508333333333333 0.19666666666666666 0.6366666666666667
0 0.5425 0.48083333333333333 0.20166666666666666 0.64
0 0.385 0.5225 0.24333333333333335 0.6766666666666666
0 0.175 0.635 0.25 0.6983333333333334