0 0.8923611111111112 0.4565972222222222 0.2152777777777778 0.8541666666666666
0 0.5329861111111112 0.6024305555555556 0.2899305555555556 0.7152777777777778
0 0.7473958333333334 0.5425347222222222 0.28125 0.7083333333333334
0 0.9053819444444444 0.4913194444444444 0.1701388888888889 0.5399305555555556
0 0.8723958333333334 0.5234375 0.1875 0.5295138888888888
0 0.4088541666666667 0.7074652777777778 0.1996527777777778 0.5069444444444444
0 0.6727430555555556 0.6397569444444444 0.11805555555555555 0.3020833333333333
0 0.6267361111111112 0.6623263888888888 0.09722222222222222 0.2673611111111111
0 0.08506944444444445 0.8576388888888888 0.11979166666666667 0.22395833333333334
0 0.06770833333333333 0.8776041666666666 0.07118055555555555 0.1753472222222222
0 0.1527777777777778 0.8550347222222222 0.11458333333333333 0.23958333333333334