0 0.46494464944649444 0.6457564575645757 0.09040590405904059 0.488929889298893
0 0.13284132841328414 0.6697416974169742 0.08671586715867159 0.6199261992619927
0 0.8173431734317343 0.6937269372693727 0.08856088560885608 0.6125461254612546
0 0.6494464944649446 0.698339483394834 0.11070110701107011 0.6033210332103321
0 0.7287822878228782 0.6872693726937269 0.22878228782287824 0.6254612546125461
0 0.19557195571955718 0.6826568265682657 0.13099630996309963 0.6180811808118081
0 0.8643911439114391 0.698339483394834 0.11992619926199262 0.6033210332103321
0 0.26476014760147604 0.6891143911439115 0.13099630996309963 0.6088560885608856
0 0.048892988929889296 0.6845018450184502 0.09778597785977859 0.6014760147601476
0 0.35239852398523985 0.6992619926199262 0.23062730627306274 0.5996309963099631
0 0.9022140221402214 0.7130996309963099 0.14391143911439114 0.5738007380073801
0 0.5101476014760148 0.7121771217712177 0.1088560885608856 0.5756457564575646
0 0.5608856088560885 0.7149446494464945 0.16236162361623616 0.5701107011070111
0 0.09686346863468635 0.7130996309963099 0.1014760147601476 0.5479704797047971