0 0.24193548387096775 0.45564516129032256 0.043548387096774194 0.13064516129032258
0 0.15 0.4669354838709677 0.03870967741935484 0.13548387096774195
0 0.4112903225806452 0.4612903225806452 0.03870967741935484 0.17258064516129032
0 0.4467741935483871 0.47016129032258064 0.03064516129032258 0.16612903225806452
0 0.882258064516129 0.4508064516129032 0.041935483870967745 0.2403225806451613
0 0.592741935483871 0.4879032258064516 0.0532258064516129 0.27419354838709675
0 0.6370967741935484 0.4879032258064516 0.06612903225806452 0.3016129032258065
0 0.3903225806451613 0.510483870967742 0.03225806451612903 0.18870967741935485
0 0.36129032258064514 0.5290322580645161 0.054838709677419356 0.2838709677419355
0 0.7524193548387097 0.4967741935483871 0.05 0.2661290322580645
0 0.910483870967742 0.4967741935483871 0.04516129032258064 0.33548387096774196
0 0.08387096774193549 0.5782258064516129 0.06129032258064516 0.2806451612903226
0 0.5637096774193548 0.5411290322580645 0.09193548387096774 0.32903225806451614
0 0.20967741935483872 0.5741935483870968 0.07580645161290323 0.34516129032258064
0 0.7040322580645161 0.5596774193548387 0.08225806451612903 0.36774193548387096
0 0.8354838709677419 0.5588709677419355 0.09032258064516129 0.4967741935483871
0 0.30806451612903224 0.6193548387096774 0.08548387096774193 0.42258064516129035
0 0.14516129032258066 0.65 0.09838709677419355 0.4080645161290323
0 0.4838709677419355 0.7056451612903226 0.13548387096774195 0.5790322580645161