0 0.03571428571428571 0.31607142857142856 0.04107142857142857 0.125
0 0.2910714285714286 0.4419642857142857 0.07321428571428572 0.3
0 0.5214285714285715 0.55625 0.11607142857142858 0.5232142857142857
0 0.5660714285714286 0.5776785714285714 0.10535714285714286 0.46964285714285714
0 0.8794642857142857 0.6366071428571428 0.23392857142857143 0.7178571428571429
0 0.4607142857142857 0.5883928571428572 0.17857142857142858 0.6267857142857143
0 0.7767857142857143 0.6651785714285714 0.12142857142857143 0.5214285714285715
0 0.2392857142857143 0.5401785714285714 0.1392857142857143 0.475
0 0.033035714285714286 0.4857142857142857 0.06607142857142857 0.6142857142857143
0 0.3535714285714286 0.58125 0.15357142857142858 0.5964285714285714
0 0.07767857142857143 0.5553571428571429 0.11071428571428571 0.5696428571428571
0 0.6053571428571428 0.6723214285714286 0.15892857142857142 0.6535714285714286
0 0.13125 0.5758928571428571 0.16964285714285715 0.6232142857142857