0 0.11937716262975778 0.5960207612456747 0.23875432525951557 0.7560553633217993
0 0.5034602076124568 0.653114186851211 0.28027681660899656 0.6937716262975778
0 0.2958477508650519 0.6963667820069204 0.2647058823529412 0.5899653979238755
0 0.14013840830449828 0.7603806228373703 0.157439446366782 0.4273356401384083
0 0.17387543252595156 0.7690311418685121 0.17301038062283736 0.41695501730103807
0 0.634083044982699 0.6764705882352942 0.19550173010380623 0.5034602076124568
0 0.3737024221453287 0.7967128027681661 0.11591695501730104 0.30103806228373703
0 0.4195501730103806 0.7863321799307958 0.09515570934256055 0.2664359861591695
0 0.9506920415224913 0.6081314878892734 0.0986159169550173 0.2508650519031142
0 0.972318339100346 0.6089965397923875 0.05536332179930796 0.19377162629757785
0 0.8953287197231834 0.6444636678200693 0.11418685121107267 0.25259515570934254