0 0.5163934426229508 0.4319672131147541 0.029508196721311476 0.08688524590163935
0 0.5516393442622951 0.45 0.05081967213114754 0.14098360655737704
0 0.4204918032786885 0.42704918032786887 0.04262295081967213 0.12459016393442623
0 0.48114754098360657 0.45819672131147543 0.06557377049180328 0.22459016393442624
0 0.38934426229508196 0.4557377049180328 0.05081967213114754 0.1819672131147541
0 0.2532786885245902 0.4262295081967213 0.05901639344262295 0.21639344262295082
0 0.6377049180327868 0.5245901639344263 0.06885245901639345 0.24098360655737705
0 0.6598360655737705 0.5360655737704918 0.1 0.3081967213114754
0 0.8713114754098361 0.5975409836065574 0.09016393442622951 0.28032786885245903
0 0.4524590163934426 0.49754098360655735 0.10163934426229508 0.3524590163934426
0 0.28114754098360656 0.4540983606557377 0.08852459016393442 0.30983606557377047
0 0.5950819672131148 0.5418032786885246 0.12131147540983607 0.34918032786885245
0 0.7491803278688525 0.5819672131147541 0.10163934426229508 0.2836065573770492
0 0.7893442622950819 0.5983606557377049 0.08688524590163935 0.2754098360655738
0 0.3614754098360656 0.489344262295082 0.10655737704918032 0.34918032786885245
0 0.7057377049180328 0.5868852459016394 0.08360655737704918 0.24754098360655738
0 0.5270491803278688 0.5704918032786885 0.09344262295081968 0.32131147540983607
0 0.2975409836065574 0.5344262295081967 0.13442622950819672 0.4377049180327869
0 0.1901639344262295 0.5655737704918032 0.18688524590163935 0.5688524590163935