0 0.42765273311897106 0.680064308681672 0.04983922829581994 0.15112540192926044
0 0.4003215434083601 0.6856913183279743 0.03376205787781351 0.1270096463022508
0 0.3207395498392283 0.7210610932475884 0.05305466237942122 0.19935691318327975
0 0.6768488745980707 0.6760450160771704 0.07717041800643087 0.24115755627009647
0 0.4678456591639871 0.7122186495176849 0.06109324758842444 0.20739549839228297
0 0.3858520900321543 0.7347266881028939 0.06752411575562701 0.2604501607717042
0 0.2427652733118971 0.7596463022508039 0.06109324758842444 0.21221864951768488
0 0.7282958199356914 0.6808681672025724 0.07717041800643087 0.27491961414790994
0 0.7644694533762058 0.6945337620578779 0.0707395498392283 0.2877813504823151
0 0.6334405144694534 0.7154340836012861 0.07395498392282958 0.28938906752411575
0 0.21543408360128619 0.7942122186495176 0.04823151125401929 0.2620578778135048
0 0.3504823151125402 0.8054662379421221 0.10289389067524116 0.3778135048231511
0 0.2733118971061093 0.8191318327974276 0.1157556270096463 0.3440514469453376