0 0.5401929260450161 0.21784565916398713 0.014469453376205787 0.04340836012861737
0 0.1197749196141479 0.25482315112540194 0.01607717041800643 0.03858520900321544
0 0.39228295819935693 0.25643086816720256 0.014469453376205787 0.04983922829581994
0 0.5514469453376206 0.2620578778135048 0.01607717041800643 0.05466237942122187
0 0.7467845659163987 0.25 0.01607717041800643 0.05627009646302251
0 0.2942122186495177 0.2821543408360129 0.012861736334405145 0.05627009646302251
0 0.6864951768488746 0.2620578778135048 0.017684887459807074 0.05466237942122187
0 0.6559485530546624 0.2692926045016077 0.014469453376205787 0.06270096463022508
0 0.6688102893890675 0.2692926045016077 0.014469453376205787 0.06109324758842444
0 0.5072347266881029 0.2821543408360129 0.014469453376205787 0.06109324758842444
0 0.19051446945337622 0.3054662379421222 0.017684887459807074 0.04823151125401929
0 0.6463022508038585 0.2765273311897106 0.014469453376205787 0.06270096463022508
0 0.4284565916398714 0.2909967845659164 0.01607717041800643 0.06109324758842444
0 0.48633440514469456 0.29180064308681675 0.014469453376205787 0.06752411575562701
0 0.5458199356913184 0.28938906752411575 0.014469453376205787 0.04823151125401929
0 0.5361736334405145 0.29180064308681675 0.014469453376205787 0.05787781350482315
0 0.610128617363344 0.2877813504823151 0.017684887459807074 0.05627009646302251
0 0.569935691318328 0.2909967845659164 0.017684887459807074 0.04340836012861737
0 0.15434083601286175 0.32234726688102894 0.014469453376205787 0.04983922829581994
0 0.41318327974276525 0.3070739549839228 0.014469453376205787 0.06591639871382636
0 0.5217041800643086 0.3022508038585209 0.01929260450160772 0.06109324758842444
0 0.13745980707395497 0.3279742765273312 0.01607717041800643 0.04823151125401929
0 0.3271704180064309 0.3183279742765273 0.017684887459807074 0.05144694533762058
0 0.2628617363344051 0.3215434083601286 0.017684887459807074 0.06109324758842444
0 0.2057877813504823 0.3295819935691318 0.01607717041800643 0.05627009646302251
0 0.1752411575562701 0.3319935691318328 0.01607717041800643 0.06109324758842444
0 0.34163987138263663 0.3215434083601286 0.017684887459807074 0.06270096463022508
0 0.23713826366559485 0.3295819935691318 0.02090032154340836 0.0707395498392283
0 0.24839228295819935 0.33038585209003213 0.01607717041800643 0.06430868167202572
0 0.22266881028938906 0.3319935691318328 0.017684887459807074 0.06430868167202572
0 0.29180064308681675 0.3319935691318328 0.017684887459807074 0.05627009646302251
0 0.3545016077170418 0.3295819935691318 0.014469453376205787 0.06270096463022508
0 0.5916398713826366 0.31511254019292606 0.01929260450160772 0.05627009646302251
0 0.632636655948553 0.31189710610932475 0.014469453376205787 0.05627009646302251
0 0.6237942122186495 0.31270096463022506 0.014469453376205787 0.06109324758842444
0 0.5787781350482315 0.3183279742765273 0.01607717041800643 0.0594855305466238
0 0.4477491961414791 0.3271704180064309 0.017684887459807074 0.06752411575562701
0 0.5498392282958199 0.32395498392282956 0.01929260450160772 0.07877813504823152
0 0.6889067524115756 0.317524115755627 0.022508038585209004 0.07234726688102894
0 0.4983922829581994 0.3295819935691318 0.022508038585209004 0.06913183279742766
0 0.18810289389067525 0.3528938906752412 0.01929260450160772 0.06591639871382636
0 0.4316720257234727 0.3384244372990354 0.017684887459807074 0.07234726688102894
0 0.3979099678456592 0.34646302250803857 0.022508038585209004 0.07556270096463022
0 0.3842443729903537 0.34887459807073956 0.014469453376205787 0.06591639871382636
0 0.3022508038585209 0.3553054662379421 0.01929260450160772 0.07234726688102894
0 0.409967845659164 0.34887459807073956 0.017684887459807074 0.06109324758842444
0 0.5707395498392283 0.3392282958199357 0.022508038585209004 0.07234726688102894
0 0.04823151125401929 0.3745980707395498 0.022508038585209004 0.04180064308681672
0 0.0707395498392283 0.3737942122186495 0.02572347266881029 0.07395498392282958
0 0.21543408360128619 0.3641479099678457 0.02090032154340836 0.04823151125401929
0 0.1607717041800643 0.3721864951768489 0.01607717041800643 0.06752411575562701
0 0.37138263665594856 0.35771704180064307 0.02572347266881029 0.07556270096463022
0 0.614951768488746 0.34485530546623794 0.01607717041800643 0.07234726688102894
0 0.14308681672025725 0.3770096463022508 0.024115755627009645 0.08038585209003216
0 0.3183279742765273 0.3657556270096463 0.01929260450160772 0.06270096463022508
0 0.3311897106109325 0.36977491961414793 0.02090032154340836 0.07556270096463022
0 0.27733118971061094 0.3778135048231511 0.017684887459807074 0.05787781350482315
0 0.6077170418006431 0.3553054662379421 0.01929260450160772 0.0707395498392283
0 0.4742765273311897 0.36816720257234725 0.017684887459807074 0.07717041800643087
0 0.4630225080385852 0.36897106109324757 0.01929260450160772 0.07877813504823152
0 0.29019292604501606 0.3858520900321543 0.01929260450160772 0.07717041800643087
0 0.2644694533762058 0.39147909967845657 0.017684887459807074 0.05627009646302251
0 0.10530546623794212 0.40836012861736337 0.02572347266881029 0.08520900321543408
0 0.08922829581993569 0.4115755627009646 0.022508038585209004 0.0932475884244373
0 0.028938906752411574 0.4180064308681672 0.022508038585209004 0.08038585209003216
0 0.4067524115755627 0.3954983922829582 0.01607717041800643 0.06752411575562701
0 0.864951768488746 0.3665594855305466 0.03054662379421222 0.07717041800643087
0 0.2797427652733119 0.4059485530546624 0.014469453376205787 0.04501607717041801
0 0.21784565916398713 0.4115755627009646 0.024115755627009645 0.07877813504823152
0 0.19614147909967847 0.41559485530546625 0.01929260450160772 0.06270096463022508
0 0.204983922829582 0.41479099678456594 0.017684887459807074 0.0819935691318328
0 0.7861736334405145 0.37942122186495175 0.027331189710610933 0.09163987138263666
0 0.04903536977491962 0.4284565916398714 0.02572347266881029 0.08520900321543408
0 0.9003215434083601 0.3721864951768489 0.024115755627009645 0.07556270096463022
0 0.1229903536977492 0.42443729903536975 0.02090032154340836 0.08038585209003216
0 0.3665594855305466 0.409967845659164 0.01929260450160772 0.06752411575562701
0 0.34485530546623794 0.4172025723472669 0.02090032154340836 0.04340836012861737
0 0.6069131832797428 0.3995176848874598 0.02090032154340836 0.07877813504823152
0 0.6471061093247589 0.3987138263665595 0.03215434083601286 0.09485530546623794
0 0.8609324758842444 0.3858520900321543 0.01929260450160772 0.03858520900321544
0 0.008842443729903537 0.4429260450160772 0.017684887459807074 0.08842443729903537
0 0.15916398713826366 0.4364951768488746 0.017684887459807074 0.08520900321543408
0 0.3987138263665595 0.4252411575562701 0.02572347266881029 0.09485530546623794
0 0.7717041800643086 0.40192926045016075 0.02090032154340836 0.05787781350482315
0 0.1712218649517685 0.44694533762057875 0.022508038585209004 0.08681672025723473
0 0.14790996784565916 0.4517684887459807 0.02572347266881029 0.09003215434083602
0 0.3512861736334405 0.43810289389067525 0.024115755627009645 0.05627009646302251
0 0.1832797427652733 0.452572347266881 0.01607717041800643 0.10932475884244373
0 0.2508038585209003 0.44935691318327975 0.024115755627009645 0.09967845659163987
0 0.1977491961414791 0.4541800643086817 0.022508038585209004 0.09967845659163987
0 0.860128617363344 0.409967845659164 0.02090032154340836 0.04983922829581994
0 0.6856913183279743 0.4220257234726688 0.02090032154340836 0.0594855305466238
0 0.8842443729903537 0.409967845659164 0.022508038585209004 0.04340836012861737
0 0.36816720257234725 0.44614147909967844 0.02090032154340836 0.09967845659163987
0 0.9059485530546624 0.41559485530546625 0.01929260450160772 0.06591639871382636
0 0.2765273311897106 0.45739549839228294 0.01607717041800643 0.06591639871382636
0 0.8416398713826366 0.4220257234726688 0.02090032154340836 0.09646302250803858
0 0.5257234726688103 0.4437299035369775 0.02572347266881029 0.09967845659163987
0 0.5755627009646302 0.4453376205787781 0.024115755627009645 0.11414790996784566
0 0.2315112540192926 0.4694533762057878 0.022508038585209004 0.10771704180064309
0 0.4983922829581994 0.4533762057877814 0.01929260450160772 0.09807073954983923
0 0.48392282958199356 0.4557877813504823 0.02090032154340836 0.11254019292604502
0 0.772508038585209 0.4364951768488746 0.024115755627009645 0.07395498392282958
0 0.26607717041800644 0.47106109324758844 0.022508038585209004 0.09807073954983923
0 0.10369774919614148 0.4815112540192926 0.02572347266881029 0.09967845659163987
0 0.03617363344051447 0.48633440514469456 0.024115755627009645 0.09967845659163987
0 0.2934083601286174 0.477491961414791 0.027331189710610933 0.10128617363344052
0 0.887459807073955 0.4405144694533762 0.027331189710610933 0.05144694533762058
0 0.8681672025723473 0.4453376205787781 0.027331189710610933 0.0819935691318328
0 0.8336012861736335 0.4533762057877814 0.024115755627009645 0.1045016077170418
0 0.6615755627009646 0.4662379421221865 0.024115755627009645 0.09967845659163987
0 0.34807073954983925 0.4871382636655949 0.027331189710610933 0.1045016077170418
0 0.41479099678456594 0.4871382636655949 0.03215434083601286 0.12218649517684887
0 0.5112540192926045 0.4815112540192926 0.024115755627009645 0.10932475884244373
0 0.5409967845659164 0.4871382636655949 0.022508038585209004 0.09967845659163987
0 0.8094855305466238 0.47266881028938906 0.022508038585209004 0.06270096463022508
0 0.7170418006430869 0.47990353697749194 0.02090032154340836 0.09967845659163987
0 0.6889067524115756 0.48311897106109325 0.03054662379421222 0.11414790996784566
0 0.862540192926045 0.4742765273311897 0.027331189710610933 0.0932475884244373
0 0.9027331189710611 0.47266881028938906 0.024115755627009645 0.07717041800643087
0 0.8866559485530546 0.4790996784565916 0.01929260450160772 0.0819935691318328
0 0.28135048231511256 0.5217041800643086 0.03215434083601286 0.10932475884244373
0 0.7234726688102894 0.4919614147909968 0.02572347266881029 0.1189710610932476
0 0.6438906752411575 0.49758842443729906 0.03376205787781351 0.12218649517684887
0 0.011254019292604502 0.542604501607717 0.022508038585209004 0.1302250803858521
0 0.772508038585209 0.49356913183279744 0.027331189710610933 0.10771704180064309
0 0.7572347266881029 0.5 0.022508038585209004 0.10932475884244373
0 0.4638263665594855 0.5273311897106109 0.027331189710610933 0.10610932475884244
0 0.20739549839228297 0.5538585209003215 0.028938906752411574 0.10771704180064309
0 0.9670418006430869 0.5048231511254019 0.03054662379421222 0.1270096463022508
0 0.9509646302250804 0.5144694533762058 0.027331189710610933 0.13504823151125403
0 0.40353697749196143 0.5562700964630225 0.04823151125401929 0.13987138263665594
0 0.5819935691318328 0.5442122186495176 0.028938906752411574 0.12057877813504823
0 0.8118971061093248 0.5321543408360129 0.03536977491961415 0.1270096463022508
0 0.8705787781350482 0.5361736334405145 0.03536977491961415 0.12861736334405144
0 0.5393890675241158 0.5618971061093248 0.03697749196141479 0.11736334405144695
0 0.9397106109324759 0.5361736334405145 0.027331189710610933 0.12540192926045016
0 0.9244372990353698 0.5393890675241158 0.03215434083601286 0.1189710610932476
0 0.4445337620578778 0.572347266881029 0.03215434083601286 0.1495176848874598
0 0.8737942122186495 0.5538585209003215 0.04501607717041801 0.13504823151125403
0 0.9782958199356914 0.5482315112540193 0.04340836012861737 0.13987138263665594
0 0.9035369774919614 0.5763665594855305 0.03858520900321544 0.1382636655948553
0 0.47508038585209006 0.6061093247588425 0.027331189710610933 0.1414790996784566
0 0.1302250803858521 0.6414790996784566 0.03376205787781351 0.13504823151125403
0 0.09244372990353698 0.6615755627009646 0.03215434083601286 0.15112540192926044
0 0.2580385852090032 0.6663987138263665 0.03536977491961415 0.14630225080385853
0 0.2861736334405145 0.6696141479099679 0.03054662379421222 0.1527331189710611
0 0.10530546623794212 0.707395498392283 0.03376205787781351 0.1639871382636656
0 0.23070739549839228 0.7017684887459807 0.05144694533762058 0.16559485530546625
0 0.12459807073954984 0.7122186495176849 0.03054662379421222 0.15434083601286175
0 0.927652733118971 0.6792604501607717 0.04340836012861737 0.1864951768488746
0 0.5409967845659164 0.7041800643086816 0.03376205787781351 0.1752411575562701
0 0.5088424437299035 0.7098070739549839 0.03697749196141479 0.1495176848874598
0 0.5811897106109325 0.72508038585209 0.04019292604501608 0.18006430868167203
0 0.3890675241157556 0.7540192926045016 0.06430868167202572 0.1945337620578778
0 0.29983922829581994 0.8239549839228296 0.04501607717041801 0.1945337620578778
0 0.25884244372990356 0.8303858520900321 0.04501607717041801 0.1977491961414791
0 0.9758842443729904 0.7966237942122186 0.04662379421221865 0.18810289389067525
0 0.4091639871382637 0.8368167202572347 0.05144694533762058 0.1752411575562701
0 0.340032154340836 0.8480707395498392 0.04823151125401929 0.1945337620578778
0 0.4622186495176849 0.8488745980707395 0.04983922829581994 0.20739549839228297
0 0.5811897106109325 0.8456591639871383 0.04180064308681672 0.22990353697749197
0 0.5112540192926045 0.8577170418006431 0.04662379421221865 0.22186495176848875
0 0.21221864951768488 0.8834405144694534 0.04823151125401929 0.2170418006430868
0 0.7532154340836013 0.8496784565916399 0.05144694533762058 0.20096463022508038
0 0.06430868167202572 0.8946945337620579 0.06109324758842444 0.21061093247588425
0 0.16961414790996784 0.8979099678456591 0.05305466237942122 0.18971061093247588
0 0.8062700964630225 0.8890675241157556 0.04983922829581994 0.19131832797427653
0 0.1189710610932476 0.9381028938906752 0.05144694533762058 0.12379421221864952
0 0.38183279742765275 0.9413183279742765 0.05627009646302251 0.11736334405144695
0 0.42443729903536975 0.9421221864951769 0.05144694533762058 0.1157556270096463