0 0.890625 0.3637152777777778 0.034722222222222224 0.08159722222222222
0 0.9253472222222222 0.3784722222222222 0.034722222222222224 0.10416666666666667
0 0.625 0.2916666666666667 0.022569444444444444 0.07291666666666667
0 0.9939236111111112 0.4071180555555556 0.010416666666666666 0.109375
0 0.9817708333333334 0.4001736111111111 0.034722222222222224 0.10243055555555555
0 0.7664930555555556 0.3411458333333333 0.027777777777777776 0.10243055555555555
0 0.5625 0.2838541666666667 0.03298611111111111 0.1076388888888889
0 0.7829861111111112 0.3506944444444444 0.027777777777777776 0.10416666666666667
0 0.546875 0.2838541666666667 0.024305555555555556 0.08333333333333333
0 0.08854166666666667 0.17447916666666666 0.036458333333333336 0.11805555555555555
0 0.013888888888888888 0.17100694444444445 0.027777777777777776 0.1232638888888889
0 0.4722222222222222 0.34375 0.11805555555555555 0.359375
0 0.16145833333333334 0.4131944444444444 0.2152777777777778 0.8177083333333334
0 0.1970486111111111 0.4583333333333333 0.24131944444444445 0.8958333333333334
0 0.6640625 0.5460069444444444 0.2760416666666667 0.9079861111111112
0 0.3411458333333333 0.5217013888888888 0.2725694444444444 0.9565972222222222