0 0.9383680555555556 0.2604166666666667 0.09722222222222222 0.2760416666666667
0 0.1779513888888889 0.5711805555555556 0.1388888888888889 0.2586805555555556
0 0.10850694444444445 0.6067708333333334 0.13020833333333334 0.3402777777777778
0 0.2595486111111111 0.5729166666666666 0.09722222222222222 0.2065972222222222
0 0.4157986111111111 0.6197916666666666 0.3020833333333333 0.6649305555555556
0 0.9401041666666666 0.4539930555555556 0.11979166666666667 0.5572916666666666
0 0.8133680555555556 0.5251736111111112 0.3038194444444444 0.5850694444444444
0 0.11197916666666667 0.7473958333333334 0.22395833333333334 0.4739583333333333
0 0.6032986111111112 0.6111111111111112 0.16666666666666666 0.5017361111111112
0 0.5208333333333334 0.640625 0.14930555555555555 0.4930555555555556
0 0.2994791666666667 0.7196180555555556 0.2065972222222222 0.5138888888888888
0 0.17274305555555555 0.7534722222222222 0.1892361111111111 0.46875
0 0.9053819444444444 0.5086805555555556 0.1892361111111111 0.5034722222222222
0 0.6883680555555556 0.6024305555555556 0.17708333333333334 0.4704861111111111