0 0.85625 0.24196428571428572 0.05357142857142857 0.16071428571428573
0 0.8348214285714286 0.2642857142857143 0.05357142857142857 0.16785714285714284
0 0.8133928571428571 0.30892857142857144 0.08035714285714286 0.24642857142857144
0 0.5366071428571428 0.44910714285714287 0.0375 0.12857142857142856
0 0.5133928571428571 0.4642857142857143 0.04642857142857143 0.14821428571428572
0 0.4125 0.5383928571428571 0.09285714285714286 0.28214285714285714
0 0.4758928571428571 0.5357142857142857 0.11071428571428571 0.35
0 0.20625 0.5366071428571428 0.4125 0.9232142857142858
0 0.9705357142857143 0.3732142857142857 0.05892857142857143 0.5964285714285714
0 0.6125 0.5928571428571429 0.23035714285714284 0.725
0 0.39017857142857143 0.6830357142857143 0.20535714285714285 0.6339285714285714
0 0.7678571428571429 0.5464285714285714 0.25357142857142856 0.7696428571428572
0 0.9142857142857143 0.4875 0.17142857142857143 0.8428571428571429