0 0.49512987012987014 0.7378246753246753 0.01948051948051948 0.04383116883116883
0 0.4172077922077922 0.7077922077922078 0.032467532467532464 0.09577922077922078
0 0.6006493506493507 0.8092532467532467 0.03409090909090909 0.08279220779220779
0 0.5868506493506493 0.8076298701298701 0.025974025974025976 0.07467532467532467
0 0.3068181818181818 0.6842532467532467 0.05194805194805195 0.1444805194805195
0 0.622564935064935 0.8409090909090909 0.045454545454545456 0.12012987012987013
0 0.10064935064935066 0.5998376623376623 0.05357142857142857 0.18668831168831168
0 0.08685064935064934 0.5933441558441559 0.060064935064935064 0.2012987012987013
0 0.49837662337662336 0.8068181818181818 0.07305194805194805 0.19318181818181818
0 0.7508116883116883 0.9188311688311688 0.0633116883116883 0.16233766233766234
0 0.3400974025974026 0.7362012987012987 0.0762987012987013 0.23376623376623376
0 0.5397727272727273 0.8368506493506493 0.06493506493506493 0.19805194805194806
0 0.6574675324675324 0.8969155844155844 0.060064935064935064 0.20454545454545456
0 0.3814935064935065 0.765422077922078 0.07142857142857142 0.22564935064935066
0 0.6737012987012987 0.9001623376623377 0.07792207792207792 0.19967532467532467
0 0.5081168831168831 0.8474025974025974 0.06168831168831169 0.1525974025974026
0 0.461038961038961 0.825487012987013 0.05357142857142857 0.12012987012987013
0 0.23863636363636365 0.7183441558441559 0.11525974025974026 0.3246753246753247
0 0.8125 0.9277597402597403 0.10227272727272728 0.1444805194805195
0 0.26055194805194803 0.7784090909090909 0.11688311688311688 0.2905844155844156