0 0.8838709677419355 0.4080645161290323 0.03225806451612903 0.07741935483870968
0 0.9145161290322581 0.4258064516129032 0.03225806451612903 0.0967741935483871
0 0.6403225806451613 0.31370967741935485 0.020967741935483872 0.06774193548387097
0 0.9854838709677419 0.4588709677419355 0.02903225806451613 0.10161290322580645
0 0.967741935483871 0.45161290322580644 0.037096774193548385 0.0967741935483871
0 0.7693548387096775 0.375 0.027419354838709678 0.0967741935483871
0 0.582258064516129 0.3008064516129032 0.03064516129032258 0.10161290322580645
0 0.7838709677419354 0.38467741935483873 0.027419354838709678 0.1
0 0.567741935483871 0.2991935483870968 0.020967741935483872 0.07741935483870968
0 0.14838709677419354 0.15 0.03387096774193549 0.10967741935483871
0 0.07741935483870968 0.13870967741935483 0.03064516129032258 0.11612903225806452
0 0.4959677419354839 0.34596774193548385 0.11129032258064517 0.3370967741935484
0 0.2056451612903226 0.37983870967741934 0.20806451612903226 0.7596774193548387
0 0.23548387096774193 0.425 0.2306451612903226 0.8338709677419355
0 0.6629032258064517 0.5661290322580645 0.267741935483871 0.867741935483871
0 0.36774193548387096 0.5233870967741936 0.26129032258064516 0.9370967741935484