0 0.2768166089965398 0.07352941176470588 0.0328719723183391 0.12283737024221453
0 0.25519031141868515 0.07612456747404844 0.039792387543252594 0.13667820069204153
0 0.14186851211072665 0.09688581314878893 0.06228373702422145 0.17128027681660898
0 0.8961937716262975 0.28027681660899656 0.09515570934256055 0.3356401384083045
0 0.3166089965397924 0.24567474048442905 0.15570934256055363 0.4844290657439446
0 0.1980968858131488 0.2422145328719723 0.18166089965397925 0.4688581314878893
0 0.3728373702422145 0.4117647058823529 0.34429065743944637 0.8235294117647058
0 0.7586505190311419 0.47837370242214533 0.2577854671280277 0.8339100346020761
0 0.5129757785467128 0.41522491349480967 0.20588235294117646 0.8183391003460208
0 0.6150519031141869 0.4610726643598616 0.23875432525951557 0.8269896193771626
0 0.9083044982698962 0.5839100346020761 0.18339100346020762 0.8096885813148789