0 0.48937908496732024 0.6274509803921569 0.09313725490196079 0.4411764705882353
0 0.7834967320261438 0.6764705882352942 0.09313725490196079 0.553921568627451
0 0.17483660130718953 0.6503267973856209 0.09477124183006536 0.5604575163398693
0 0.3235294117647059 0.6879084967320261 0.119281045751634 0.5996732026143791
0 0.25326797385620914 0.6781045751633987 0.22549019607843138 0.6437908496732027
0 0.7254901960784313 0.6993464052287581 0.13562091503267973 0.5898692810457516
0 0.13398692810457516 0.6854575163398693 0.12745098039215685 0.6290849673202614
0 0.6658496732026143 0.701797385620915 0.13725490196078433 0.5882352941176471
0 0.8733660130718954 0.7075163398692811 0.1437908496732026 0.5620915032679739
0 0.5866013071895425 0.7050653594771242 0.2238562091503268 0.5898692810457516
0 0.0988562091503268 0.6968954248366013 0.14869281045751634 0.6062091503267973
0 0.4444444444444444 0.7116013071895425 0.11437908496732026 0.576797385620915
0 0.39950980392156865 0.7107843137254902 0.16176470588235295 0.5784313725490197
0 0.8129084967320261 0.7303921568627451 0.10784313725490197 0.5212418300653595