0 0.4722222222222222 0.2107843137254902 0.013071895424836602 0.0457516339869281
0 0.8978758169934641 0.27941176470588236 0.016339869281045753 0.04084967320261438
0 0.6217320261437909 0.2622549019607843 0.014705882352941176 0.05228758169934641
0 0.4599673202614379 0.2540849673202614 0.017973856209150325 0.05718954248366013
0 0.26143790849673204 0.22794117647058823 0.017973856209150325 0.058823529411764705
0 0.7205882352941176 0.2949346405228758 0.014705882352941176 0.05718954248366013
0 0.3227124183006536 0.2434640522875817 0.0196078431372549 0.05718954248366013
0 0.3545751633986928 0.2540849673202614 0.016339869281045753 0.06535947712418301
0 0.3415032679738562 0.2540849673202614 0.017973856209150325 0.06209150326797386
0 0.505718954248366 0.2785947712418301 0.016339869281045753 0.06372549019607843
0 0.8259803921568627 0.32679738562091504 0.017973856209150325 0.049019607843137254
0 0.36356209150326796 0.2630718954248366 0.016339869281045753 0.06535947712418301
0 0.5849673202614379 0.29411764705882354 0.017973856209150325 0.06209150326797386
0 0.5261437908496732 0.2908496732026144 0.016339869281045753 0.07026143790849673
0 0.4665032679738562 0.2826797385620915 0.016339869281045753 0.05065359477124183
0 0.47630718954248363 0.28513071895424835 0.016339869281045753 0.058823529411764705
0 0.4011437908496732 0.2769607843137255 0.017973856209150325 0.06045751633986928
0 0.4411764705882353 0.2826797385620915 0.016339869281045753 0.0457516339869281
0 0.8619281045751634 0.3464052287581699 0.016339869281045753 0.05228758169934641
0 0.5996732026143791 0.3104575163398693 0.014705882352941176 0.06862745098039216
0 0.48856209150326796 0.29820261437908496 0.021241830065359478 0.06209150326797386
0 0.8790849673202614 0.35294117647058826 0.017973856209150325 0.049019607843137254
0 0.6879084967320261 0.3284313725490196 0.017973856209150325 0.05392156862745098
0 0.7532679738562091 0.3374183006535948 0.021241830065359478 0.06209150326797386
0 0.809640522875817 0.34967320261437906 0.017973856209150325 0.06045751633986928
0 0.8406862745098039 0.3553921568627451 0.017973856209150325 0.06209150326797386
0 0.673202614379085 0.33169934640522875 0.0196078431372549 0.06535947712418301
0 0.7777777777777778 0.3480392156862745 0.021241830065359478 0.07352941176470588
0 0.7663398692810458 0.3480392156862745 0.017973856209150325 0.06699346405228758
0 0.7924836601307189 0.35049019607843135 0.017973856209150325 0.06699346405228758
0 0.7230392156862745 0.3464052287581699 0.017973856209150325 0.05718954248366013
0 0.6584967320261438 0.3374183006535948 0.016339869281045753 0.06535947712418301
0 0.41830065359477125 0.3047385620915033 0.021241830065359478 0.058823529411764705
0 0.37745098039215685 0.29901960784313725 0.016339869281045753 0.05718954248366013
0 0.38562091503267976 0.3014705882352941 0.016339869281045753 0.06372549019607843
0 0.43137254901960786 0.3104575163398693 0.017973856209150325 0.06209150326797386
0 0.5645424836601307 0.3284313725490196 0.017973856209150325 0.07026143790849673
0 0.46078431372549017 0.31781045751633985 0.021241830065359478 0.08169934640522876
0 0.3202614379084967 0.29983660130718953 0.02287581699346405 0.07352941176470588
0 0.5138888888888888 0.3276143790849673 0.024509803921568627 0.07352941176470588
0 0.8276143790849673 0.375 0.021241830065359478 0.06862745098039216
0 0.5808823529411765 0.3415032679738562 0.017973856209150325 0.07352941176470588
0 0.6143790849673203 0.352124183006536 0.02287581699346405 0.0784313725490196
0 0.6282679738562091 0.3553921568627451 0.014705882352941176 0.06862745098039216
0 0.7116013071895425 0.3684640522875817 0.021241830065359478 0.07516339869281045
0 0.6021241830065359 0.35294117647058826 0.0196078431372549 0.06372549019607843
0 0.4395424836601307 0.33169934640522875 0.02287581699346405 0.07516339869281045
0 0.9697712418300654 0.4068627450980392 0.02287581699346405 0.0457516339869281
0 0.946078431372549 0.40522875816993464 0.026143790849673203 0.0784313725490196
0 0.8006535947712419 0.3839869281045752 0.02287581699346405 0.05228758169934641
0 0.8553921568627451 0.39705882352941174 0.017973856209150325 0.07026143790849673
0 0.6413398692810458 0.3668300653594771 0.026143790849673203 0.08006535947712418
0 0.3946078431372549 0.3341503267973856 0.017973856209150325 0.07516339869281045
0 0.8725490196078431 0.4035947712418301 0.026143790849673203 0.08496732026143791
0 0.696078431372549 0.37826797385620914 0.021241830065359478 0.06535947712418301
0 0.6821895424836601 0.380718954248366 0.021241830065359478 0.0784313725490196
0 0.7369281045751634 0.3929738562091503 0.0196078431372549 0.06045751633986928
0 0.4011437908496732 0.34558823529411764 0.021241830065359478 0.07352941176470588
0 0.5367647058823529 0.369281045751634 0.017973856209150325 0.08006535947712418
0 0.5490196078431373 0.3709150326797386 0.0196078431372549 0.08169934640522876
0 0.7238562091503268 0.4011437908496732 0.0196078431372549 0.08006535947712418
0 0.75 0.4076797385620915 0.021241830065359478 0.05718954248366013
0 0.9109477124183006 0.43790849673202614 0.027777777777777776 0.08823529411764706
0 0.9272875816993464 0.44199346405228757 0.024509803921568627 0.09640522875816994
0 0.9877450980392157 0.4526143790849673 0.024509803921568627 0.08333333333333333
0 0.6045751633986928 0.4019607843137255 0.017973856209150325 0.07026143790849673
0 0.14052287581699346 0.3374183006535948 0.03104575163398693 0.0784313725490196
0 0.7344771241830066 0.4215686274509804 0.014705882352941176 0.04738562091503268
0 0.7965686274509803 0.43218954248366015 0.024509803921568627 0.08169934640522876
0 0.8178104575163399 0.43790849673202614 0.021241830065359478 0.06535947712418301
0 0.809640522875817 0.43709150326797386 0.017973856209150325 0.08496732026143791
0 0.22140522875816993 0.3562091503267974 0.027777777777777776 0.09640522875816994
0 0.9681372549019608 0.4624183006535948 0.027777777777777776 0.08823529411764706
0 0.1053921568627451 0.33986928104575165 0.024509803921568627 0.08006535947712418
0 0.8929738562091504 0.4526143790849673 0.021241830065359478 0.08496732026143791
0 0.6462418300653595 0.41911764705882354 0.02287581699346405 0.07026143790849673
0 0.6683006535947712 0.42892156862745096 0.0196078431372549 0.0457516339869281
0 0.4019607843137255 0.39052287581699346 0.02287581699346405 0.08169934640522876
0 0.3611111111111111 0.38643790849673204 0.032679738562091505 0.09640522875816994
0 0.14460784313725492 0.3570261437908497 0.017973856209150325 0.04084967320261438
0 0.8553921568627451 0.4624183006535948 0.0196078431372549 0.08823529411764706
0 0.6127450980392157 0.43137254901960786 0.027777777777777776 0.09967320261437909
0 0.2361111111111111 0.3790849673202614 0.02287581699346405 0.06209150326797386
0 0.8439542483660131 0.4722222222222222 0.02287581699346405 0.08986928104575163
0 0.8684640522875817 0.47875816993464054 0.026143790849673203 0.09477124183006536
0 0.6609477124183006 0.4493464052287582 0.026143790849673203 0.06045751633986928
0 0.8316993464052288 0.47630718954248363 0.017973856209150325 0.11274509803921569
0 0.7638888888888888 0.4681372549019608 0.026143790849673203 0.10294117647058823
0 0.8178104575163399 0.477124183006536 0.024509803921568627 0.10130718954248366
0 0.14460784313725492 0.3815359477124183 0.021241830065359478 0.05228758169934641
0 0.32189542483660133 0.4068627450980392 0.02287581699346405 0.06209150326797386
0 0.12091503267973856 0.3799019607843137 0.02287581699346405 0.04738562091503268
0 0.6437908496732027 0.45588235294117646 0.02287581699346405 0.10294117647058823
0 0.09967320261437909 0.3831699346405229 0.021241830065359478 0.06862745098039216
0 0.7361111111111112 0.47467320261437906 0.017973856209150325 0.06862745098039216
0 0.1650326797385621 0.3946078431372549 0.02287581699346405 0.09967320261437909
0 0.48447712418300654 0.44199346405228757 0.027777777777777776 0.10294117647058823
0 0.4338235294117647 0.4395424836601307 0.027777777777777776 0.119281045751634
0 0.7818627450980392 0.48937908496732024 0.024509803921568627 0.1111111111111111
0 0.5122549019607843 0.4526143790849673 0.021241830065359478 0.10130718954248366
0 0.5253267973856209 0.45669934640522875 0.02287581699346405 0.11437908496732026
0 0.23366013071895425 0.41421568627450983 0.024509803921568627 0.07679738562091504
0 0.7475490196078431 0.48937908496732024 0.02287581699346405 0.10130718954248366
0 0.9117647058823529 0.5130718954248366 0.027777777777777776 0.10294117647058823
0 0.9803921568627451 0.5220588235294118 0.026143790849673203 0.10294117647058823
0 0.7189542483660131 0.494281045751634 0.03104575163398693 0.10457516339869281
0 0.11764705882352941 0.41013071895424835 0.027777777777777776 0.05228758169934641
0 0.13725490196078433 0.4166666666666667 0.027777777777777776 0.08660130718954248
0 0.1707516339869281 0.42810457516339867 0.026143790849673203 0.10947712418300654
0 0.3464052287581699 0.4542483660130719 0.026143790849673203 0.10457516339869281
0 0.6633986928104575 0.49836601307189543 0.029411764705882353 0.10947712418300654
0 0.5955882352941176 0.494281045751634 0.03431372549019608 0.12254901960784313
0 0.49836601307189543 0.4820261437908497 0.027777777777777776 0.11437908496732026
0 0.4673202614379085 0.48447712418300654 0.024509803921568627 0.10130718954248366
0 0.19607843137254902 0.4485294117647059 0.024509803921568627 0.06699346405228758
0 0.2900326797385621 0.46405228758169936 0.02287581699346405 0.10294117647058823
0 0.31781045751633985 0.46895424836601307 0.032679738562091505 0.11601307189542484
0 0.14133986928104575 0.44689542483660133 0.029411764705882353 0.09803921568627451
0 0.10130718954248366 0.44199346405228757 0.024509803921568627 0.08169934640522876
0 0.11683006535947713 0.4493464052287582 0.0196078431372549 0.08496732026143791
0 0.7312091503267973 0.5392156862745098 0.03431372549019608 0.1111111111111111
0 0.2826797385620915 0.47549019607843135 0.026143790849673203 0.12254901960784313
0 0.3627450980392157 0.4869281045751634 0.03431372549019608 0.12418300653594772
0 0.9950980392156863 0.5816993464052288 0.008169934640522876 0.13562091503267973
0 0.23366013071895425 0.4730392156862745 0.029411764705882353 0.1111111111111111
0 0.24836601307189543 0.4812091503267974 0.024509803921568627 0.11274509803921569
0 0.5449346405228758 0.5302287581699346 0.029411764705882353 0.1111111111111111
0 0.8055555555555556 0.5784313725490197 0.03104575163398693 0.10947712418300654
0 0.03676470588235294 0.46977124183006536 0.03104575163398693 0.13071895424836602
0 0.05065359477124183 0.4803921568627451 0.026143790849673203 0.14052287581699346
0 0.6062091503267973 0.565359477124183 0.05228758169934641 0.1454248366013072
0 0.4256535947712418 0.5392156862745098 0.03104575163398693 0.12418300653594772
0 0.19281045751633988 0.5089869281045751 0.03594771241830065 0.12745098039215685
0 0.13398692810457516 0.5081699346405228 0.03594771241830065 0.13071895424836602
0 0.46977124183006536 0.5604575163398693 0.0392156862745098 0.12091503267973856
0 0.06372549019607843 0.5032679738562091 0.027777777777777776 0.13071895424836602
0 0.0784313725490196 0.5081699346405228 0.032679738562091505 0.12091503267973856
0 0.5645424836601307 0.5784313725490197 0.03431372549019608 0.15196078431372548
0 0.12990196078431374 0.5269607843137255 0.04411764705882353 0.1388888888888889
0 0.02369281045751634 0.5130718954248366 0.0457516339869281 0.1437908496732026
0 0.10049019607843138 0.5465686274509803 0.0392156862745098 0.1388888888888889
0 0.5343137254901961 0.6111111111111112 0.029411764705882353 0.14705882352941177
0 0.8823529411764706 0.673202614379085 0.03431372549019608 0.13562091503267973
0 0.9215686274509803 0.6968954248366013 0.03594771241830065 0.15196078431372548
0 0.7532679738562091 0.6887254901960784 0.03758169934640523 0.14705882352941177
0 0.7238562091503268 0.690359477124183 0.032679738562091505 0.15522875816993464
0 0.9076797385620915 0.7426470588235294 0.03594771241830065 0.16666666666666666
0 0.7802287581699346 0.7263071895424836 0.05392156862745098 0.1715686274509804
0 0.8872549019607843 0.7450980392156863 0.03431372549019608 0.15849673202614378
0 0.0727124183006536 0.6503267973856209 0.0457516339869281 0.19117647058823528
0 0.46568627450980393 0.7058823529411765 0.03594771241830065 0.17973856209150327
0 0.49754901960784315 0.7132352941176471 0.04084967320261438 0.15196078431372548
0 0.42401960784313725 0.7230392156862745 0.04411764705882353 0.1830065359477124
0 0.6184640522875817 0.7671568627450981 0.06862745098039216 0.20261437908496732
0 0.7091503267973857 0.8455882352941176 0.049019607843137254 0.19934640522875818
0 0.75 0.8537581699346405 0.049019607843137254 0.20261437908496732
0 0.02369281045751634 0.7663398692810458 0.04738562091503268 0.19281045751633988
0 0.5980392156862745 0.8496732026143791 0.05228758169934641 0.18137254901960784
0 0.6666666666666666 0.8676470588235294 0.05228758169934641 0.20098039215686275
0 0.5424836601307189 0.8586601307189542 0.05392156862745098 0.21405228758169934
0 0.4223856209150327 0.8455882352941176 0.04411764705882353 0.23202614379084968
0 0.4934640522875817 0.863562091503268 0.049019607843137254 0.22712418300653595
0 0.7949346405228758 0.9003267973856209 0.05065359477124183 0.19934640522875818
0 0.24754901960784315 0.8374183006535948 0.05555555555555555 0.20751633986928106
0 0.9452614379084967 0.9133986928104575 0.06372549019607843 0.17320261437908496
0 0.8398692810457516 0.9150326797385621 0.058823529411764705 0.16993464052287582
0 0.19444444444444445 0.8741830065359477 0.05228758169934641 0.1977124183006536
0 0.8888888888888888 0.954248366013072 0.05228758169934641 0.0915032679738562
0 0.6217320261437909 0.9493464052287581 0.05718954248366013 0.10130718954248366
0 0.5784313725490197 0.9477124183006536 0.05228758169934641 0.10457516339869281