0 0.5492957746478874 0.636443661971831 0.176056338028169 0.727112676056338
0 0.9084507042253521 0.6857394366197183 0.18309859154929578 0.6285211267605634
0 0.9383802816901409 0.7200704225352113 0.12323943661971831 0.5598591549295775
0 0.7183098591549296 0.6153169014084507 0.2605633802816901 0.7693661971830986
0 0.12235915492957747 0.25616197183098594 0.08626760563380281 0.38028169014084506
0 0.28169014084507044 0.4982394366197183 0.13028169014084506 0.6426056338028169
0 0.1619718309859155 0.5044014084507042 0.15845070422535212 0.6214788732394366
0 0.43221830985915494 0.579225352112676 0.1602112676056338 0.625
0 0.6170774647887324 0.6382042253521126 0.14084507042253522 0.6813380281690141
0 0.4137323943661972 0.5924295774647887 0.16901408450704225 0.7007042253521126
0 0.20774647887323944 0.5404929577464789 0.25528169014084506 0.7922535211267606
0 0.3336267605633803 0.5765845070422535 0.18485915492957747 0.6426056338028169