0 0.4541139240506329 0.2310126582278481 0.012658227848101266 0.04430379746835443
0 0.8662974683544303 0.2974683544303797 0.015822784810126583 0.03955696202531646
0 0.5988924050632911 0.2800632911392405 0.014240506329113924 0.05063291139240506
0 0.442246835443038 0.27294303797468356 0.01740506329113924 0.055379746835443035
0 0.25 0.2468354430379747 0.01740506329113924 0.056962025316455694
0 0.694620253164557 0.31170886075949367 0.014240506329113924 0.055379746835443035
0 0.30933544303797467 0.2626582278481013 0.0189873417721519 0.055379746835443035
0 0.3401898734177215 0.2721518987341772 0.015822784810126583 0.06329113924050633
0 0.3275316455696203 0.2721518987341772 0.01740506329113924 0.060126582278481014
0 0.48575949367088606 0.29667721518987344 0.015822784810126583 0.061708860759493674
0 0.7966772151898734 0.34335443037974683 0.01740506329113924 0.04746835443037975
0 0.34889240506329117 0.28164556962025317 0.015822784810126583 0.06329113924050633
0 0.5632911392405063 0.31091772151898733 0.01740506329113924 0.060126582278481014
0 0.5063291139240507 0.307753164556962 0.015822784810126583 0.0680379746835443
0 0.4477848101265823 0.30063291139240506 0.015822784810126583 0.0490506329113924
0 0.4572784810126582 0.30300632911392406 0.015822784810126583 0.056962025316455694
0 0.3852848101265823 0.29430379746835444 0.01740506329113924 0.058544303797468354
0 0.42325949367088606 0.2998417721518987 0.015822784810126583 0.04430379746835443
0 0.8314873417721519 0.3615506329113924 0.015822784810126583 0.05063291139240506
0 0.5775316455696202 0.3275316455696203 0.014240506329113924 0.06645569620253164
0 0.4699367088607595 0.314873417721519 0.020569620253164556 0.060126582278481014
0 0.8481012658227848 0.3686708860759494 0.01740506329113924 0.04746835443037975
0 0.6621835443037974 0.3449367088607595 0.01740506329113924 0.05221518987341772
0 0.7254746835443038 0.3536392405063291 0.020569620253164556 0.060126582278481014
0 0.7808544303797469 0.3647151898734177 0.01740506329113924 0.058544303797468354
0 0.8109177215189873 0.37104430379746833 0.01740506329113924 0.060126582278481014
0 0.6479430379746836 0.3473101265822785 0.0189873417721519 0.06329113924050633
0 0.75 0.36313291139240506 0.020569620253164556 0.07120253164556962
0 0.7389240506329114 0.36313291139240506 0.01740506329113924 0.06487341772151899
0 0.7642405063291139 0.3662974683544304 0.01740506329113924 0.06487341772151899
0 0.696993670886076 0.3615506329113924 0.01740506329113924 0.055379746835443035
0 0.634493670886076 0.3536392405063291 0.015822784810126583 0.06329113924050633
0 0.40189873417721517 0.32199367088607594 0.020569620253164556 0.056962025316455694
0 0.3623417721518987 0.31645569620253167 0.015822784810126583 0.055379746835443035
0 0.370253164556962 0.3180379746835443 0.015822784810126583 0.061708860759493674
0 0.41455696202531644 0.3275316455696203 0.01740506329113924 0.060126582278481014
0 0.5427215189873418 0.3449367088607595 0.01740506329113924 0.0680379746835443
0 0.4430379746835443 0.3346518987341772 0.020569620253164556 0.07911392405063292
0 0.3069620253164557 0.317246835443038 0.022151898734177215 0.07120253164556962
0 0.4936708860759494 0.34414556962025317 0.023734177215189875 0.07120253164556962
0 0.7974683544303798 0.3900316455696203 0.020569620253164556 0.06645569620253164
0 0.5593354430379747 0.35680379746835444 0.01740506329113924 0.07120253164556962
0 0.5917721518987342 0.36787974683544306 0.022151898734177215 0.0759493670886076
0 0.6052215189873418 0.370253164556962 0.014240506329113924 0.06645569620253164
0 0.6859177215189873 0.3837025316455696 0.020569620253164556 0.07278481012658228
0 0.5799050632911392 0.3686708860759494 0.0189873417721519 0.061708860759493674
0 0.42167721518987344 0.3473101265822785 0.022151898734177215 0.07278481012658228
0 0.9359177215189873 0.4208860759493671 0.022151898734177215 0.04430379746835443
0 0.9129746835443038 0.4185126582278481 0.02531645569620253 0.0759493670886076
0 0.7713607594936709 0.3987341772151899 0.022151898734177215 0.05063291139240506
0 0.8251582278481012 0.41060126582278483 0.01740506329113924 0.0680379746835443
0 0.617879746835443 0.38212025316455694 0.02531645569620253 0.07753164556962025
0 0.37816455696202533 0.34968354430379744 0.01740506329113924 0.07278481012658228
0 0.8417721518987342 0.4177215189873418 0.02531645569620253 0.08227848101265822
0 0.6700949367088608 0.39319620253164556 0.020569620253164556 0.06329113924050633
0 0.6566455696202531 0.3947784810126582 0.020569620253164556 0.0759493670886076
0 0.7104430379746836 0.4074367088607595 0.0189873417721519 0.058544303797468354
0 0.3852848101265823 0.36075949367088606 0.020569620253164556 0.07120253164556962
0 0.5166139240506329 0.3837025316455696 0.01740506329113924 0.07753164556962025
0 0.5284810126582279 0.3860759493670886 0.0189873417721519 0.07911392405063292
0 0.6977848101265823 0.41455696202531644 0.0189873417721519 0.07753164556962025
0 0.7231012658227848 0.42167721518987344 0.020569620253164556 0.055379746835443035
0 0.8789556962025317 0.4501582278481013 0.02689873417721519 0.08544303797468354
0 0.8947784810126582 0.4549050632911392 0.023734177215189875 0.09335443037974683
0 0.9533227848101266 0.4651898734177215 0.023734177215189875 0.08069620253164557
0 0.5822784810126582 0.4161392405063291 0.01740506329113924 0.0680379746835443
0 0.13291139240506328 0.3536392405063291 0.030063291139240507 0.0759493670886076
0 0.7072784810126582 0.435126582278481 0.014240506329113924 0.04588607594936709
0 0.7681962025316456 0.4454113924050633 0.023734177215189875 0.07911392405063292
0 0.7887658227848101 0.4501582278481013 0.020569620253164556 0.06329113924050633
0 0.7808544303797469 0.44936708860759494 0.01740506329113924 0.08227848101265822
0 0.21123417721518986 0.37183544303797467 0.02689873417721519 0.09335443037974683
0 0.9343354430379747 0.47468354430379744 0.02689873417721519 0.08544303797468354
0 0.09889240506329114 0.3552215189873418 0.023734177215189875 0.07753164556962025
0 0.8615506329113924 0.4651898734177215 0.020569620253164556 0.08227848101265822
0 0.622626582278481 0.432753164556962 0.022151898734177215 0.0680379746835443
0 0.6431962025316456 0.44145569620253167 0.0189873417721519 0.04430379746835443
0 0.3860759493670886 0.40427215189873417 0.022151898734177215 0.07911392405063292
0 0.34651898734177217 0.40110759493670883 0.03164556962025317 0.09335443037974683
0 0.13686708860759494 0.372626582278481 0.01740506329113924 0.03955696202531646
0 0.9762658227848101 0.4936708860759494 0.02689873417721519 0.09018987341772151
0 0.8251582278481012 0.47389240506329117 0.0189873417721519 0.08544303797468354
0 0.5901898734177216 0.44462025316455694 0.02689873417721519 0.09651898734177215
0 0.22468354430379747 0.3939873417721519 0.022151898734177215 0.060126582278481014
0 0.9912974683544303 0.507120253164557 0.01740506329113924 0.055379746835443035
0 0.8132911392405063 0.48417721518987344 0.022151898734177215 0.08702531645569621
0 0.8370253164556962 0.4897151898734177 0.02531645569620253 0.09177215189873418
0 0.6368670886075949 0.4620253164556962 0.02531645569620253 0.058544303797468354
0 0.8014240506329114 0.48813291139240506 0.01740506329113924 0.10917721518987342
0 0.7357594936708861 0.47943037974683544 0.02531645569620253 0.09968354430379747
0 0.7879746835443038 0.48813291139240506 0.023734177215189875 0.0981012658227848
0 0.13686708860759494 0.3963607594936709 0.020569620253164556 0.05063291139240506
0 0.30854430379746833 0.4208860759493671 0.022151898734177215 0.060126582278481014
0 0.11392405063291139 0.3939873417721519 0.022151898734177215 0.04588607594936709
0 0.620253164556962 0.46835443037974683 0.022151898734177215 0.09968354430379747
0 0.09335443037974683 0.39794303797468356 0.020569620253164556 0.06645569620253164
0 0.7088607594936709 0.4865506329113924 0.01740506329113924 0.06645569620253164
0 0.15664556962025317 0.40822784810126583 0.022151898734177215 0.09651898734177215
0 0.46598101265822783 0.4541139240506329 0.02689873417721519 0.09968354430379747
0 0.41693037974683544 0.45174050632911394 0.02689873417721519 0.11550632911392406
0 0.7539556962025317 0.5007911392405063 0.023734177215189875 0.10759493670886076
0 0.49287974683544306 0.4651898734177215 0.020569620253164556 0.0981012658227848
0 0.5055379746835443 0.46835443037974683 0.022151898734177215 0.11075949367088607
0 0.2231012658227848 0.42800632911392406 0.023734177215189875 0.07436708860759493
0 0.7207278481012658 0.5007911392405063 0.022151898734177215 0.0981012658227848
0 0.879746835443038 0.5229430379746836 0.02689873417721519 0.09968354430379747
0 0.9454113924050633 0.5324367088607594 0.02531645569620253 0.09968354430379747
0 0.6930379746835443 0.504746835443038 0.030063291139240507 0.10126582278481013
0 0.11075949367088607 0.42325949367088606 0.02689873417721519 0.05063291139240506
0 0.9912974683544303 0.5498417721518988 0.015822784810126583 0.04113924050632911
0 0.12895569620253164 0.43037974683544306 0.02689873417721519 0.08386075949367089
0 0.16218354430379747 0.44145569620253167 0.02531645569620253 0.1060126582278481
0 0.3322784810126582 0.46598101265822783 0.02531645569620253 0.10126582278481013
0 0.6392405063291139 0.509493670886076 0.028481012658227847 0.1060126582278481
0 0.5735759493670886 0.5055379746835443 0.03322784810126582 0.11867088607594936
0 0.47943037974683544 0.4936708860759494 0.02689873417721519 0.11075949367088607
0 0.44936708860759494 0.49604430379746833 0.023734177215189875 0.0981012658227848
0 0.18670886075949367 0.4612341772151899 0.023734177215189875 0.06487341772151899
0 0.27689873417721517 0.4754746835443038 0.022151898734177215 0.09968354430379747
0 0.3037974683544304 0.4810126582278481 0.03164556962025317 0.11234177215189874
0 0.1337025316455696 0.4596518987341772 0.028481012658227847 0.0949367088607595
0 0.0949367088607595 0.4549050632911392 0.023734177215189875 0.07911392405063292
0 0.10996835443037975 0.4612341772151899 0.0189873417721519 0.08227848101265822
0 0.7049050632911392 0.5490506329113924 0.03322784810126582 0.10759493670886076
0 0.27056962025316456 0.4873417721518987 0.02531645569620253 0.11867088607594936
0 0.34810126582278483 0.49841772151898733 0.03322784810126582 0.12025316455696203
0 0.9715189873417721 0.5901898734177216 0.028481012658227847 0.13132911392405064
0 0.22231012658227847 0.4849683544303797 0.028481012658227847 0.10759493670886076
0 0.23734177215189872 0.4920886075949367 0.023734177215189875 0.10917721518987342
0 0.5245253164556962 0.5403481012658228 0.028481012658227847 0.10759493670886076
0 0.7768987341772152 0.5862341772151899 0.030063291139240507 0.1060126582278481
0 0.03164556962025317 0.48180379746835444 0.030063291139240507 0.12658227848101267
0 0.04588607594936709 0.4920886075949367 0.02531645569620253 0.1360759493670886
0 0.5830696202531646 0.5743670886075949 0.05063291139240506 0.14082278481012658
0 0.40901898734177217 0.5490506329113924 0.030063291139240507 0.12025316455696203
0 0.9849683544303798 0.6352848101265823 0.028481012658227847 0.16455696202531644
0 0.18354430379746836 0.5197784810126582 0.03481012658227848 0.12341772151898735
0 0.12658227848101267 0.5189873417721519 0.03481012658227848 0.12658227848101267
0 0.4509493670886076 0.569620253164557 0.0379746835443038 0.11708860759493671
0 0.058544303797468354 0.5134493670886076 0.02689873417721519 0.12658227848101267
0 0.07278481012658228 0.5189873417721519 0.03164556962025317 0.11708860759493671
0 0.5435126582278481 0.5870253164556962 0.03322784810126582 0.14715189873417722
0 0.12262658227848101 0.5371835443037974 0.04272151898734177 0.13449367088607594
0 0.01977848101265823 0.5221518987341772 0.03955696202531646 0.13924050632911392
0 0.09414556962025317 0.5561708860759493 0.0379746835443038 0.13449367088607594
0 0.5134493670886076 0.617879746835443 0.028481012658227847 0.14240506329113925
0 0.8512658227848101 0.6787974683544303 0.03322784810126582 0.13132911392405064
0 0.8892405063291139 0.7017405063291139 0.03481012658227848 0.14715189873417722
0 0.7262658227848101 0.6938291139240507 0.03639240506329114 0.14240506329113925
0 0.6977848101265823 0.694620253164557 0.03164556962025317 0.15031645569620253
0 0.8757911392405063 0.745253164556962 0.03481012658227848 0.16139240506329114
0 0.752373417721519 0.7302215189873418 0.05221518987341772 0.1661392405063291
0 0.8560126582278481 0.7484177215189873 0.03322784810126582 0.15348101265822786
0 0.06645569620253164 0.6558544303797469 0.04430379746835443 0.185126582278481
0 0.44699367088607594 0.7104430379746836 0.03481012658227848 0.17405063291139242
0 0.4786392405063291 0.7175632911392406 0.03955696202531646 0.14715189873417722
0 0.4074367088607595 0.7270569620253164 0.04272151898734177 0.17721518987341772
0 0.5957278481012658 0.7689873417721519 0.06645569620253164 0.1962025316455696
0 0.682753164556962 0.8449367088607594 0.04746835443037975 0.1930379746835443
0 0.7231012658227848 0.8536392405063291 0.04746835443037975 0.1962025316455696
0 0.021360759493670885 0.7674050632911392 0.04272151898734177 0.18670886075949367
0 0.5751582278481012 0.8496835443037974 0.05063291139240506 0.17563291139240506
0 0.6424050632911392 0.8662974683544303 0.05063291139240506 0.19462025316455697
0 0.5221518987341772 0.8583860759493671 0.05221518987341772 0.20727848101265822
0 0.4050632911392405 0.8457278481012658 0.04272151898734177 0.22468354430379747
0 0.47468354430379744 0.8631329113924051 0.04746835443037975 0.2199367088607595
0 0.7666139240506329 0.9011075949367089 0.0490506329113924 0.19778481012658228
0 0.23655063291139242 0.8370253164556962 0.05379746835443038 0.20094936708860758
0 0.9121835443037974 0.9137658227848101 0.061708860759493674 0.17246835443037975
0 0.810126582278481 0.9153481012658228 0.056962025316455694 0.16930379746835442
0 0.185126582278481 0.872626582278481 0.05063291139240506 0.19145569620253164
0 0.8575949367088608 0.9533227848101266 0.05063291139240506 0.09335443037974683
0 0.5988924050632911 0.9477848101265823 0.055379746835443035 0.10443037974683544
0 0.5569620253164557 0.946993670886076 0.05063291139240506 0.1060126582278481