0 0.8942622950819672 0.3844262295081967 0.036065573770491806 0.08032786885245902
0 0.9262295081967213 0.4016393442622951 0.036065573770491806 0.1
0 0.6434426229508197 0.2975409836065574 0.022950819672131147 0.06885245901639345
0 0.9918032786885246 0.43278688524590164 0.01639344262295082 0.10327868852459017
0 0.9795081967213115 0.4262295081967213 0.03934426229508197 0.1
0 0.7770491803278688 0.3549180327868853 0.03114754098360656 0.1
0 0.5844262295081967 0.2860655737704918 0.03442622950819672 0.10491803278688525
0 0.7918032786885246 0.3639344262295082 0.03114754098360656 0.10327868852459017
0 0.569672131147541 0.28524590163934427 0.02459016393442623 0.07868852459016394
0 0.13852459016393442 0.1483606557377049 0.03770491803278689 0.11311475409836065
0 0.06557377049180328 0.13934426229508196 0.036065573770491806 0.11967213114754098
0 0.49836065573770494 0.33524590163934426 0.12459016393442623 0.34590163934426227
0 0.20491803278688525 0.3877049180327869 0.23770491803278687 0.7622950819672131
0 0.2360655737704918 0.42868852459016393 0.2639344262295082 0.8475409836065574
0 0.6754098360655738 0.5532786885245902 0.30327868852459017 0.8901639344262295
0 0.37459016393442623 0.519672131147541 0.2983606557377049 0.9606557377049181