0 0.7741071428571429 0.8714285714285714 0.12678571428571428 0.2571428571428571
0 0.5008928571428571 0.7857142857142857 0.13392857142857142 0.3625
0 0.5410714285714285 0.8098214285714286 0.08392857142857142 0.30357142857142855
0 0.19642857142857142 0.6589285714285714 0.08214285714285714 0.31785714285714284
0 0.5892857142857143 0.8366071428571429 0.09642857142857143 0.28214285714285714
0 0.4419642857142857 0.7732142857142857 0.09107142857142857 0.2767857142857143
0 0.3098214285714286 0.7178571428571429 0.07142857142857142 0.28035714285714286
0 0.6535714285714286 0.85625 0.08571428571428572 0.2875
0 0.68125 0.8625 0.10535714285714286 0.275
0 0.2580357142857143 0.6964285714285714 0.11785714285714285 0.34464285714285714
0 0.36964285714285716 0.7473214285714286 0.11607142857142858 0.31785714285714284
0 0.8839285714285714 0.9089285714285714 0.10714285714285714 0.18214285714285713
0 0.29642857142857143 0.7160714285714286 0.1125 0.33035714285714285
0 0.14821428571428572 0.6526785714285714 0.1125 0.3196428571428571
0 0.7705357142857143 0.8848214285714285 0.11964285714285715 0.23035714285714284
0 0.08660714285714285 0.625 0.08928571428571429 0.3142857142857143
0 0.23214285714285715 0.6910714285714286 0.125 0.36428571428571427
0 0.8339285714285715 0.8991071428571429 0.09285714285714286 0.2017857142857143
0 0.17589285714285716 0.6696428571428571 0.07857142857142857 0.2732142857142857
0 0.4625 0.7973214285714286 0.11785714285714285 0.31785714285714284
0 0.9508928571428571 0.9303571428571429 0.09107142857142857 0.1392857142857143
0 0.6321428571428571 0.8651785714285715 0.125 0.26964285714285713
0 0.9482142857142857 0.9375 0.07857142857142857 0.125
0 0.40535714285714286 0.7776785714285714 0.08928571428571429 0.2875
0 0.7267857142857143 0.8803571428571428 0.125 0.2392857142857143
0 0.9107142857142857 0.93125 0.06785714285714285 0.1375
0 0.1 0.65625 0.12857142857142856 0.3196428571428571