0 0.7873015873015873 0.34444444444444444 0.044444444444444446 0.1380952380952381
0 0.4126984126984127 0.6904761904761905 0.1111111111111111 0.4444444444444444
0 0.13253968253968254 0.7912698412698412 0.08888888888888889 0.31746031746031744
0 0.626984126984127 0.6246031746031746 0.10476190476190476 0.38412698412698415
0 0.5936507936507937 0.638095238095238 0.1 0.3761904761904762
0 0.6865079365079365 0.6103174603174604 0.14126984126984127 0.5492063492063493
0 0.8650793650793651 0.5507936507936508 0.18888888888888888 0.5746031746031746
0 0.18333333333333332 0.7928571428571428 0.10793650793650794 0.40634920634920635
0 0.8936507936507937 0.5492063492063493 0.12063492063492064 0.45714285714285713
0 0.2571428571428571 0.7761904761904762 0.09047619047619047 0.38095238095238093
0 0.4515873015873016 0.707936507936508 0.10476190476190476 0.4158730158730159
0 0.2150793650793651 0.7936507936507936 0.13015873015873017 0.4
0 0.7325396825396825 0.6126984126984127 0.08253968253968254 0.43492063492063493
0 0.3492063492063492 0.753968253968254 0.09047619047619047 0.38571428571428573
0 0.3896825396825397 0.7404761904761905 0.13333333333333333 0.43492063492063493
0 0.49603174603174605 0.7071428571428572 0.12857142857142856 0.4365079365079365
0 0.32063492063492066 0.7746031746031746 0.13174603174603175 0.3984126984126984
0 0.5706349206349206 0.6936507936507936 0.12380952380952381 0.45714285714285713
0 0.7706349206349207 0.6246031746031746 0.1492063492063492 0.5
0 0.792063492063492 0.6222222222222222 0.10476190476190476 0.44285714285714284