0 0.7691666666666667 0.33 0.03666666666666667 0.11333333333333333
0 0.6433333333333333 0.3258333333333333 0.06 0.21
0 0.7425 0.35583333333333333 0.07 0.215
0 0.675 0.345 0.10666666666666667 0.3566666666666667
0 0.605 0.3383333333333333 0.1 0.32166666666666666
0 0.5666666666666667 0.3283333333333333 0.13166666666666665 0.38333333333333336
0 0.7975 0.3958333333333333 0.115 0.2833333333333333
0 0.3725 0.30916666666666665 0.18333333333333332 0.61
0 0.7116666666666667 0.38333333333333336 0.09 0.2816666666666667
0 0.8966666666666666 0.4425 0.20666666666666667 0.5383333333333333
0 0.10333333333333333 0.33 0.20666666666666667 0.6166666666666667
0 0.9183333333333333 0.4925 0.16333333333333333 0.5783333333333334
0 0.2608333333333333 0.42 0.38166666666666665 0.8266666666666667