0 0.19718309859154928 0.4251760563380282 0.24647887323943662 0.8503521126760564
0 0.6073943661971831 0.4735915492957746 0.24471830985915494 0.8186619718309859
0 0.10123239436619719 0.34683098591549294 0.17781690140845072 0.6742957746478874
0 0.49119718309859156 0.4727112676056338 0.17077464788732394 0.647887323943662
0 0.25 0.43045774647887325 0.11091549295774648 0.43485915492957744
0 0.33098591549295775 0.46742957746478875 0.12323943661971831 0.4524647887323944
0 0.28433098591549294 0.4586267605633803 0.09154929577464789 0.3503521126760563
0 0.6786971830985915 0.5677816901408451 0.13908450704225353 0.43309859154929575
0 0.8221830985915493 0.6179577464788732 0.09330985915492958 0.2834507042253521
0 0.7764084507042254 0.6197183098591549 0.035211267605633804 0.11091549295774648
0 0.8829225352112676 0.6769366197183099 0.040492957746478875 0.13732394366197184