0 0.17338709677419356 0.3903225806451613 0.03870967741935484 0.11129032258064517
0 0.2161290322580645 0.4129032258064516 0.04838709677419355 0.11290322580645161
0 0.5959677419354839 0.6088709677419355 0.07096774193548387 0.22258064516129034
0 0.3016129032258065 0.4967741935483871 0.0935483870967742 0.2709677419354839
0 0.2693548387096774 0.482258064516129 0.08870967741935484 0.25806451612903225
0 0.3935483870967742 0.5475806451612903 0.09193548387096774 0.27419354838709675
0 0.5612903225806452 0.6370967741935484 0.13225806451612904 0.3403225806451613
0 0.7879032258064517 0.7612903225806451 0.10483870967741936 0.2838709677419355
0 0.8217741935483871 0.7798387096774193 0.0967741935483871 0.3161290322580645
0 0.717741935483871 0.7306451612903225 0.12741935483870967 0.33225806451612905
0 0.4645161290322581 0.6088709677419355 0.0967741935483871 0.2435483870967742
0 0.6290322580645161 0.6911290322580645 0.09838709677419355 0.29516129032258065