0 0.8873239436619719 0.6267605633802817 0.03345070422535211 0.11971830985915492
0 0.8389084507042254 0.6170774647887324 0.04225352112676056 0.11619718309859155
0 0.40492957746478875 0.5264084507042254 0.05985915492957746 0.23943661971830985
0 0.7279929577464789 0.6346830985915493 0.08098591549295775 0.2887323943661972
0 0.7640845070422535 0.6443661971830986 0.07746478873239436 0.2746478873239437
0 0.6214788732394366 0.6179577464788732 0.07746478873239436 0.29401408450704225
0 0.42869718309859156 0.5801056338028169 0.11971830985915492 0.3591549295774648
0 0.16725352112676056 0.5325704225352113 0.09507042253521127 0.2992957746478873
0 0.12764084507042253 0.5255281690140845 0.07922535211267606 0.3397887323943662
0 0.24559859154929578 0.5536971830985915 0.11443661971830986 0.352112676056338
0 0.5308098591549296 0.6241197183098591 0.0880281690140845 0.2535211267605634
0 0.34507042253521125 0.5809859154929577 0.08626760563380281 0.31338028169014087