0 0.016666666666666666 0.6633333333333333 0.03333333333333333 0.3933333333333333
0 0.2275 0.6658333333333334 0.07333333333333333 0.405
0 0.12666666666666668 0.6708333333333333 0.07166666666666667 0.4116666666666667
0 0.06166666666666667 0.6808333333333333 0.06833333333333333 0.38166666666666665
0 0.4225 0.6775 0.058333333333333334 0.43333333333333335
0 0.5625 0.6841666666666667 0.08166666666666667 0.425
0 0.3516666666666667 0.69 0.075 0.38666666666666666
0 0.8841666666666667 0.6841666666666667 0.06 0.375
0 0.6716666666666666 0.6933333333333334 0.09666666666666666 0.4816666666666667
0 0.8175 0.6941666666666667 0.075 0.4166666666666667
0 0.4691666666666667 0.7033333333333334 0.06666666666666667 0.41833333333333333
0 0.27 0.7125 0.07166666666666667 0.36333333333333334
0 0.9141666666666667 0.7116666666666667 0.11833333333333333 0.44333333333333336
0 0.7416666666666667 0.7191666666666666 0.058333333333333334 0.38666666666666666
0 0.78 0.7241666666666666 0.09666666666666666 0.45166666666666666