0 0.014652014652014652 0.6410256410256411 0.029304029304029304 0.43223443223443225
0 0.2454212454212454 0.6474358974358975 0.07326007326007326 0.4432234432234432
0 0.1336996336996337 0.6510989010989011 0.07142857142857142 0.45054945054945056
0 0.06227106227106227 0.6611721611721612 0.06776556776556776 0.4175824175824176
0 0.45879120879120877 0.6639194139194139 0.054945054945054944 0.47619047619047616
0 0.6126373626373627 0.673992673992674 0.08241758241758242 0.4652014652014652
0 0.38095238095238093 0.6767399267399268 0.07509157509157509 0.4230769230769231
0 0.9661172161172161 0.6804029304029304 0.05860805860805861 0.41025641025641024
0 0.7326007326007326 0.6868131868131868 0.09706959706959707 0.5274725274725275
0 0.8928571428571429 0.6904761904761905 0.07509157509157509 0.45604395604395603
0 0.51007326007326 0.6932234432234432 0.06593406593406594 0.45787545787545786
0 0.29120879120879123 0.6996336996336996 0.07142857142857142 0.3974358974358974
0 0.9688644688644689 0.7115384615384616 0.06227106227106227 0.48534798534798534
0 0.8086080586080586 0.7161172161172161 0.056776556776556776 0.4230769230769231
0 0.8507326007326007 0.7225274725274725 0.09706959706959707 0.4945054945054945