0 0.04209621993127148 0.7491408934707904 0.08075601374570447 0.40893470790378006
0 0.2766323024054983 0.738831615120275 0.0859106529209622 0.41924398625429554
0 0.1718213058419244 0.7491408934707904 0.08762886597938144 0.42439862542955326
0 0.10481099656357389 0.7628865979381443 0.08075601374570447 0.39347079037800686
0 0.47766323024054985 0.7414089347079038 0.07216494845360824 0.4484536082474227
0 0.6219931271477663 0.7405498281786942 0.0979381443298969 0.44329896907216493
0 0.40378006872852235 0.7585910652920962 0.08934707903780069 0.40034364261168387
0 0.9527491408934707 0.7259450171821306 0.07216494845360824 0.38831615120274915
0 0.7336769759450171 0.7448453608247423 0.1134020618556701 0.49828178694158076
0 0.8848797250859106 0.7396907216494846 0.08934707903780069 0.43127147766323026
0 0.5266323024054983 0.7654639175257731 0.08247422680412371 0.43127147766323026
0 0.32044673539518903 0.7843642611683849 0.08419243986254296 0.37628865979381443
0 0.9587628865979382 0.7508591065292096 0.08247422680412371 0.46048109965635736
0 0.8067010309278351 0.7689003436426117 0.070446735395189 0.40034364261168387
0 0.8462199312714777 0.7628865979381443 0.11168384879725086 0.4536082474226804