0 0.8642857142857143 0.4544642857142857 0.16071428571428573 0.9089285714285714
0 0.4419642857142857 0.46875 0.16785714285714284 0.8107142857142857
0 0.9535714285714286 0.42410714285714285 0.09285714285714286 0.6696428571428571
0 0.5589285714285714 0.4857142857142857 0.11071428571428571 0.6446428571428572
0 0.8071428571428572 0.48392857142857143 0.06964285714285715 0.43392857142857144
0 0.7214285714285714 0.50625 0.08035714285714286 0.4517857142857143
0 0.7696428571428572 0.5071428571428571 0.05892857142857143 0.3482142857142857
0 0.3607142857142857 0.5508928571428572 0.09821428571428571 0.425
0 0.21071428571428572 0.5776785714285714 0.06785714285714285 0.2767857142857143
0 0.2571428571428571 0.5875 0.025 0.10892857142857143
0 0.14464285714285716 0.6267857142857143 0.02857142857142857 0.13392857142857142