0 0.24516129032258063 0.4129032258064516 0.2064516129032258 0.8258064516129032
0 0.6193548387096774 0.5032258064516129 0.19838709677419356 0.75
0 0.1532258064516129 0.36129032258064514 0.1435483870967742 0.6161290322580645
0 0.5137096774193548 0.4959677419354839 0.13709677419354838 0.5919354838709677
0 0.2911290322580645 0.44516129032258067 0.08870967741935484 0.3967741935483871
0 0.36693548387096775 0.482258064516129 0.09838709677419355 0.41451612903225804
0 0.3241935483870968 0.47338709677419355 0.07258064516129033 0.3193548387096774
0 0.6870967741935484 0.592741935483871 0.11451612903225807 0.3951612903225806
0 0.8193548387096774 0.6459677419354839 0.07741935483870968 0.25806451612903225
0 0.7782258064516129 0.6459677419354839 0.02903225806451613 0.1
0 0.8766129032258064 0.7032258064516129 0.03387096774193549 0.12580645161290321