0 0.7583056478405316 0.45099667774086377 0.1644518272425249 0.8953488372093024
0 0.3646179401993355 0.48172757475083056 0.16943521594684385 0.7574750830564784
0 0.8521594684385382 0.4485049833887043 0.11960132890365449 0.6245847176079734
0 0.473421926910299 0.49916943521594687 0.11295681063122924 0.6013289036544851
0 0.7043189368770764 0.5016611295681063 0.07142857142857142 0.4053156146179402
0 0.6245847176079734 0.521594684385382 0.08139534883720931 0.4219269102990033
0 0.6694352159468439 0.5232558139534884 0.059800664451827246 0.32558139534883723
0 0.28820598006644516 0.5573089700996677 0.09800664451827243 0.39700996677740863
0 0.1478405315614618 0.579734219269103 0.0681063122923588 0.2591362126245847
0 0.19102990033222592 0.5897009966777409 0.024916943521594685 0.10132890365448505
0 0.08554817275747509 0.6237541528239202 0.02823920265780731 0.12458471760797342