0 0.7783333333333333 0.3491666666666667 0.03833333333333333 0.11333333333333333
0 0.6525 0.3466666666666667 0.06333333333333334 0.21
0 0.7516666666666667 0.37583333333333335 0.07333333333333333 0.215
0 0.6841666666666667 0.36583333333333334 0.11166666666666666 0.3566666666666667
0 0.6141666666666666 0.36 0.105 0.32166666666666666
0 0.5758333333333333 0.35083333333333333 0.13666666666666666 0.385
0 0.8075 0.4141666666666667 0.12 0.2833333333333333
0 0.38 0.3233333333333333 0.195 0.6366666666666667
0 0.7216666666666667 0.4033333333333333 0.095 0.2816666666666667
0 0.9 0.46 0.2 0.54
0 0.11 0.3491666666666667 0.22 0.645
0 0.9216666666666666 0.51 0.15666666666666668 0.58
0 0.27 0.43583333333333335 0.3983333333333333 0.8566666666666667