0 0.02572347266881029 0.6559485530546624 0.05144694533762058 0.38263665594855306
0 0.23392282958199356 0.662379421221865 0.08038585209003216 0.39228295819935693
0 0.13585209003215434 0.6639871382636656 0.0819935691318328 0.3971061093247588
0 0.07234726688102894 0.6736334405144695 0.07556270096463022 0.36816720257234725
0 0.4212218649517685 0.677652733118971 0.06752411575562701 0.41961414790996787
0 0.5562700964630225 0.6864951768488746 0.09163987138263666 0.41479099678456594
0 0.3520900321543408 0.6889067524115756 0.08360128617363344 0.3745980707395498
0 0.8665594855305466 0.6937299035369775 0.06752411575562701 0.3633440514469453
0 0.659967845659164 0.6985530546623794 0.10610932475884244 0.4694533762057878
0 0.8014469453376206 0.7017684887459807 0.08360128617363344 0.40353697749196143
0 0.4654340836012862 0.7033762057877814 0.07717041800643087 0.40353697749196143
0 0.272508038585209 0.707395498392283 0.07877813504823152 0.3520900321543408
0 0.8930868167202572 0.7202572347266881 0.12379421221864952 0.43086816720257237
0 0.7266881028938906 0.7242765273311897 0.06591639871382636 0.3745980707395498
0 0.7636655948553055 0.729903536977492 0.1045016077170418 0.4405144694533762