1 0.11598360655737705 0.6360655737704918 0.03524590163934426 0.07049180327868852
1 0.15327868852459017 0.7385245901639345 0.06311475409836066 0.14153005464480875
1 0.5098360655737705 0.739344262295082 0.04426229508196721 0.08797814207650273
1 0.9540983606557377 0.9797814207650273 0.05901639344262295 0.030601092896174863
1 0.44426229508196724 0.9120218579234972 0.08852459016393442 0.146448087431694
1 0.655327868852459 0.9650273224043716 0.07622950819672131 0.06775956284153005
1 0.275 0.9554644808743169 0.09098360655737706 0.08907103825136611
1 0.2905737704918033 0.8617486338797814 0.07213114754098361 0.11038251366120219
1 0.03155737704918033 0.9202185792349726 0.045081967213114756 0.15956284153005465
1 0.09631147540983606 0.9795081967213115 0.0778688524590164 0.040983606557377046
1 0.30327868852459017 0.7360655737704918 0.09180327868852459 0.14153005464480875
1 0.12418032786885246 0.4319672131147541 0.04262295081967213 0.06830601092896176
1 0.15245901639344261 0.3918032786885246 0.02540983606557377 0.05027322404371585
1 0.12786885245901639 0.38169398907103824 0.027049180327868853 0.03442622950819672
1 0.7327868852459016 0.8713114754098361 0.06721311475409836 0.09234972677595628
1 0.6610655737704918 0.9021857923497267 0.051639344262295085 0.05683060109289618
1 0.534016393442623 0.8601092896174863 0.07213114754098361 0.09453551912568306
1 0.5225409836065574 0.9565573770491803 0.07459016393442623 0.08688524590163935
1 0.7233606557377049 0.9576502732240437 0.06967213114754098 0.08032786885245902
1 0.8122950819672131 0.9756830601092896 0.06885245901639345 0.04207650273224044
1 0.8364754098360656 0.8308743169398907 0.05819672131147541 0.07486338797814207
1 0.784016393442623 0.8486338797814208 0.04590163934426229 0.07049180327868852
1 0.8532786885245902 0.9221311475409836 0.04262295081967213 0.06502732240437159
1 0.4524590163934426 0.7901639344262295 0.04918032786885246 0.09508196721311475
1 0.5282786885245901 0.7950819672131147 0.04672131147540984 0.025136612021857924
1 0.5627049180327869 0.7546448087431694 0.05245901639344262 0.08797814207650273
1 0.6168032786885246 0.7565573770491804 0.029508196721311476 0.04644808743169399
1 0.3897540983606557 0.7013661202185792 0.07131147540983607 0.08688524590163935
1 0.3684426229508197 0.8489071038251366 0.06229508196721312 0.08196721311475409
1 0.37418032786885247 0.9327868852459016 0.05573770491803279 0.09180327868852459
1 0.21598360655737706 0.8953551912568306 0.08524590163934426 0.07868852459016394
1 0.1651639344262295 0.9800546448087432 0.07131147540983607 0.03989071038251366
1 0.3983606557377049 0.9825136612021858 0.07213114754098361 0.034972677595628415
1 0.07581967213114754 0.6278688524590164 0.054098360655737705 0.10273224043715846
1 0.1413934426229508 0.6030054644808743 0.07622950819672131 0.08961748633879782
1 0.05204918032786885 0.3513661202185792 0.021311475409836064 0.02459016393442623
1 0.1971311475409836 0.4715846994535519 0.03442622950819672 0.04426229508196721
1 0.20532786885245902 0.43278688524590164 0.013934426229508197 0.01912568306010929
1 0.3778688524590164 0.5040983606557377 0.030327868852459017 0.047540983606557376
1 0.39262295081967213 0.6213114754098361 0.04426229508196721 0.06775956284153005
1 0.4565573770491803 0.590983606557377 0.03442622950819672 0.08633879781420765
1 0.4610655737704918 0.5204918032786885 0.018032786885245903 0.023497267759562842
1 0.4459016393442623 0.5133879781420765 0.01557377049180328 0.012568306010928962
1 0.4262295081967213 0.5049180327868853 0.013114754098360656 0.009289617486338797
1 0.3942622950819672 0.5297814207650273 0.01639344262295082 0.02622950819672131
1 0.41598360655737704 0.5639344262295082 0.03278688524590164 0.020218579234972677
1 0.4959016393442623 0.557103825136612 0.014754098360655738 0.022404371584699455
1 0.4967213114754098 0.524863387978142 0.01721311475409836 0.01639344262295082
1 0.5180327868852459 0.5461748633879782 0.013114754098360656 0.011475409836065573
1 0.5270491803278688 0.6316939890710382 0.029508196721311476 0.07540983606557378
1 0.6413934426229508 0.6948087431693989 0.02622950819672131 0.018579234972677595
1 0.6586065573770492 0.6773224043715848 0.022950819672131147 0.02459016393442623
1 0.6573770491803279 0.6371584699453552 0.022950819672131147 0.020765027322404372
1 0.65 0.6136612021857923 0.02622950819672131 0.027868852459016394
1 0.7118852459016394 0.6658469945355191 0.036885245901639344 0.06174863387978142
1 0.7684426229508197 0.6852459016393443 0.027049180327868853 0.0366120218579235
1 0.7581967213114754 0.6349726775956284 0.036065573770491806 0.036065573770491806
1 0.7909836065573771 0.6439890710382513 0.022131147540983605 0.03169398907103825
1 0.726639344262295 0.7330601092896175 0.05491803278688524 0.05683060109289618
1 0.655327868852459 0.7314207650273225 0.051639344262295085 0.060655737704918035
1 0.6659836065573771 0.7978142076502732 0.060655737704918035 0.07377049180327869
1 0.7598360655737705 0.7942622950819672 0.038524590163934426 0.04371584699453552
1 0.7672131147540984 0.764207650273224 0.04180327868852459 0.022950819672131147
1 0.8045081967213115 0.7683060109289618 0.03442622950819672 0.05027322404371585
1 0.8475409836065574 0.7620218579234973 0.045081967213114756 0.05901639344262295
1 0.8774590163934426 0.7792349726775957 0.022131147540983605 0.036065573770491806
1 0.9032786885245901 0.8450819672131148 0.04344262295081967 0.08524590163934426
1 0.940983606557377 0.8467213114754099 0.04180327868852459 0.09398907103825137
1 0.9831967213114754 0.8953551912568306 0.03360655737704918 0.0453551912568306
1 0.8905737704918033 0.9685792349726776 0.05737704918032787 0.0453551912568306
1 0.9942622950819672 0.9407103825136612 0.011475409836065573 0.059562841530054644
1 0.9881147540983607 0.7688524590163934 0.023770491803278688 0.046994535519125684
1 0.9258196721311476 0.6975409836065574 0.03278688524590164 0.048633879781420766
1 0.8786885245901639 0.7092896174863388 0.036065573770491806 0.047540983606557376
1 0.9622950819672131 0.6975409836065574 0.03278688524590164 0.041530054644808745
1 0.9926229508196721 0.7008196721311475 0.014754098360655738 0.0366120218579235
1 0.9508196721311475 0.7289617486338797 0.02540983606557377 0.03169398907103825
1 0.8967213114754098 0.7633879781420765 0.04836065573770492 0.06229508196721312
1 0.9237704918032786 0.7363387978142076 0.018852459016393444 0.023497267759562842
1 0.5540983606557377 0.6046448087431694 0.02459016393442623 0.025683060109289616
1 0.5635245901639344 0.6382513661202186 0.022131147540983605 0.033879781420765025
1 0.5860655737704918 0.6431693989071038 0.018032786885245903 0.025136612021857924
1 0.43073770491803276 0.6344262295081967 0.04016393442622951 0.06174863387978142
1 0.5008196721311475 0.6530054644808743 0.03360655737704918 0.06885245901639345
1 0.4663934426229508 0.6819672131147541 0.040983606557377046 0.06666666666666667
1 0.3295081967213115 0.5587431693989071 0.02459016393442623 0.02459016393442623
1 0.3069672131147541 0.5530054644808743 0.019672131147540985 0.018032786885245903
1 0.28442622950819674 0.5592896174863388 0.021311475409836064 0.029508196721311476
1 0.32581967213114754 0.48032786885245904 0.027868852459016394 0.03169398907103825
1 0.3086065573770492 0.4882513661202186 0.02459016393442623 0.02622950819672131
1 0.335655737704918 0.5136612021857924 0.02459016393442623 0.02459016393442623
1 0.41065573770491803 0.5360655737704918 0.02459016393442623 0.016939890710382512
1 0.2913934426229508 0.5284153005464481 0.03360655737704918 0.03114754098360656
1 0.27049180327868855 0.4633879781420765 0.021311475409836064 0.03169398907103825
1 0.25163934426229506 0.4609289617486339 0.019672131147540985 0.011475409836065573
1 0.21885245901639344 0.43661202185792347 0.01639344262295082 0.019672131147540985
1 0.006557377049180328 0.3046448087431694 0.013114754098360656 0.03551912568306011