1 0.24737762237762237 0.8959790209790209 0.18706293706293706 0.20804195804195805
1 0.05856643356643357 0.9300699300699301 0.08216783216783216 0.13986013986013987
1 0.06293706293706294 0.7456293706293706 0.07342657342657342 0.2534965034965035
1 0.11975524475524475 0.7998251748251748 0.08916083916083917 0.40034965034965037
1 0.15384615384615385 0.7255244755244755 0.04895104895104895 0.14685314685314685
1 0.1853146853146853 0.7368881118881119 0.043706293706293704 0.13636363636363635
1 0.23426573426573427 0.7263986013986014 0.05419580419580419 0.12762237762237763
1 0.270979020979021 0.6940559440559441 0.055944055944055944 0.21153846153846154
1 0.3513986013986014 0.7185314685314685 0.11013986013986014 0.4562937062937063
1 0.4020979020979021 0.7342657342657343 0.0944055944055944 0.36013986013986016
1 0.4798951048951049 0.791083916083916 0.10314685314685315 0.4125874125874126
1 0.6284965034965035 0.9423076923076923 0.07167832167832168 0.10664335664335664
1 0.5664335664335665 0.6477272727272727 0.10139860139860139 0.42132867132867136
1 0.6188811188811189 0.6424825174825175 0.09265734265734266 0.4458041958041958
1 0.6765734265734266 0.708916083916084 0.10314685314685315 0.43006993006993005
1 0.722027972027972 0.9702797202797203 0.06643356643356643 0.04020979020979021
1 0.7578671328671329 0.8129370629370629 0.0979020979020979 0.3513986013986014
1 0.8645104895104895 0.7097902097902098 0.17832167832167833 0.548951048951049
1 0.9606643356643356 0.6232517482517482 0.07867132867132867 0.49125874125874125