1 0.027122641509433963 0.9062827225130891 0.054245283018867926 0.14659685863874344
1 0.8172169811320755 0.05680628272251309 0.06918238993710692 0.08900523560209424
1 0.392688679245283 0.6463350785340314 0.07940251572327044 0.13089005235602094
1 0.24724842767295596 0.8657068062827226 0.07861635220125786 0.10471204188481675
1 0.20440251572327045 0.393717277486911 0.07232704402515723 0.11047120418848168
1 0.9426100628930818 0.46701570680628274 0.07468553459119497 0.08900523560209424
1 0.4528301886792453 0.5861256544502618 0.07154088050314465 0.10157068062827225
1 0.264937106918239 0.36649214659685864 0.05110062893081761 0.09476439790575916
1 0.43514150943396224 0.3955497382198953 0.049528301886792456 0.08586387434554973
1 0.7374213836477987 0.7005235602094241 0.07783018867924528 0.0968586387434555
1 0.5074685534591195 0.23219895287958114 0.0660377358490566 0.07853403141361257
1 0.06525157232704402 0.4112565445026178 0.09984276729559749 0.13036649214659685
1 0.6757075471698113 0.3471204188481675 0.06446540880503145 0.10732984293193717
1 0.3632075471698113 0.3332460732984293 0.05345911949685535 0.07958115183246073
1 0.7551100628930818 0.2520942408376963 0.0699685534591195 0.12984293193717278
1 0.4481132075471698 0.21492146596858638 0.07311320754716981 0.09738219895287958
1 0.9933176100628931 0.06439790575916231 0.013364779874213837 0.08481675392670157
1 0.78812893081761 0.7761780104712042 0.07232704402515723 0.12513089005235603
1 0.4339622641509434 0.6879581151832461 0.0660377358490566 0.11780104712041885
1 0.2653301886792453 0.5193717277486911 0.05738993710691824 0.07172774869109948
1 0.5880503144654088 0.2413612565445026 0.05581761006289308 0.10052356020942409
1 0.9830974842767296 0.1905759162303665 0.03380503144654088 0.08795811518324607
1 0.8989779874213837 0.24921465968586387 0.06682389937106918 0.11413612565445026
1 0.34591194968553457 0.7808900523560209 0.09119496855345911 0.10314136125654451
1 0.19811320754716982 0.7327225130890053 0.060534591194968554 0.1094240837696335
1 0.6163522012578616 0.17146596858638743 0.050314465408805034 0.08534031413612565
1 0.23624213836477986 0.9520942408376963 0.09355345911949685 0.07696335078534032
1 0.5404874213836478 0.8015706806282723 0.09669811320754718 0.12827225130890052
1 0.33176100628930816 0.887434554973822 0.09119496855345911 0.11204188481675392
1 0.5247641509433962 0.5929319371727748 0.06761006289308176 0.09476439790575916
1 0.40644654088050314 0.3539267015706806 0.04481132075471698 0.06858638743455497
1 0.37303459119496857 0.40549738219895287 0.04716981132075472 0.07905759162303665
1 0.4893867924528302 0.8675392670157068 0.06446540880503145 0.09895287958115183
1 0.3529874213836478 0.6068062827225131 0.0440251572327044 0.08219895287958115
1 0.1949685534591195 0.856020942408377 0.04559748427672956 0.09476439790575916
1 0.9437893081761006 0.9274869109947644 0.04009433962264151 0.1450261780104712
1 0.8958333333333334 0.3565445026178011 0.06761006289308176 0.11780104712041885
1 0.8172169811320755 0.650261780104712 0.07389937106918239 0.12198952879581151
1 0.6505503144654088 0.25523560209424084 0.06289308176100629 0.09424083769633508
1 0.04009433962264151 0.5246073298429319 0.08018867924528301 0.1256544502617801
1 0.5397012578616353 0.3078534031413613 0.06446540880503145 0.08586387434554973
1 0.29323899371069184 0.6445026178010471 0.09119496855345911 0.10575916230366492
1 0.12735849056603774 0.5023560209424084 0.07232704402515723 0.1099476439790576
1 0.015330188679245283 0.7513089005235603 0.030660377358490566 0.1256544502617801
1 0.27240566037735847 0.7363874345549738 0.07389937106918239 0.10785340314136126
1 0.8463050314465409 0.768848167539267 0.05581761006289308 0.10837696335078534
1 0.12382075471698113 0.36047120418848166 0.06210691823899371 0.12931937172774868
1 0.8297955974842768 0.24214659685863874 0.06367924528301887 0.09109947643979058
1 0.5593553459119497 0.3094240837696335 0.06210691823899371 0.13664921465968585
1 0.6768867924528302 0.18952879581151832 0.05188679245283019 0.06753926701570681
1 0.3085691823899371 0.33952879581151835 0.05581761006289308 0.08900523560209424
1 0.24371069182389937 0.3018324607329843 0.05581761006289308 0.10314136125654451
1 0.7213050314465409 0.9510471204188482 0.05660377358490566 0.09528795811518324
1 0.7696540880503144 0.4819371727748691 0.049528301886792456 0.08638743455497382
1 0.9909591194968553 0.3345549738219895 0.018081761006289308 0.10157068062827225
1 0.7657232704402516 0.1130890052356021 0.05660377358490566 0.06753926701570681
1 0.8655660377358491 0.16570680628272252 0.06918238993710692 0.08219895287958115
1 0.6143867924528302 0.38403141361256543 0.0699685534591195 0.12774869109947645
1 0.9406446540880503 0.34528795811518326 0.06289308176100629 0.1324607329842932
1 0.7283805031446541 0.17617801047120418 0.05110062893081761 0.07225130890052356
1 0.5090408805031447 0.15759162303664923 0.05581761006289308 0.08272251308900523
1 0.1792452830188679 0.5138743455497382 0.08333333333333333 0.13664921465968585
1 0.37224842767295596 0.15392670157068064 0.06289308176100629 0.093717277486911
1 0.6977201257861635 0.512303664921466 0.10534591194968554 0.13350785340314136
1 0.6112421383647799 0.4719895287958115 0.040880503144654086 0.06439790575916231
1 0.5821540880503144 0.6164921465968587 0.05188679245283019 0.09424083769633508
1 0.6501572327044025 0.9128272251308901 0.050314465408805034 0.08638743455497382
1 0.7955974842767296 0.17643979057591622 0.054245283018867926 0.09581151832460733
1 0.42452830188679247 0.10916230366492147 0.046383647798742135 0.06963350785340314
1 0.43278301886792453 0.7979057591623037 0.08333333333333333 0.08848167539267016
1 0.12971698113207547 0.7447643979057592 0.08176100628930817 0.12460732984293194
1 0.30738993710691825 0.13979057591623037 0.03537735849056604 0.06282722513089005
1 0.4178459119496855 0.5214659685863874 0.06525157232704402 0.10366492146596859
1 0.9897798742138365 0.4324607329842932 0.020440251572327043 0.10785340314136126
1 0.8007075471698113 0.3240837696335079 0.05660377358490566 0.09319371727748692
1 0.43946540880503143 0.3078534031413613 0.04245283018867924 0.07853403141361257
1 0.31957547169811323 0.4081151832460733 0.0479559748427673 0.0743455497382199
1 0.7759433962264151 0.3693717277486911 0.059748427672955975 0.09319371727748692
1 0.6352201257861635 0.5683246073298429 0.0660377358490566 0.09790575916230367
1 0.5644654088050315 0.15942408376963352 0.04559748427672956 0.06858638743455497
1 0.4528301886792453 0.15078534031413612 0.041666666666666664 0.049214659685863874
1 0.3828616352201258 0.9680628272251309 0.05660377358490566 0.05759162303664921
1 0.027122641509433963 0.6361256544502618 0.054245283018867926 0.11413612565445026
1 0.36124213836477986 0.5358638743455497 0.04481132075471698 0.09267015706806282
1 0.9744496855345912 0.28717277486910997 0.05110062893081761 0.09581151832460733
1 0.5043238993710691 0.7204188481675393 0.09355345911949685 0.09947643979057591
1 0.3309748427672956 0.5031413612565445 0.05660377358490566 0.0905759162303665
1 0.8730345911949685 0.650523560209424 0.06839622641509434 0.09005235602094241
1 0.0959119496855346 0.5950261780104712 0.07940251572327044 0.10209424083769633
1 0.9477201257861635 0.06230366492146597 0.05738993710691824 0.08743455497382199
1 0.4363207547169811 0.9732984293193717 0.060534591194968554 0.05235602094240838
1 0.7095125786163522 0.8345549738219895 0.1069182389937107 0.1712041884816754
1 0.7566823899371069 0.625130890052356 0.0770440251572327 0.08219895287958115
1 0.6328616352201258 0.0630890052356021 0.06210691823899371 0.10471204188481675
1 0.648191823899371 0.1175392670157068 0.04559748427672956 0.06282722513089005
1 0.3958333333333333 0.22486910994764397 0.041666666666666664 0.0712041884816754
1 0.6694182389937107 0.7602094240837697 0.07075471698113207 0.08429319371727749
1 0.2720125786163522 0.4486910994764398 0.04874213836477988 0.08219895287958115
1 0.6662735849056604 0.625130890052356 0.05817610062893082 0.08795811518324607
1 0.7849842767295597 0.5607329842931937 0.05817610062893082 0.07905759162303665
1 0.8227201257861635 0.912565445026178 0.11242138364779874 0.17486910994764399
1 0.6010220125786163 0.3180628272251309 0.03773584905660377 0.06492146596858639
1 0.9319968553459119 0.1793193717277487 0.06367924528301887 0.07591623036649214
1 0.5086477987421384 0.9531413612565445 0.05660377358490566 0.093717277486911
1 0.5444182389937107 0.48795811518324606 0.0660377358490566 0.11204188481675392
1 0.6316823899371069 0.34528795811518326 0.05267295597484277 0.09005235602094241
1 0.664308176100629 0.9568062827225131 0.06761006289308176 0.08638743455497382
1 0.8360849056603774 0.5392670157068062 0.06132075471698113 0.1068062827225131
1 0.8765723270440252 0.45471204188481673 0.04716981132075472 0.06649214659685863
1 0.7366352201257862 0.43795811518324607 0.055031446540880505 0.08638743455497382
1 0.8997641509433962 0.9167539267015706 0.0809748427672956 0.16649214659685863
1 0.9948899371069182 0.2112565445026178 0.010220125786163521 0.08952879581151832
1 0.8769654088050315 0.06387434554973823 0.059748427672955975 0.0968586387434555
1 0.0695754716981132 0.7028795811518325 0.07311320754716981 0.11413612565445026
1 0.9418238993710691 0.6541884816753927 0.06132075471698113 0.09005235602094241
1 0.47602201257861637 0.9646596858638743 0.046383647798742135 0.07068062827225131
1 0.04834905660377359 0.3356020942408377 0.05660377358490566 0.08691099476439791
1 0.4791666666666667 0.3824607329842932 0.04559748427672956 0.0743455497382199
1 0.9135220125786163 0.7384816753926702 0.08018867924528301 0.12041884816753927
1 0.08294025157232704 0.17827225130890054 0.08647798742138364 0.12041884816753927
1 0.4772012578616352 0.29214659685863875 0.049528301886792456 0.061780104712041886
1 0.5424528301886793 0.6698952879581151 0.05581761006289308 0.0905759162303665
1 0.3671383647798742 0.2602094240837696 0.06839622641509434 0.09842931937172775
1 0.13875786163522014 0.24397905759162303 0.04323899371069182 0.08534031413612565
1 0.9351415094339622 0.7790575916230367 0.07232704402515723 0.09895287958115183
1 0.05699685534591195 0.040837696335078534 0.02908805031446541 0.08167539267015707
1 0.2055817610062893 0.21256544502617802 0.05188679245283019 0.13664921465968585
1 0.07783018867924528 0.9641361256544503 0.08176100628930817 0.03821989528795811
1 0.8985849056603774 0.8869109947643979 0.07783018867924528 0.13350785340314136
1 0.11988993710691824 0.6479057591623036 0.07075471698113207 0.08167539267015707
1 0.8294025157232704 0.38481675392670156 0.05188679245283019 0.09895287958115183
1 0.2617924528301887 0.1225130890052356 0.0479559748427673 0.0743455497382199
1 0.7739779874213837 0.987958115183246 0.06367924528301887 0.024083769633507852
1 0.4119496855345912 0.8952879581151832 0.04716981132075472 0.08272251308900523
1 0.4583333333333333 0.35130890052356023 0.03223270440251572 0.05549738219895288
1 0.3352987421383648 0.10706806282722513 0.04716981132075472 0.08167539267015707
1 0.7448899371069182 0.049738219895287955 0.06446540880503145 0.08167539267015707
1 0.14504716981132076 0.9549738219895288 0.055031446540880505 0.0612565445026178
1 0.9115566037735849 0.11047120418848168 0.059748427672955975 0.09476439790575916
1 0.5825471698113207 0.9332460732984293 0.07232704402515723 0.13350785340314136
1 0.5444182389937107 0.03926701570680628 0.041666666666666664 0.07068062827225131
1 0.09001572327044025 0.8892670157068063 0.07154088050314465 0.09738219895287958
1 0.13954402515723272 0.9465968586387434 0.031446540880503145 0.051832460732984295
1 0.15212264150943397 0.8952879581151832 0.040880503144654086 0.049738219895287955
1 0.1792452830188679 0.912303664921466 0.03223270440251572 0.034031413612565446
1 0.14504716981132076 0.8486910994764398 0.040880503144654086 0.050785340314136125
1 0.11281446540880503 0.819109947643979 0.03537735849056604 0.04764397905759162
1 0.15723270440251572 0.7986910994764398 0.04009433962264151 0.061780104712041886
1 0.0514937106918239 0.8130890052356021 0.036163522012578615 0.04764397905759162
1 0.02437106918238994 0.8157068062827225 0.041666666666666664 0.07225130890052356
1 0.2511792452830189 0.5916230366492147 0.0589622641509434 0.08115183246073299
1 0.21462264150943397 0.6159685863874346 0.041666666666666664 0.07486910994764398
1 0.1835691823899371 0.6301047120418848 0.05738993710691824 0.093717277486911
1 0.03852201257861635 0.26780104712041886 0.036949685534591194 0.06335078534031413
1 0.06800314465408805 0.25654450261780104 0.040880503144654086 0.06282722513089005
1 0.03341194968553459 0.20732984293193718 0.014150943396226415 0.05654450261780105
1 0.11831761006289308 0.12696335078534032 0.0330188679245283 0.041884816753926704
1 0.16391509433962265 0.1630890052356021 0.036163522012578615 0.061780104712041886
1 0.19103773584905662 0.1531413612565445 0.029874213836477988 0.028272251308900525
1 0.24017295597484276 0.21963350785340313 0.0330188679245283 0.04764397905759162
1 0.26926100628930816 0.2136125654450262 0.03223270440251572 0.048167539267015703
1 0.28341194968553457 0.2630890052356021 0.025943396226415096 0.03717277486910995
1 0.3018867924528302 0.28403141361256545 0.0479559748427673 0.03717277486910995
1 0.3596698113207547 0.2698952879581152 0.04245283018867924 0.04607329842931937
1 0.45754716981132076 0.23481675392670157 0.03852201257861635 0.05235602094240838
1 0.3187893081761006 0.2198952879581152 0.027515723270440252 0.030366492146596858
1 0.3011006289308176 0.19136125654450262 0.036949685534591194 0.040837696335078534
1 0.3278301886792453 0.17643979057591622 0.040880503144654086 0.03193717277486911
1 0.2429245283018868 0.18089005235602093 0.02437106918238994 0.028795811518324606
1 0.19261006289308177 0.12015706806282722 0.03773584905660377 0.041361256544502616
1 0.21501572327044025 0.10549738219895288 0.03537735849056604 0.03455497382198953
1 0.267688679245283 0.08848167539267016 0.025157232704402517 0.025654450261780103
1 0.22130503144654087 0.07670157068062827 0.03930817610062893 0.03821989528795811
1 0.16823899371069181 0.10418848167539267 0.029874213836477988 0.02356020942408377
1 0.17570754716981132 0.0856020942408377 0.026729559748427674 0.023036649214659685
1 0.17492138364779874 0.049214659685863874 0.02437106918238994 0.02356020942408377
1 0.19418238993710693 0.04842931937172775 0.0220125786163522 0.02356020942408377
1 0.15290880503144655 0.08141361256544502 0.04009433962264151 0.03717277486910995
1 0.1069182389937107 0.07146596858638743 0.02830188679245283 0.04554973821989529
1 0.1324685534591195 0.07486910994764398 0.02437106918238994 0.02356020942408377
1 0.12657232704402516 0.049214659685863874 0.029874213836477988 0.024083769633507852
1 0.09001572327044025 0.016230366492146597 0.030660377358490566 0.032460732984293195
1 0.11320754716981132 0.009947643979057591 0.025157232704402517 0.019895287958115182
1 0.1360062893081761 0.010471204188481676 0.029874213836477988 0.020942408376963352
1 0.14661949685534592 0.032460732984293195 0.027515723270440252 0.032984293193717276
1 0.19418238993710693 0.01099476439790576 0.036163522012578615 0.02198952879581152
1 0.22169811320754718 0.006544502617801047 0.026729559748427674 0.013089005235602094
1 0.6328616352201258 0.6633507853403141 0.06289308176100629 0.0612565445026178
1 0.648191823899371 0.7070680628272251 0.0479559748427673 0.050785340314136125
1 0.9736635220125787 0.7007853403141361 0.01650943396226415 0.040837696335078534
1 0.9587264150943396 0.5539267015706806 0.07075471698113207 0.09895287958115183
1 0.9874213836477987 0.512565445026178 0.025157232704402517 0.05340314136125655
1 0.9115566037735849 0.5031413612565445 0.036163522012578615 0.04764397905759162
1 0.976808176100629 0.11439790575916231 0.046383647798742135 0.05392670157068063
1 0.6808176100628931 0.034031413612565446 0.04716981132075472 0.0549738219895288
1 0.7185534591194969 0.017015706806282723 0.0330188679245283 0.01780104712041885
1 0.6591981132075472 0.010471204188481676 0.030660377358490566 0.009947643979057591
1 0.6014150943396226 0.018848167539267015 0.030660377358490566 0.031413612565445025
1 0.5621069182389937 0.023036649214659685 0.06682389937106918 0.04502617801047121
1 0.5043238993710691 0.028795811518324606 0.040880503144654086 0.03769633507853403
1 0.5102201257861635 0.07801047120418848 0.049528301886792456 0.06753926701570681
1 0.5558176100628931 0.08821989528795811 0.03537735849056604 0.050785340314136125
1 0.5872641509433962 0.1162303664921466 0.040880503144654086 0.05340314136125655
1 0.4724842767295597 0.11020942408376963 0.04245283018867924 0.041884816753926704
1 0.4414308176100629 0.052094240837696336 0.05188679245283019 0.05706806282722513
1 0.37303459119496857 0.03586387434554974 0.03380503144654088 0.03664921465968586
1 0.37657232704402516 0.07801047120418848 0.03930817610062893 0.049214659685863874
1 0.39740566037735847 0.059162303664921465 0.0330188679245283 0.03507853403141361
1 0.4025157232704403 0.020680628272251308 0.031446540880503145 0.041361256544502616
1 0.4264937106918239 0.015706806282722512 0.027515723270440252 0.031413612565445025
1 0.4583333333333333 0.016230366492146597 0.040880503144654086 0.032460732984293195
1 0.4921383647798742 0.002617801047120419 0.0220125786163522 0.005235602094240838
1 0.5141509433962265 0.012041884816753926 0.029874213836477988 0.024083769633507852
1 0.35888364779874216 0.007068062827225131 0.02908805031446541 0.014136125654450262
1 0.3400157232704403 0.0020942408376963353 0.03380503144654088 0.004188481675392671
1 0.3018867924528302 0.025916230366492148 0.03459119496855346 0.051832460732984295
1 0.3187893081761006 0.015445026178010472 0.027515723270440252 0.030890052356020943
1 0.28144654088050314 0.009424083769633508 0.029874213836477988 0.018848167539267015
1 0.2566823899371069 0.032722513089005235 0.046383647798742135 0.06544502617801047
1 0.2496069182389937 0.07329842931937172 0.01650943396226415 0.020942408376963352
1 0.2849842767295597 0.07591623036649214 0.02122641509433962 0.020418848167539267