1 0.19868473895582328 0.7666133333333334 0.07900602409638555 0.13220666666666667
1 0.09476907630522088 0.65356 0.0632128514056225 0.18505333333333332
1 0.5513052208835342 0.81586 0.2855622489959839 0.2644066666666667
1 0.6998895582329318 0.72496 0.10938755020080322 0.15668666666666667
1 0.7917068273092369 0.7162266666666666 0.06389558232931727 0.13921333333333333
1 0.8510240963855422 0.7131200000000001 0.06795180722891567 0.12699333333333335
1 0.9431927710843373 0.7551866666666667 0.1136144578313253 0.1831066666666667
1 0.814136546184739 0.5726533333333333 0.05519076305220883 0.1235
1 0.7305421686746988 0.6152799999999999 0.038323293172690766 0.06152
1 0.8569678714859438 0.532 0.03666666666666667 0.11137333333333334
1 0.9349497991967872 0.51784 0.08696787148594377 0.09860666666666666
1 0.9196385542168675 0.6093533333333333 0.04890562248995984 0.055586666666666666
1 0.6259638554216868 0.6756066666666667 0.0509136546184739 0.08928
1 0.2630321285140562 0.6789066666666667 0.03642570281124498 0.0692
1 0.28780120481927707 0.6665533333333333 0.021967871485943775 0.03164666666666666
1 0.38796184738955825 0.6295666666666667 0.03031124497991968 0.04464
1 0.4244578313253012 0.6125866666666666 0.042409638554216866 0.06544
1 0.1235843373493976 0.7801266666666667 0.0635140562248996 0.06455333333333334
1 0.5902510040160642 0.5439 0.030793172690763055 0.04394666666666667
1 0.5453012048192771 0.57516 0.025622489959839356 0.03896
1 0.33350401606425706 0.6898533333333333 0.045230923694779115 0.05628666666666667
1 0.3828413654618474 0.6865333333333333 0.03961847389558233 0.04444666666666667