1 0.14407407407407408 0.62142152023692 0.03481481481481481 0.06416584402764067
1 0.16814814814814816 0.7152023692003948 0.0637037037037037 0.12882527147087858
1 0.48962962962962964 0.7309970384995064 0.044444444444444446 0.08045409674234946
1 0.8655555555555555 0.9758144126357354 0.05703703703703704 0.04837117472852912
1 0.4140740740740741 0.883761105626851 0.08666666666666667 0.13376110562685095
1 0.5974074074074074 0.9543435340572557 0.07481481481481482 0.09131293188548864
1 0.25592592592592595 0.934106614017769 0.08888888888888889 0.11846001974333663
1 0.2803703703703704 0.8319348469891412 0.07037037037037037 0.10118460019743336
1 0.01888888888888889 0.7606120434353406 0.03777777777777778 0.10463968410661402
1 0.03259259259259259 0.8911648568608095 0.06518518518518518 0.18114511352418558
1 0.09222222222222222 0.9494076999012833 0.07555555555555556 0.07650542941757157
1 0.30333333333333334 0.7193978282329714 0.08962962962962963 0.12931885488647582
1 0.1711111111111111 0.4378084896347483 0.04148148148148148 0.06268509378084897
1 0.20037037037037037 0.40301085883514315 0.025925925925925925 0.04590325765054294
1 0.17888888888888888 0.39264560710760116 0.02666666666666667 0.0315893385982231
1 0.6781481481481482 0.8593287265547878 0.06518518518518518 0.08440276406712735
1 0.6103703703703703 0.8840078973346496 0.04962962962962963 0.05231984205330701
1 0.5 0.8408193484698914 0.06962962962962962 0.08687068114511352
1 0.48 0.9410167818361304 0.07333333333333333 0.10562685093780849
1 0.6607407407407407 0.9499012833168805 0.06814814814814815 0.10019743336623889
1 0.7377777777777778 0.9684106614017769 0.06666666666666667 0.0631786771964462
1 0.9488888888888889 0.851431391905232 0.04296296296296296 0.04146100691016782
1 0.7751851851851852 0.8269990128331688 0.056296296296296296 0.0686080947680158
1 0.7262962962962963 0.84106614017769 0.04518518518518518 0.06465942744323791
1 0.7818518518518518 0.910167818361303 0.04148148148148148 0.05972359328726555
1 0.43296296296296294 0.7744323790720632 0.04888888888888889 0.08687068114511352
1 0.5011111111111111 0.7820829220138203 0.04296296296296296 0.023692003948667325
1 0.5355555555555556 0.7467917077986179 0.05185185185185185 0.08045409674234946
1 0.5840740740740741 0.7509871668311945 0.028888888888888888 0.04244817374136229
1 0.38481481481481483 0.6917571569595261 0.06814814814814815 0.07996051332675222
1 0.3514814814814815 0.8237907206317868 0.06 0.07502467917077986
1 0.3488888888888889 0.8995557749259625 0.054814814814814816 0.08390918065153011
1 0.21 0.8593287265547878 0.08 0.07255676209279369
1 0.15444444444444444 0.9521224086870681 0.06962962962962962 0.07502467917077986
1 0.20444444444444446 0.972852912142152 0.04814814814814815 0.03652517275419546
1 0.36444444444444446 0.9629812438302073 0.06962962962962962 0.06762092793682133
1 0.10888888888888888 0.6122902270483712 0.05407407407407407 0.09378084896347483
1 0.17037037037037037 0.5927936821322803 0.07333333333333333 0.0824284304047384
1 0.0337037037037037 0.4997532082922014 0.0674074074074074 0.08144126357354393
1 0.015555555555555555 0.4390424481737414 0.025925925925925925 0.03652517275419546
1 0.11370370370370371 0.36229022704837116 0.02 0.022211253701875617
1 0.2325925925925926 0.4765547877591313 0.03333333333333333 0.040473840078973346
1 0.24407407407407408 0.4420039486673248 0.013333333333333334 0.017769002961500493
1 0.3925925925925926 0.513573543928924 0.02962962962962963 0.04343534057255676
1 0.3951851851851852 0.6196939782823297 0.0437037037037037 0.061697926949654494
1 0.45555555555555555 0.5952615992102666 0.03481481481481481 0.07897334649555775
1 0.4662962962962963 0.5315893385982231 0.017037037037037038 0.02171767028627838
1 0.45296296296296296 0.5249259624876604 0.014814814814814815 0.011846001974333662
1 0.4362962962962963 0.5162882527147088 0.012592592592592593 0.008884501480750246
1 0.4051851851851852 0.5372655478775913 0.016296296296296295 0.02418558736426456
1 0.42148148148148146 0.569101678183613 0.03037037037037037 0.018756169792694965
1 0.49407407407407405 0.5661401776900297 0.014074074074074074 0.020236920039486673
1 0.4981481481481482 0.5370187561697927 0.016296296296296295 0.015301085883514315
1 0.5151851851851852 0.5572556762092794 0.012592592592592593 0.01085883514313919
1 0.5151851851851852 0.6347482724580454 0.03037037037037037 0.0686080947680158
1 0.6122222222222222 0.6964461994076999 0.024444444444444446 0.017275419545903257
1 0.6296296296296297 0.6813919052319842 0.022222222222222223 0.022704837117472853
1 0.6322222222222222 0.6451135241855873 0.02148148148148148 0.018756169792694965
1 0.6277777777777778 0.6236426456071076 0.025185185185185185 0.02566633761105627
1 0.6785185185185185 0.6732477788746298 0.0362962962962963 0.056762092793682134
1 0.7277777777777777 0.6932379072063178 0.02666666666666667 0.03356367226061204
1 0.7233333333333334 0.6473346495557749 0.034074074074074076 0.033070088845014806
1 0.7522222222222222 0.656959526159921 0.02148148148148148 0.02912142152023692
1 0.6855555555555556 0.7344521224086871 0.052592592592592594 0.052813425468904246
1 0.6214814814814815 0.730009871668312 0.04888888888888889 0.05577492596248766
1 0.6248148148148148 0.7902270483711747 0.057777777777777775 0.06762092793682133
1 0.7096296296296296 0.7912142152023692 0.037037037037037035 0.040473840078973346
1 0.7192592592592593 0.7640671273445212 0.03851851851851852 0.02171767028627838
1 0.7525925925925926 0.7694965449160909 0.03333333333333333 0.04590325765054294
1 0.7918518518518518 0.7657946692991116 0.0437037037037037 0.054294175715695954
1 0.817037037037037 0.782329713721619 0.02148148148148148 0.03257650542941757
1 0.8340740740740741 0.8427936821322803 0.04296296296296296 0.07798617966436328
1 0.8681481481481481 0.8460019743336624 0.042222222222222223 0.08588351431391905
1 0.9037037037037037 0.8919052319842053 0.0362962962962963 0.04146100691016782
1 0.8111111111111111 0.9536031589338598 0.05407407407407407 0.041954590325765054
1 0.9511111111111111 0.942497532082922 0.03481481481481481 0.06712734452122408
1 0.9211111111111111 0.9338598223099703 0.040740740740740744 0.055281342546890426
1 0.9340740740740741 0.8891905231984205 0.02962962962962963 0.038005923000987166
1 0.9203703703703704 0.7778874629812438 0.028888888888888888 0.04343534057255676
1 0.8685185185185185 0.7110069101678184 0.03185185185185185 0.044422507403751234
1 0.8248148148148148 0.7193978282329714 0.03481481481481481 0.043928923988154
1 0.9011111111111111 0.7124876604146101 0.03185185185185185 0.038005923000987166
1 0.9351851851851852 0.7174234945705824 0.028888888888888888 0.03405725567620928
1 0.9677777777777777 0.7297630799605134 0.02666666666666667 0.0315893385982231
1 0.9692592592592593 0.7746791707798618 0.022222222222222223 0.040473840078973346
1 0.8877777777777778 0.7401283316880553 0.024444444444444446 0.02912142152023692
1 0.835925925925926 0.7690029615004936 0.04666666666666667 0.05725567620927937
1 0.8629629629629629 0.7458045409674235 0.018518518518518517 0.02171767028627838
1 0.5418518518518518 0.6115498519249754 0.022962962962962963 0.023692003948667325
1 0.5477777777777778 0.642152023692004 0.02148148148148148 0.031095755182625865
1 0.5674074074074074 0.6473346495557749 0.017777777777777778 0.02319842053307009
1 0.42777777777777776 0.6332675222112537 0.03925925925925926 0.0562685093780849
1 0.48962962962962964 0.6527640671273445 0.03333333333333333 0.06268509378084897
1 0.4559259259259259 0.6774432379072063 0.040740740740740744 0.06120434353405726
1 0.3440740740740741 0.56071076011846 0.023703703703703703 0.022704837117472853
1 0.3244444444444444 0.5545409674234946 0.01925925925925926 0.01678183613030602
1 0.30333333333333334 0.5594768015794669 0.02074074074074074 0.027147087857847977
1 0.34814814814814815 0.4898815399802567 0.02666666666666667 0.02912142152023692
1 0.33185185185185184 0.49629812438302073 0.022962962962962963 0.02418558736426456
1 0.3537037037037037 0.5204837117472852 0.022962962962962963 0.022704837117472853
1 0.4192592592592593 0.5436821322803553 0.022962962962962963 0.01579466929911155
1 0.3125925925925926 0.5318361303060217 0.03185185185185185 0.02912142152023692
1 0.3 0.4723593287265548 0.02074074074074074 0.02912142152023692
1 0.2833333333333333 0.46915103652517276 0.018518518518518517 0.01085883514313919
1 0.25555555555555554 0.4459526159921027 0.016296296296296295 0.01826258637709773
1 0.07222222222222222 0.31860809476801577 0.024444444444444446 0.033070088845014806