1 0.6359325605900948 0.9204905063291139 0.04636459430979979 0.15901898734177214
1 0.6696522655426765 0.7852056962025317 0.025816649104320338 0.07278481012658228
1 0.07876712328767123 0.6447784810126582 0.04056902002107481 0.1194620253164557
1 0.19810326659641728 0.6384493670886076 0.033192834562697573 0.09731012658227849
1 0.0779768177028451 0.49683544303797467 0.02845100105374078 0.09335443037974683
1 0.22418335089567967 0.5213607594936709 0.03582718651211802 0.1115506329113924
1 0.3303477344573235 0.5850474683544303 0.026870389884088516 0.07041139240506329
1 0.34852476290832457 0.3061708860759494 0.02160168598524763 0.048259493670886076
1 0.1380400421496312 0.7745253164556962 0.10432033719704953 0.40110759493670883
1 0.8864594309799789 0.7341772151898734 0.011591148577449948 0.02689873417721519
1 0.17360379346680715 0.4810126582278481 0.0368809272918862 0.1305379746835443
1 0.5321390937829295 0.8738132911392406 0.04847207586933614 0.252373417721519
1 0.2992623814541623 0.7958860759493671 0.0732349841938883 0.3813291139240506
1 0.051106427818756586 0.41574367088607594 0.033192834562697573 0.09414556962025317
1 0.9502107481559536 0.8781645569620253 0.07850368809272919 0.24367088607594936
1 0.013962065331928345 0.40664556962025317 0.02528977871443625 0.07832278481012658
1 0.273972602739726 0.5783227848101266 0.030558482613277135 0.10363924050632911
1 0.6406743940990516 0.7899525316455697 0.0273972602739726 0.09731012658227849
1 0.5756059009483667 0.9319620253164557 0.052160168598524764 0.1360759493670886
1 0.3698630136986301 0.8583860759493671 0.06691253951527924 0.2674050632911392
1 0.3590621707060063 0.5423259493670886 0.022128556375131718 0.07436708860759493
1 0.28872497365648053 0.40348101265822783 0.01422550052687039 0.03401898734177215
1 0.12065331928345627 0.44699367088607594 0.026870389884088516 0.08623417721518987
1 0.9278187565858799 0.6831487341772152 0.016332982086406742 0.04430379746835443
1 0.6675447839831401 0.6451740506329114 0.0184404636459431 0.04588607594936709
1 0.6649104320337197 0.9054588607594937 0.0273972602739726 0.09098101265822785
1 0.5914120126448894 0.6340981012658228 0.014752370916754479 0.03955696202531646
1 0.3890937829293994 0.6665348101265823 0.029504741833508957 0.10996835443037975
1 0.446522655426765 0.7290348101265823 0.10063224446786091 0.5395569620253164
1 0.6949420442571127 0.964003164556962 0.02423603793466807 0.07199367088607594
1 0.7615911485774499 0.9331487341772152 0.0458377239199157 0.1337025316455696
1 0.6712328767123288 0.8204113924050633 0.014752370916754479 0.040348101265822785
1 0.589041095890411 0.8113132911392406 0.026343519494204427 0.0949367088607595
1 0.5661222339304531 0.8081487341772152 0.023182297154899896 0.11392405063291139
1 0.5742887249736565 0.6712816455696202 0.011591148577449948 0.051424050632911396
1 0.5885142255005269 0.7266613924050633 0.007376185458377239 0.023734177215189875
1 0.5727081138040042 0.714003164556962 0.011064278187565859 0.04430379746835443
1 0.6098524762908325 0.7432753164556962 0.020021074815595362 0.06645569620253164
1 0.6235511064278187 0.7622626582278481 0.018967334035827187 0.05775316455696203
1 0.6095890410958904 0.807753164556962 0.0136986301369863 0.03955696202531646
1 0.5115911485774499 0.7440664556962026 0.03530031612223393 0.1360759493670886
1 0.5384615384615384 0.7721518987341772 0.023182297154899896 0.08544303797468354
1 0.03582718651211802 0.678006329113924 0.07165437302423604 0.5743670886075949
1 0.530031612223393 0.6483386075949367 0.02845100105374078 0.10205696202531646
1 0.5010537407797682 0.646756329113924 0.01053740779768177 0.043512658227848104
1 0.5092202318229716 0.6210443037974683 0.01422550052687039 0.05933544303797468
1 0.5566385669125395 0.6364715189873418 0.011591148577449948 0.04509493670886076
1 0.571127502634352 0.6301424050632911 0.012644889357218124 0.043512658227848104
1 0.5840358271865121 0.6756329113924051 0.009483667017913594 0.03560126582278481
1 0.6001053740779768 0.6669303797468354 0.014752370916754479 0.04667721518987342
1 0.6085353003161222 0.6831487341772152 0.00684931506849315 0.029272151898734177
1 0.6135405690200211 0.694620253164557 0.007903055848261328 0.01740506329113924
1 0.6224973656480506 0.6641613924050633 0.014752370916754479 0.056962025316455694
1 0.6240779768177028 0.7179588607594937 0.008429926238145416 0.03401898734177215
1 0.6290832455216017 0.7096518987341772 0.007903055848261328 0.03481012658227848
1 0.6459430979978925 0.6985759493670886 0.016332982086406742 0.04588607594936709
1 0.660695468914647 0.6985759493670886 0.0136986301369863 0.05617088607594937
1 0.6693888303477344 0.7009493670886076 0.008956796628029505 0.03164556962025317
1 0.678872497365648 0.6965981012658228 0.013171759747102213 0.049841772151898736
1 0.7038988408851422 0.7238924050632911 0.010010537407797681 0.037183544303797465
1 0.7652792413066386 0.7424841772151899 0.02107481559536354 0.061708860759493674
1 0.7518440463645943 0.7068829113924051 0.012118018967334035 0.03481012658227848
1 0.7755532139093783 0.7223101265822784 0.011064278187565859 0.02531645569620253
1 0.7608008429926238 0.6934335443037974 0.007903055848261328 0.022943037974683545
1 0.7671232876712328 0.6914556962025317 0.00684931506849315 0.0245253164556962
1 0.7795047418335089 0.6704905063291139 0.011591148577449948 0.04272151898734177
1 0.7049525816649105 0.6606012658227848 0.009483667017913594 0.03955696202531646
1 0.6970495258166491 0.6503164556962026 0.008429926238145416 0.03243670886075949
1 0.6767650158061117 0.6257911392405063 0.008429926238145416 0.0245253164556962
1 0.6865121180189674 0.6123417721518988 0.008956796628029505 0.02689873417721519
1 0.7162802950474183 0.6186708860759493 0.010010537407797681 0.0379746835443038
1 0.7149631190727082 0.6590189873417721 0.006322444678609062 0.022943037974683545
1 0.726290832455216 0.6700949367088608 0.008429926238145416 0.02531645569620253
1 0.7344573234984194 0.6693037974683544 0.008956796628029505 0.028481012658227847
1 0.726027397260274 0.649129746835443 0.007376185458377239 0.01977848101265823
1 0.7373551106427819 0.6135284810126582 0.01053740779768177 0.03243670886075949
1 0.7623814541622761 0.658623417721519 0.008956796628029505 0.0379746835443038
1 0.7942571127502634 0.7333860759493671 0.015279241306638568 0.03401898734177215
1 0.7863540569020021 0.7159810126582279 0.011064278187565859 0.04113924050632911
1 0.7966280295047419 0.7045094936708861 0.01053740779768177 0.029272151898734177
1 0.8124341412012644 0.7361550632911392 0.01422550052687039 0.0379746835443038
1 0.8298208640674394 0.725870253164557 0.015279241306638568 0.041930379746835444
1 0.8424657534246576 0.7333860759493671 0.005795574288724974 0.020569620253164556
1 0.8840885142255005 0.7678006329113924 0.01791359325605901 0.04113924050632911
1 0.8514225500526871 0.8010284810126582 0.012118018967334035 0.043512658227848104
1 0.8443097997892518 0.8512658227848101 0.015806111696522657 0.06408227848101265
1 0.8282402528977871 0.8568037974683544 0.02792413066385669 0.09335443037974683
1 0.8933087460484721 0.8876582278481012 0.04373024236037935 0.12974683544303797
1 0.7291886195995785 0.9058544303797469 0.02792413066385669 0.0893987341772152
1 0.6933614330874605 0.8291139240506329 0.02107481559536354 0.08227848101265822
1 0.708904109589041 0.8271360759493671 0.020021074815595362 0.10126582278481013
1 0.7363013698630136 0.8037974683544303 0.02423603793466807 0.08465189873417721
1 0.7876712328767124 0.8334651898734177 0.01422550052687039 0.038765822784810125
1 0.7905690200210748 0.7784810126582279 0.011064278187565859 0.03481012658227848
1 0.9891991570073762 0.7416930379746836 0.007376185458377239 0.0379746835443038
1 0.9607481559536354 0.7353639240506329 0.015279241306638568 0.041930379746835444
1 0.9765542676501581 0.7290348101265823 0.012644889357218124 0.04272151898734177
1 0.9185985247629084 0.7416930379746836 0.007903055848261328 0.01740506329113924
1 0.9623287671232876 0.6617879746835443 0.011064278187565859 0.028481012658227847
1 0.9765542676501581 0.6617879746835443 0.013171759747102213 0.030063291139240507
1 0.9644362486828241 0.6376582278481012 0.007376185458377239 0.0245253164556962
1 0.9773445732349842 0.6329113924050633 0.012118018967334035 0.02610759493670886
1 0.934668071654373 0.6495253164556962 0.010010537407797681 0.028481012658227847
1 0.8875131717597471 0.6677215189873418 0.0184404636459431 0.04430379746835443
1 0.8730242360379347 0.6669303797468354 0.011591148577449948 0.027689873417721517
1 0.9072708113804004 0.6455696202531646 0.007903055848261328 0.0245253164556962
1 0.9409905163329821 0.7337816455696202 0.008956796628029505 0.028481012658227847
1 0.9117492096944152 0.6795886075949367 0.010010537407797681 0.022943037974683545
1 0.8134878819810326 0.7049050632911392 0.011591148577449948 0.030854430379746837
1 0.8169125395152792 0.678006329113924 0.011064278187565859 0.02531645569620253
1 0.797945205479452 0.6807753164556962 0.010010537407797681 0.029272151898734177
1 0.797154899894626 0.6507120253164557 0.00684931506849315 0.022943037974683545
1 0.8061116965226555 0.6313291139240507 0.007903055848261328 0.029272151898734177
1 0.8445732349841939 0.6696993670886076 0.012118018967334035 0.030063291139240507
1 0.8327186512118019 0.6602056962025317 0.00684931506849315 0.02610759493670886
1 0.827713382507903 0.6079905063291139 0.011064278187565859 0.03322784810126582
1 0.8561643835616438 0.6317246835443038 0.009483667017913594 0.0245253164556962
1 0.8595890410958904 0.6479430379746836 0.011064278187565859 0.029272151898734177
1 0.8474710221285564 0.6471518987341772 0.007903055848261328 0.01819620253164557
1 0.8898840885142255 0.6305379746835443 0.007903055848261328 0.023734177215189875
1 0.9025289778714436 0.6210443037974683 0.00684931506849315 0.01740506329113924
1 0.9009483667017913 0.6075949367088608 0.007903055848261328 0.0189873417721519
1 0.8864594309799789 0.6071993670886076 0.008429926238145416 0.022943037974683545
1 0.8722339304531085 0.6170886075949367 0.005795574288724974 0.014240506329113924
1 0.8735511064278187 0.5988924050632911 0.008429926238145416 0.030854430379746837
1 0.8627502634351949 0.5957278481012658 0.009483667017913594 0.03243670886075949
1 0.8559009483667018 0.6115506329113924 0.009483667017913594 0.021360759493670885
1 0.8385142255005269 0.600870253164557 0.007376185458377239 0.01819620253164557
1 0.80927291886196 0.5712025316455697 0.007903055848261328 0.023734177215189875
1 0.7813487881981033 0.6016613924050633 0.006322444678609062 0.01740506329113924
1 0.7932033719704953 0.5929588607594937 0.005795574288724974 0.01661392405063291
1 0.791622760800843 0.6261867088607594 0.011064278187565859 0.02610759493670886
1 0.7829293993677555 0.6265822784810127 0.007376185458377239 0.020569620253164556
1 0.7565858798735511 0.6119462025316456 0.007376185458377239 0.022943037974683545
1 0.7660695468914647 0.5826740506329114 0.011064278187565859 0.029272151898734177
1 0.7744994731296101 0.6052215189873418 0.006322444678609062 0.01661392405063291
1 0.7413066385669126 0.5743670886075949 0.008429926238145416 0.0245253164556962