1 0.18686006825938567 0.8796928327645052 0.17235494880546076 0.24061433447098976
1 0.01877133105802048 0.9069965870307167 0.03754266211604096 0.18600682593856654
1 0.02218430034129693 0.6988054607508533 0.04436860068259386 0.2440273037542662
1 0.0674061433447099 0.7815699658703071 0.06655290102389079 0.43686006825938567
1 0.10494880546075085 0.6851535836177475 0.040955631399317405 0.1416382252559727
1 0.1348122866894198 0.6979522184300341 0.03583617747440273 0.13139931740614336
1 0.18344709897610922 0.6902730375426621 0.04607508532423208 0.12286689419795221
1 0.22098976109215018 0.6604095563139932 0.04436860068259386 0.20477815699658702
1 0.2977815699658703 0.6885665529010239 0.08532423208191127 0.44197952218430037
1 0.3464163822525597 0.7064846416382252 0.07337883959044368 0.34812286689419797
1 0.4197952218430034 0.765358361774744 0.08020477815699659 0.3993174061433447
1 0.4087030716723549 0.9735494880546075 0.06313993174061433 0.052901023890784986
1 0.5563139931740614 0.9351535836177475 0.06484641638225255 0.1296928327645051
1 0.5110921501706485 0.6305460750853242 0.07849829351535836 0.40784982935153585
1 0.5622866894197952 0.6279863481228669 0.06825938566552901 0.431740614334471
1 0.6151877133105802 0.6953924914675768 0.07849829351535836 0.41638225255972694
1 0.6459044368600683 0.9675767918088737 0.06313993174061433 0.06484641638225255
1 0.689419795221843 0.8156996587030717 0.07849829351535836 0.36860068259385664
1 0.7986348122866894 0.7209897610921502 0.14675767918088736 0.5580204778156996
1 0.9180887372013652 0.6279863481228669 0.09215017064846416 0.4761092150170648
1 0.9786689419795221 0.6689419795221843 0.042662116040955635 0.46757679180887374