1 0.7692972350230415 0.9607081174438687 0.04665898617511521 0.07858376511226252
1 0.8032834101382489 0.8588082901554405 0.02707373271889401 0.07858376511226252
1 0.15552995391705068 0.7227979274611399 0.043202764976958526 0.12953367875647667
1 0.2857142857142857 0.7124352331606217 0.03513824884792627 0.10535405872193437
1 0.15264976958525345 0.5613126079447323 0.029953917050691243 0.10103626943005181
1 0.3127880184331797 0.5837651122625216 0.038018433179723504 0.12089810017271158
1 0.42972350230414746 0.6502590673575129 0.02880184331797235 0.07599309153713299
1 0.44585253456221197 0.3454231433506045 0.02304147465437788 0.05181347150259067
1 0.22292626728110598 0.8164939550949913 0.10714285714285714 0.3436960276338515
1 0.2572004608294931 0.5410189982728842 0.03859447004608295 0.14162348877374784
1 0.6555299539170507 0.9110535405872193 0.04723502304147465 0.17789291882556132
1 0.3994815668202765 0.8350604490500864 0.07315668202764977 0.3229706390328152
1 0.12211981566820276 0.4736614853195164 0.03513824884792627 0.10189982728842832
1 0.08064516129032258 0.4650259067357513 0.02880184331797235 0.0846286701208981
1 0.3680875576036866 0.6446459412780656 0.03168202764976959 0.11226252158894647
1 0.7713133640552995 0.8652849740932642 0.02880184331797235 0.10621761658031088
1 0.7033410138248848 0.9740932642487047 0.052995391705069124 0.05181347150259067
1 0.47753456221198154 0.9011226252158895 0.06797235023041474 0.19775474956822106
1 0.4605414746543779 0.6027633851468048 0.02304147465437788 0.08117443868739206
1 0.3819124423963134 0.4529360967184801 0.014976958525345621 0.03626943005181347
1 0.19873271889400923 0.5056131260794473 0.028225806451612902 0.09326424870466321
1 0.7992511520737328 0.7063903281519862 0.019585253456221197 0.04922279792746114
1 0.7992511520737328 0.9702072538860104 0.028225806451612902 0.05958549222797927
1 0.7157258064516129 0.6964594127806563 0.01555299539170507 0.04231433506044905
1 0.49481566820276496 0.7374784110535406 0.03110599078341014 0.11917098445595854
1 0.559331797235023 0.7551813471502591 0.10138248847926268 0.4896373056994819
1 0.9066820276497696 0.9723661485319517 0.04608294930875576 0.055267702936096716
1 0.8052995391705069 0.8976683937823834 0.01555299539170507 0.04404145077720207
1 0.7154377880184332 0.8898963730569949 0.027649769585253458 0.10276338514680483
1 0.6900921658986175 0.886873920552677 0.023617511520737326 0.1234887737478411
1 0.6975806451612904 0.7374784110535406 0.012096774193548387 0.05613126079447323
1 0.7137096774193549 0.7974956822107081 0.008064516129032258 0.025906735751295335
1 0.6964285714285714 0.7841105354058722 0.01152073732718894 0.04835924006908463
1 0.7370391705069125 0.8151986183074266 0.02131336405529954 0.07167530224525043
1 0.7525921658986175 0.8354922279792746 0.020161290322580645 0.06217616580310881
1 0.7376152073732719 0.8855785837651122 0.014400921658986175 0.04231433506044905
1 0.6298963133640553 0.8186528497409327 0.03686635944700461 0.14766839378238342
1 0.6595622119815668 0.8484455958549223 0.024193548387096774 0.0924006908462867
1 0.07200460829493087 0.7128670120898101 0.14400921658986174 0.5362694300518135
1 0.648905529953917 0.7137305699481865 0.029953917050691243 0.11053540587219343
1 0.6169354838709677 0.7128670120898101 0.010944700460829493 0.047495682210708115
1 0.6255760368663594 0.6843696027633851 0.014400921658986175 0.06390328151986183
1 0.6777073732718893 0.6999136442141624 0.012672811059907835 0.04835924006908463
1 0.6932603686635944 0.6925734024179621 0.013824884792626729 0.047495682210708115
1 0.7082373271889401 0.7417962003454232 0.009792626728110598 0.038860103626943004
1 0.7255184331797235 0.7318652849740933 0.01555299539170507 0.05008635578583765
1 0.7350230414746544 0.7495682210708118 0.0069124423963133645 0.031088082901554404
1 0.7404953917050692 0.7616580310880829 0.008640552995391706 0.018998272884283247
1 0.75 0.7284110535405872 0.014976958525345621 0.06217616580310881
1 0.7523041474654378 0.7867012089810017 0.009216589861751152 0.037132987910189985
1 0.7577764976958525 0.7776338514680483 0.008064516129032258 0.037996545768566495
1 0.7759216589861752 0.7651122625215889 0.01728110599078341 0.04922279792746114
1 0.7920506912442397 0.7646804835924007 0.014400921658986175 0.0613126079447323
1 0.8018433179723502 0.7668393782383419 0.009792626728110598 0.03454231433506045
1 0.8119239631336406 0.7620898100172712 0.013824884792626729 0.054404145077720206
1 0.839573732718894 0.7910189982728842 0.010368663594470046 0.04058721934369603
1 0.907258064516129 0.8095854922279793 0.022465437788018433 0.06735751295336788
1 0.8919930875576036 0.7715889464594128 0.012672811059907835 0.037996545768566495
1 0.9179147465437788 0.7875647668393783 0.01152073732718894 0.02677029360967185
1 0.9017857142857143 0.7564766839378239 0.008064516129032258 0.025043177892918825
1 0.908410138248848 0.7543177892918825 0.007488479262672811 0.02677029360967185
1 0.9216589861751152 0.7305699481865285 0.012096774193548387 0.046632124352331605
1 0.8401497695852534 0.7223661485319517 0.009792626728110598 0.04231433506044905
1 0.8315092165898618 0.711139896373057 0.008640552995391706 0.03540587219343696
1 0.8090437788018433 0.6848013816925734 0.009216589861751152 0.02677029360967185
1 0.8194124423963134 0.6696891191709845 0.009792626728110598 0.02849740932642487
1 0.8519585253456221 0.6761658031088082 0.010368663594470046 0.04058721934369603
1 0.851094470046083 0.7197754749568221 0.0069124423963133645 0.025043177892918825
1 0.863479262672811 0.7318652849740933 0.009216589861751152 0.027633851468048358
1 0.8724078341013825 0.7305699481865285 0.009216589861751152 0.031088082901554404
1 0.8631912442396313 0.7089810017271158 0.008064516129032258 0.02072538860103627
1 0.875 0.6696891191709845 0.01152073732718894 0.03540587219343696
1 0.9029377880184332 0.7184801381692574 0.009216589861751152 0.04145077720207254
1 0.9386520737327189 0.7987910189982729 0.016129032258064516 0.037132987910189985
1 0.9300115207373272 0.7802245250431779 0.01152073732718894 0.04404145077720207
1 0.9409562211981567 0.7672711571675302 0.01152073732718894 0.03195164075993091
1 0.9585253456221198 0.8013816925734024 0.014976958525345621 0.04058721934369603
1 0.9775345622119815 0.7897236614853195 0.016129032258064516 0.045768566493955096
1 0.9907834101382489 0.7970639032815199 0.00576036866359447 0.022452504317789293
1 0.9887672811059908 0.92573402417962 0.005184331797235023 0.0690846286701209
1 0.9769585253456221 0.9317789291882557 0.02880184331797235 0.10189982728842832
1 0.8692396313364056 0.9697754749568221 0.02880184331797235 0.06044905008635579
1 0.8294930875576036 0.9058721934369602 0.022465437788018433 0.08981001727115717
1 0.8464861751152074 0.903713298791019 0.020737327188940093 0.10967184801381692
1 0.8764400921658986 0.8773747841105354 0.02534562211981567 0.09153713298791019
1 0.9328917050691244 0.9084628670120898 0.01555299539170507 0.04145077720207254
1 0.9351958525345622 0.8480138169257341 0.012096774193548387 0.037132987910189985
1 0.959389400921659 0.7672711571675302 0.012672811059907835 0.03281519861830743
1 0.9628456221198156 0.7379101899827288 0.01152073732718894 0.027633851468048358
1 0.9421082949308756 0.7413644214162349 0.010944700460829493 0.03195164075993091
1 0.9409562211981567 0.7089810017271158 0.0069124423963133645 0.024179620034542316
1 0.9501728110599078 0.6869602763385146 0.008640552995391706 0.03195164075993091
1 0.9907834101382489 0.7275474956822107 0.009216589861751152 0.03281519861830743
1 0.9798387096774194 0.718048359240069 0.0069124423963133645 0.02849740932642487
1 0.9737903225806451 0.6610535405872193 0.01152073732718894 0.03540587219343696
1 0.993663594470046 0.7029360967184801 0.004608294930875576 0.018998272884283247
1 0.9853110599078341 0.6528497409326425 0.007488479262672811 0.019861830742659757
1 0.9530529953917051 0.6217616580310881 0.008064516129032258 0.025906735751295335
1 0.9228110599078341 0.655440414507772 0.0069124423963133645 0.018134715025906734
1 0.9357718894009217 0.6459412780656304 0.00576036866359447 0.018134715025906734
1 0.934331797235023 0.6817789291882557 0.012096774193548387 0.02849740932642487
1 0.9248271889400922 0.6826424870466321 0.008064516129032258 0.02158894645941278
1 0.8957373271889401 0.667098445595855 0.007488479262672811 0.025043177892918825
1 0.9061059907834101 0.635146804835924 0.01152073732718894 0.03195164075993091
1 0.915610599078341 0.6597582037996546 0.0069124423963133645 0.018134715025906734
1 0.8787442396313364 0.6269430051813472 0.009216589861751152 0.02677029360967185