1 0.7480512249443207 0.9540133779264214 0.04287305122494432 0.09197324414715718
1 0.7781180400890868 0.8444816053511706 0.024498886414253896 0.07525083612040134
1 0.1494988864142539 0.745819397993311 0.03897550111358575 0.12374581939799331
1 0.2750556792873051 0.7286789297658863 0.03173719376391982 0.10033444816053512
1 0.14309576837416482 0.5894648829431438 0.026726057906458798 0.09615384615384616
1 0.2984409799554566 0.6032608695652174 0.03396436525612472 0.11538461538461539
1 0.4125835189309577 0.6617892976588629 0.026169265033407572 0.07274247491638795
1 0.4214922048997773 0.3658026755852843 0.021158129175946547 0.04933110367892977
1 0.21659242761692651 0.8344481605351171 0.0957683741648107 0.3311036789297659
1 0.24359688195991092 0.564799331103679 0.03396436525612472 0.1354515050167224
1 0.6366926503340757 0.9088628762541806 0.04175946547884187 0.18227424749163879
1 0.38752783964365256 0.8436454849498328 0.06347438752783964 0.31270903010033446
1 0.1116369710467706 0.5062709030100334 0.03173719376391982 0.09698996655518395
1 0.07126948775055679 0.5 0.026169265033407572 0.08110367892976589
1 0.3530066815144766 0.6592809364548495 0.02839643652561247 0.10785953177257525
1 0.7474944320712695 0.8520066889632107 0.02505567928730512 0.10117056856187291
1 0.6842984409799554 0.9686454849498328 0.05011135857461024 0.06270903010033445
1 0.4643652561247216 0.9038461538461539 0.061247216035634745 0.19230769230769232
1 0.44125835189309576 0.6141304347826086 0.02060133630289532 0.07692307692307693
1 0.3619153674832962 0.47324414715719065 0.013919821826280624 0.03511705685618729
1 0.18624721603563474 0.5334448160535117 0.02505567928730512 0.08862876254180602
1 0.7708797327394209 0.6969063545150501 0.017817371937639197 0.046822742474916385
1 0.77728285077951 0.9623745819397993 0.025612472160356347 0.07525083612040134
1 0.6901447661469933 0.6914715719063546 0.013919821826280624 0.04013377926421405
1 0.477728285077951 0.7428929765886287 0.027282850779510023 0.11454849498327759
1 0.5406458797327395 0.7608695652173914 0.08685968819599109 0.4782608695652174
1 0.8811247216035635 0.9619565217391305 0.04287305122494432 0.07608695652173914
1 0.780902004454343 0.8816889632107023 0.013919821826280624 0.04180602006688963
1 0.6940423162583519 0.879180602006689 0.024498886414253896 0.09866220735785954
1 0.669543429844098 0.8770903010033445 0.02060133630289532 0.11872909698996656
1 0.6734409799554566 0.7324414715719063 0.010579064587973273 0.05351170568561873
1 0.6901447661469933 0.7897157190635451 0.007238307349665924 0.02508361204013378
1 0.673162583518931 0.7771739130434783 0.01002227171492205 0.04598662207357859
1 0.7132516703786191 0.8051839464882943 0.01893095768374165 0.06856187290969899
1 0.7285634743875279 0.8239966555183946 0.018374164810690423 0.05936454849498328
1 0.715478841870824 0.8737458193979933 0.013363028953229399 0.04096989966555184
1 0.6096881959910914 0.81438127090301 0.03229398663697105 0.14130434782608695
1 0.6391982182628062 0.8415551839464883 0.021158129175946547 0.08862876254180602
1 0.06625835189309577 0.742056856187291 0.13251670378619154 0.5158862876254181
1 0.6255567928730512 0.7119565217391305 0.026169265033407572 0.10535117056856187
1 0.5949331848552338 0.7123745819397993 0.009465478841870824 0.04598662207357859
1 0.602728285077951 0.6843645484949833 0.012806236080178173 0.061872909698996656
1 0.6533964365256125 0.6969063545150501 0.011135857461024499 0.046822742474916385
1 0.6681514476614699 0.6889632107023411 0.012249443207126948 0.0451505016722408
1 0.6837416481069042 0.7362040133779264 0.008908685968819599 0.03678929765886288
1 0.7001670378619154 0.725752508361204 0.013919821826280624 0.047658862876254184
1 0.7099109131403119 0.742056856187291 0.006124721603563474 0.030100334448160536
1 0.715478841870824 0.7533444816053512 0.0077951002227171495 0.017558528428093644
1 0.7238307349665924 0.7207357859531772 0.013363028953229399 0.05936454849498328
1 0.7274498886414253 0.7771739130434783 0.0077951002227171495 0.03511705685618729
1 0.7324610244988864 0.7679765886287625 0.0066815144766146995 0.03678929765886288
1 0.7497216035634744 0.7554347826086957 0.015590200445434299 0.046822742474916385
1 0.7653118040089086 0.754180602006689 0.012806236080178173 0.05852842809364549
1 0.7747772828507795 0.7554347826086957 0.008351893095768375 0.03260869565217391
1 0.784521158129176 0.7504180602006689 0.012249443207126948 0.051839464882943144
1 0.811804008908686 0.7767558528428093 0.009465478841870824 0.038461538461538464
1 0.8775055679287305 0.7913879598662207 0.0200445434298441 0.06354515050167224
1 0.8619153674832962 0.7554347826086957 0.011692650334075724 0.03595317725752508
1 0.8875278396436526 0.7696488294314381 0.010579064587973273 0.025919732441471572
1 0.8711024498886414 0.7403846153846154 0.007238307349665924 0.024247491638795988
1 0.8775055679287305 0.737876254180602 0.0066815144766146995 0.025919732441471572
1 0.8897550111358574 0.7140468227424749 0.010579064587973273 0.04431438127090301
1 0.8109688195991092 0.7102842809364549 0.008351893095768375 0.04096989966555184
1 0.8020601336302895 0.6998327759197325 0.0077951002227171495 0.033444816053511704
1 0.7797884187082406 0.6760033444816054 0.008351893095768375 0.02508361204013378
1 0.7895322939866369 0.6605351170568562 0.008908685968819599 0.027591973244147156
1 0.8209910913140311 0.665133779264214 0.009465478841870824 0.039297658862876256
1 0.8212694877505567 0.7073578595317725 0.006124721603563474 0.023411371237458192
1 0.8335189309576837 0.7186454849498328 0.008351893095768375 0.025919732441471572
1 0.8421492204899778 0.7169732441471572 0.008351893095768375 0.030100334448160536
1 0.8326837416481069 0.6964882943143813 0.007238307349665924 0.020066889632107024
1 0.8432628062360802 0.657608695652174 0.01002227171492205 0.033444816053511704
1 0.871380846325167 0.7035953177257525 0.0077951002227171495 0.039297658862876256
1 0.9075723830734966 0.7796822742474916 0.015033407572383074 0.03511705685618729
1 0.8989420935412027 0.7617056856187291 0.010579064587973273 0.042642140468227424
1 0.9092427616926503 0.7487458193979933 0.01002227171492205 0.030936454849498328
1 0.9267817371937639 0.7809364548494984 0.013363028953229399 0.038461538461538464
1 0.9448775055679287 0.7688127090301003 0.014476614699331848 0.043478260869565216
1 0.9585189309576837 0.7755016722408027 0.005567928730512249 0.021739130434782608
1 0.9974944320712695 0.8076923076923077 0.005011135857461025 0.04180602006688963
1 0.970489977728285 0.8461538461538461 0.011135857461024499 0.0451505016722408
1 0.9649220489977728 0.9000836120401338 0.014476614699331848 0.06605351170568562
1 0.9482182628062361 0.9067725752508361 0.026169265033407572 0.09698996655518395
1 0.8449331848552338 0.9602842809364549 0.026169265033407572 0.0794314381270903
1 0.8045657015590201 0.8887959866220736 0.019487750556792874 0.08612040133779264
1 0.8209910913140311 0.8858695652173914 0.017817371937639197 0.10535117056856187
1 0.8491091314031181 0.8586956521739131 0.022271714922048998 0.08779264214046822
1 0.904510022271715 0.8858695652173914 0.013919821826280624 0.04013377926421405
1 0.9053452115812918 0.8273411371237458 0.010579064587973273 0.03595317725752508
1 0.9972160356347439 0.7023411371237458 0.005567928730512249 0.0451505016722408
1 0.9883073496659243 0.7027591973244147 0.011135857461024499 0.028428093645484948
1 0.9267817371937639 0.7479096989966555 0.011135857461024499 0.03177257525083612
1 0.9295657015590201 0.7194816053511706 0.010579064587973273 0.025919732441471572
1 0.909521158129176 0.7236622073578596 0.009465478841870824 0.030100334448160536
1 0.9078507795100222 0.6923076923076923 0.006124721603563474 0.023411371237458192
1 0.9162026726057907 0.6705685618729097 0.007238307349665924 0.030100334448160536
1 0.9585189309576837 0.7081939799331104 0.011692650334075724 0.030936454849498328
1 0.9457126948775055 0.6989966555183946 0.006124721603563474 0.026755852842809364
1 0.9384743875278396 0.6442307692307693 0.010579064587973273 0.034280936454849496
1 0.969097995545657 0.6672240802675585 0.009465478841870824 0.025919732441471572
1 0.9732739420935412 0.6839464882943144 0.011135857461024499 0.030100334448160536
1 0.9607461024498887 0.6839464882943144 0.0077951002227171495 0.01839464882943144
1 0.9980512249443207 0.6379598662207357 0.0038975501113585748 0.023411371237458192
1 0.9858017817371938 0.6505016722408027 0.005567928730512249 0.014214046822742474
1 0.9866369710467706 0.6308528428093646 0.0077951002227171495 0.03177257525083612
1 0.9749443207126949 0.6283444816053512 0.008351893095768375 0.033444816053511704
1 0.9682628062360802 0.6459030100334449 0.008908685968819599 0.021739130434782608
1 0.9493318485523385 0.6358695652173914 0.007238307349665924 0.019230769230769232
1 0.9175946547884187 0.6074414715719063 0.007238307349665924 0.02508361204013378
1 0.8891982182628062 0.6417224080267558 0.006124721603563474 0.017558528428093644
1 0.9014476614699332 0.6316889632107023 0.005567928730512249 0.017558528428093644
1 0.9008908685968819 0.6663879598662207 0.011135857461024499 0.026755852842809364
1 0.8917037861915368 0.6676421404682275 0.007238307349665924 0.020903010033444816
1 0.8633073496659243 0.6542642140468228 0.0066815144766146995 0.023411371237458192
1 0.8724944320712695 0.6229096989966555 0.010579064587973273 0.030100334448160536
1 0.8822383073496659 0.6459030100334449 0.006124721603563474 0.017558528428093644
1 0.8457683741648107 0.6162207357859532 0.008351893095768375 0.02508361204013378