1 0.7288877445932029 0.45339855818743563 0.3748712667353244 0.3918640576725026
1 0.054067971163748715 0.6377445932028837 0.02265705458290422 0.05303810504634397
1 0.07337796086508754 0.63697219361483 0.017507723995880537 0.057672502574665295
1 0.08676622039134912 0.6251287332646756 0.012873326467559218 0.04531410916580844
1 0.10015447991761071 0.6261585993820803 0.017507723995880537 0.07003089598352215
1 0.11560247167868178 0.6315653964984552 0.018537590113285273 0.06333676622039135
1 0.13697219361483007 0.6148300720906282 0.026261585993820804 0.049948506694129764
1 0.15653964984552007 0.6125128733264675 0.018022657054582905 0.029351184346035016
1 0.1923274974253347 0.6338825952626158 0.03347064881565397 0.0509783728115345
1 0.22399588053553038 0.6279608650875386 0.03038105046343975 0.052008238928939236
1 0.2433058702368692 0.6240988671472708 0.013388259526261586 0.03398558187435633
1 0.26235839340885686 0.6176622039134912 0.029351184346035016 0.054067971163748715
1 0.29376930998970135 0.63697219361483 0.03398558187435633 0.046343975283213185
1 0.33779608650875387 0.6307929969104017 0.046343975283213185 0.05303810504634397
1 0.3769309989701339 0.6148300720906282 0.02832131822863028 0.03141091658084449
1 0.523686920700309 0.641091658084449 0.03192584963954686 0.03038105046343975