1 0.01408811475409836 0.2550182481751825 0.02817622950819672 0.0885036496350365
1 0.1396004098360656 0.38822992700729925 0.0466188524590164 0.12317518248175183
1 0.1398565573770492 0.48950729927007297 0.03381147540983607 0.09397810218978102
1 0.203125 0.8791058394160584 0.033299180327868855 0.06843065693430657
1 0.2569159836065574 0.3895985401459854 0.04405737704918033 0.07481751824817519
1 0.1554815573770492 0.906934306569343 0.03790983606557377 0.0948905109489051
1 0.17674180327868852 0.3476277372262774 0.03278688524590164 0.08576642335766424
1 0.501280737704918 0.10036496350364964 0.030225409836065573 0.06751824817518248
1 0.13114754098360656 0.28056569343065696 0.039959016393442626 0.08485401459854014
1 0.0863217213114754 0.10036496350364964 0.04456967213114754 0.10401459854014598
1 0.32889344262295084 0.34854014598540145 0.04764344262295082 0.11587591240875912
1 0.29405737704918034 0.1646897810218978 0.039959016393442626 0.11313868613138686
1 0.2676741803278688 0.48722627737226276 0.048668032786885244 0.1332116788321168
1 0.04841188524590164 0.22125912408759124 0.040983606557377046 0.09580291970802919
1 0.09912909836065574 0.34534671532846717 0.03637295081967213 0.08667883211678833
1 0.2546106557377049 0.3216240875912409 0.03432377049180328 0.0812043795620438
1 0.07300204918032786 0.5374087591240876 0.048668032786885244 0.11952554744525548
1 0.015625 0.4215328467153285 0.03125 0.08029197080291971
1 0.07428278688524591 0.4447992700729927 0.0466188524590164 0.11678832116788321
1 0.5573770491803278 0.3175182481751825 0.060450819672131145 0.1989051094890511
1 0.03125 0.9402372262773723 0.03381147540983607 0.09762773722627738
1 0.18007172131147542 0.4283759124087591 0.03790983606557377 0.08211678832116788
1 0.10681352459016394 0.9192518248175182 0.040983606557377046 0.0885036496350365
1 0.7840676229508197 0.032846715328467155 0.02612704918032787 0.06569343065693431
1 0.07505122950819672 0.28284671532846717 0.02971311475409836 0.06843065693430657
1 0.1762295081967213 0.521441605839416 0.043545081967213115 0.11678832116788321
1 0.21055327868852458 0.30702554744525545 0.03637295081967213 0.11313868613138686
1 0.30635245901639346 0.5018248175182481 0.0466188524590164 0.12226277372262774
1 0.13063524590163936 0.1468978102189781 0.04047131147540984 0.10401459854014598
1 0.2848360655737705 0.28102189781021897 0.0625 0.13047445255474452
1 0.6424180327868853 0.12135036496350365 0.02920081967213115 0.07481751824817519
1 0.5432889344262295 0.052463503649635035 0.031762295081967214 0.08394160583941605
1 0.43673155737704916 0.030565693430656935 0.024077868852459015 0.05018248175182482
1 0.22489754098360656 0.43613138686131386 0.038422131147540985 0.09580291970802919
1 0.35015368852459017 0.09078467153284671 0.03381147540983607 0.08302919708029197
1 0.021772540983606557 0.5063868613138686 0.043545081967213115 0.11678832116788321
1 0.578125 0.08895985401459854 0.03381147540983607 0.09671532846715329
1 0.5945184426229508 0.2677919708029197 0.042008196721311473 0.10583941605839416
1 0.23206967213114754 0.5045620437956204 0.028688524590163935 0.0739051094890511
1 0.6798155737704918 0.04288321167883212 0.03483606557377049 0.08576642335766424
1 0.06736680327868852 0.36633211678832117 0.03432377049180328 0.07208029197080291
1 0.39984631147540983 0.4283759124087591 0.045081967213114756 0.10036496350364964
1 0.45286885245901637 0.19981751824817517 0.031762295081967214 0.10766423357664233
1 0.4188012295081967 0.4343065693430657 0.0353483606557377 0.0885036496350365
1 0.49334016393442626 0.7577554744525548 0.04047131147540984 0.07937956204379562
1 0.203125 0.07436131386861314 0.048668032786885244 0.08211678832116788
1 0.5135758196721312 0.5168795620437956 0.053790983606557374 0.15237226277372262
1 0.0430327868852459 0.32527372262773724 0.031762295081967214 0.06204379562043796
1 0.4413422131147541 0.08257299270072993 0.022028688524590164 0.055656934306569344
1 0.5268954918032787 0.15054744525547445 0.025102459016393443 0.055656934306569344
1 0.005122950819672131 0.35766423357664234 0.010245901639344262 0.05656934306569343
1 0.40035860655737704 0.1104014598540146 0.051741803278688527 0.14233576642335766
1 0.3086577868852459 0.40465328467153283 0.042008196721311473 0.08485401459854014
1 0.2494877049180328 0.1843065693430657 0.030737704918032786 0.06386861313868614
1 0.6329405737704918 0.06614963503649635 0.02817622950819672 0.07755474452554745
1 0.46260245901639346 0.13093065693430658 0.02305327868852459 0.06386861313868614
1 0.13550204918032788 0.7322080291970803 0.03637295081967213 0.06843065693430657
1 0.4838627049180328 0.21213503649635038 0.045081967213114756 0.1386861313868613
1 0.36116803278688525 0.04105839416058394 0.025102459016393443 0.05291970802919708
1 0.3399077868852459 0.4676094890510949 0.0353483606557377 0.08211678832116788
1 0.6063012295081968 0.045164233576642336 0.03227459016393443 0.09032846715328467
1 0.507172131147541 0.010492700729927007 0.022540983606557378 0.020985401459854013
1 0.3911372950819672 0.5488138686131386 0.052766393442622954 0.12226277372262774
1 0.44313524590163933 0.4835766423357664 0.05993852459016393 0.15967153284671534
1 0.07197745901639344 0.853558394160584 0.03278688524590164 0.06478102189781022
1 0.21695696721311475 0.21852189781021897 0.02971311475409836 0.05930656934306569
1 0.4964139344262295 0.6505474452554745 0.0353483606557377 0.06113138686131387
1 0.805327868852459 0.007755474452554745 0.018442622950819672 0.01551094890510949
1 0.7177254098360656 0.166514598540146 0.042008196721311473 0.12956204379562045
1 0.3765368852459016 0.3718065693430657 0.0389344262295082 0.09306569343065693
1 0.033299180327868855 0.15191605839416059 0.0548155737704918 0.06295620437956205
1 0.3125 0.04425182481751825 0.045081967213114756 0.04927007299270073
1 0.5309938524590164 0.6231751824817519 0.027151639344262294 0.06569343065693431
1 0.5699282786885246 0.019616788321167884 0.027151639344262294 0.03923357664233577
1 0.8260758196721312 0.010492700729927007 0.022028688524590164 0.020985401459854013
1 0.1244877049180328 0.593521897810219 0.04969262295081967 0.12956204379562045
1 0.1682889344262295 0.114507299270073 0.052766393442622954 0.14142335766423358
1 0.10578893442622951 0.4726277372262774 0.02920081967213115 0.10036496350364964
1 0.6042520491803278 0.48175182481751827 0.04918032786885246 0.08759124087591241
1 0.6644467213114754 0.006843065693430657 0.028688524590163935 0.013686131386861315
1 0.004354508196721311 0.3074817518248175 0.008709016393442622 0.058394160583941604
1 0.16700819672131148 0.26505474452554745 0.02663934426229508 0.06478102189781022
1 0.3880635245901639 0.28604014598540145 0.030225409836065573 0.08759124087591241
1 0.41214139344262296 0.2363138686131387 0.036885245901639344 0.11313868613138686
1 0.3634733606557377 0.24863138686131386 0.03381147540983607 0.10218978102189781
1 0.623719262295082 0.6113138686131386 0.05942622950819672 0.20255474452554745
1 0.5361168032786885 0.8302919708029197 0.05225409836065574 0.14233576642335766
1 0.5258709016393442 0.7121350364963503 0.04559426229508197 0.09854014598540146
1 0.3552766393442623 0.8362226277372263 0.06147540983606557 0.12135036496350365
1 0.34144467213114754 0.5661496350364964 0.04559426229508197 0.1259124087591241
1 0.19339139344262296 0.6811131386861314 0.08196721311475409 0.11861313868613138
1 0.29047131147540983 0.6747262773722628 0.0855532786885246 0.16058394160583941
1 0.1757172131147541 0.8115875912408759 0.0430327868852459 0.11313868613138686
1 0.6216700819672131 0.34854014598540145 0.07274590163934426 0.18248175182481752