1 0.39111111111111113 0.8474074074074074 0.04814814814814815 0.09111111111111111
1 0.34074074074074073 0.7148148148148148 0.025925925925925925 0.05407407407407407
1 0.23185185185185186 0.87 0.04148148148148148 0.08222222222222222
1 0.5166666666666667 0.9159259259259259 0.04296296296296296 0.13111111111111112
1 0.07481481481481482 0.894074074074074 0.0725925925925926 0.1985185185185185
1 0.3385185185185185 0.9892592592592593 0.04666666666666667 0.017037037037037038
1 0.32185185185185183 0.9440740740740741 0.03777777777777778 0.08666666666666667
1 0.24555555555555555 0.9837037037037037 0.040740740740740744 0.024444444444444446
1 0.7003703703703704 0.6003703703703703 0.0437037037037037 0.1348148148148148
1 0.9522222222222222 0.817037037037037 0.044444444444444446 0.20592592592592593
1 0.7648148148148148 0.8707407407407407 0.04296296296296296 0.13555555555555557
1 0.2696296296296296 0.7214814814814815 0.027407407407407408 0.07037037037037037
1 0.45814814814814814 0.6511111111111111 0.023703703703703703 0.061481481481481484
1 0.24037037037037037 0.7888888888888889 0.028148148148148148 0.07777777777777778
1 0.7659259259259259 0.6722222222222223 0.03333333333333333 0.12296296296296297
1 0.4477777777777778 0.804074074074074 0.027407407407407408 0.06888888888888889
1 0.37 0.9137037037037037 0.034074074074074076 0.08518518518518518
1 0.5025925925925926 0.6107407407407407 0.03111111111111111 0.08518518518518518
1 0.37592592592592594 0.7655555555555555 0.03111111111111111 0.07111111111111111
1 0.8081481481481482 0.6840740740740741 0.044444444444444446 0.15703703703703703
1 0.55 0.6677777777777778 0.028888888888888888 0.09185185185185185
1 0.5907407407407408 0.6559259259259259 0.02962962962962963 0.08518518518518518
1 0.34074074074074073 0.8474074074074074 0.028148148148148148 0.07333333333333333
1 0.25666666666666665 0.6403703703703704 0.028888888888888888 0.06666666666666667
1 0.49962962962962965 0.9859259259259259 0.03333333333333333 0.028148148148148148
1 0.4151851851851852 0.6966666666666667 0.03259259259259259 0.06222222222222222
1 0.2848148148148148 0.9077777777777778 0.03037037037037037 0.0874074074074074
1 0.7762962962962963 0.7407407407407407 0.024444444444444446 0.08074074074074074
1 0.6407407407407407 0.7196296296296296 0.02962962962962963 0.09333333333333334
1 0.5414814814814815 0.6862962962962963 0.03185185185185185 0.09777777777777778
1 0.8877777777777778 0.9333333333333333 0.04814814814814815 0.13333333333333333
1 0.8666666666666667 0.93 0.0637037037037037 0.14
1 0.45481481481481484 0.9362962962962963 0.04148148148148148 0.09703703703703703
1 0.28888888888888886 0.7951851851851852 0.042222222222222223 0.08592592592592592
1 0.1837037037037037 0.7351851851851852 0.04148148148148148 0.11777777777777777
1 0.16 0.9122222222222223 0.04814814814814815 0.12962962962962962
1 0.2051851851851852 0.9248148148148149 0.047407407407407405 0.11037037037037037
1 0.015555555555555555 0.8296296296296296 0.03111111111111111 0.17629629629629628
1 0.33666666666666667 0.7777777777777778 0.042222222222222223 0.06518518518518518
1 0.5337037037037037 0.5007407407407407 0.017777777777777778 0.03481481481481481
1 0.42185185185185187 0.5155555555555555 0.018518518518518517 0.022222222222222223
1 0.3477777777777778 0.5133333333333333 0.011851851851851851 0.022962962962962963
1 0.7551851851851852 0.4988888888888889 0.028888888888888888 0.04962962962962963
1 0.6355555555555555 0.5159259259259259 0.014074074074074074 0.02148148148148148