1 0.6635283333333333 0.9064588034188032 0.03763833333333344 0.1860479218559217
1 0.68973 0.757509938949939 0.02152333333333334 0.06594610012210006
1 0.13838 0.6709037948717949 0.033995 0.10832894749694758
1 0.24843166666666663 0.6561551941391941 0.02760166666666669 0.08810150915750915
1 0.13279166666666667 0.534020376068376 0.02347166666666667 0.08456064468864463
1 0.2689433333333333 0.5461108278388278 0.02979333333333334 0.1009846544566544
1 0.36911666666666665 0.5972608156288156 0.02285499999999996 0.06337297191697198
1 0.376895 0.3379149987789988 0.018596666666666706 0.04307801709401713
1 0.1974233333333333 0.7989850647130646 0.08405166666666669 0.3905078388278389
1 0.88864 0.6947771233211232 0.01011833333333323 0.02431843711843719
1 0.22084166666666666 0.5122725665445665 0.029893333333333327 0.11848642735042735
1 0.565673828125 0.8670329670329671 0.03662109375 0.26593406593406593
1 0.34716796875 0.8098901098901099 0.0556640625 0.3802197802197802
1 0.10524833333333333 0.46109007081807085 0.027934999999999988 0.0853208302808302
1 0.9524783333333333 0.8236635897435898 0.06512833333333323 0.2207939047619047
1 0.06982000000000001 0.4556962539682539 0.02296 0.07089480830280834
1 0.31689833333333334 0.5950652796092796 0.024876666666666658 0.09428551892551895
1 0.6629366666666666 0.764154061050061 0.022215000000000096 0.0887191599511599
1 0.607421875 0.9194139194139194 0.0439453125 0.16117216117216118
1 0.414965 0.8600149645909645 0.05369500000000005 0.26883063247863254
1 0.39427999999999996 0.555495619047619 0.0180366666666667 0.06761150671550673
1 0.32473833333333335 0.4321830134310134 0.012193333333333278 0.03049494505494511
1 0.17059833333333332 0.4848033601953602 0.022040000000000004 0.07787401221001217
1 0.9253983333333333 0.6444248302808303 0.013671666666666749 0.04008978754578749
1 0.6832966666666666 0.6282633846153847 0.015775000000000095 0.04117005128205131
1 0.6892433333333333 0.8693097338217337 0.022725000000000106 0.08270769230769244
1 0.6124533333333333 0.6235347301587302 0.012424999999999908 0.03548866422466418
1 0.4261783333333333 0.6683906813186813 0.023916666666666697 0.10014694993894989
1 0.4814453125 0.7373626373626374 0.076171875 0.5252747252747253
1 0.7189183333333333 0.9264736898656898 0.020068333333333355 0.07608107448107451
1 0.780029296875 0.9135531135531135 0.03759765625 0.1728937728937729
1 0.692145 0.7902179242979243 0.012434999999999974 0.036418891330891386
1 0.61589 0.7877948327228326 0.02155666666666667 0.0864085958485959
1 0.594535 0.7862269499389498 0.017835000000000045 0.10399038827838825
1 0.59778 0.6592159413919413 0.009221666666666684 0.047149010989011045
1 0.6126666666666667 0.7094031941391942 0.006311666666666715 0.021640283272283286
1 0.5976683333333334 0.698683076923077 0.008998333333333441 0.040449875457875435
1 0.6328883333333333 0.7232290695970696 0.016511666666666702 0.06026971428571434
1 0.6462666666666667 0.739733098901099 0.01594999999999991 0.052292766788766806
1 0.6348016666666666 0.7829936605616604 0.01155666666666666 0.03561619536019549
1 0.5421116666666667 0.7309834627594627 0.028298333333333314 0.12363768498168491
1 0.5678516666666666 0.7550468376068374 0.018755000000000077 0.07751392429792431
1 0.061875 0.71397431013431 0.12375 0.5435251965811966
1 0.5560266666666667 0.6412790622710621 0.023109999999999964 0.09259510622710618
1 0.5290883333333334 0.6418191941391942 0.008520000000000083 0.03992724786324792
1 0.5358133333333334 0.6173582222222221 0.011186666666666678 0.054000683760683725
1 0.58024 0.6282233748473748 0.009575000000000111 0.04082996825396822
1 0.5933483333333334 0.6213241904761905 0.010596666666666588 0.03948714041514041
1 0.6069399999999999 0.6624842393162393 0.007719999999999949 0.03246042490842485
1 0.6214166666666666 0.6533220024420024 0.012051666666666572 0.04205776800976802
1 0.62989 0.6678205421245421 0.005235000000000101 0.026381440781440706
1 0.6347799999999999 0.6778379877899877 0.006999999999999895 0.015491282051282093
1 0.6421066666666666 0.6490984713064714 0.011633333333333384 0.05208021489621494
1 0.645205 0.6986555702075702 0.006950000000000012 0.030922549450549477
1 0.6496033333333333 0.6905485909645909 0.006015000000000104 0.03189028571428575
1 0.66484 0.6793408547008547 0.013868333333333371 0.041260073260073214
1 0.6784883333333332 0.6782455873015873 0.01110499999999992 0.05153008058608052
1 0.6866849999999999 0.6795659096459096 0.007456666666666667 0.02882453724053718
1 0.6952733333333334 0.6751773382173383 0.010604999999999976 0.04539358241758246
1 0.71929 0.698310485958486 0.008251666666666768 0.033668219780219805
1 0.7768766666666667 0.7111261147741148 0.01753999999999989 0.05594865934065941
1 0.7632899999999999 0.6793858656898657 0.010071666666666701 0.03182777045177041
1 0.7855749999999999 0.6919264273504274 0.009491666666666676 0.02245548229548232
1 0.7711183333333334 0.6662601611721611 0.006380000000000052 0.021060141636141682
1 0.7768883333333333 0.6640071111111111 0.005794999999999995 0.022360459096459166
1 0.7875583333333334 0.6434045811965811 0.00933000000000006 0.03882947985347988
1 0.7183916666666667 0.6399987496947496 0.0074783333333332536 0.035888761904761986
1 0.7107566666666666 0.6308540170940171 0.006658333333333433 0.02959722588522589
1 0.6911383333333333 0.6097188571428571 0.007151666666666667 0.02216791208791206
1 0.6997716666666667 0.596353094017094 0.007649999999999935 0.024080879120879133
1 0.7273649999999999 0.6002965567765567 0.008140000000000036 0.03429087179487173
1 0.7275766666666666 0.6374531282051282 0.005208333333333259 0.02073506227106235
1 0.7382566666666667 0.6471780024420024 0.007218333333333327 0.022765557997558056
1 0.7458483333333333 0.6457251477411478 0.007438333333333436 0.02605386080586075
1 0.737475 0.627765763125763 0.006429999999999936 0.01761680097680095
1 0.7467233333333333 0.5939350036630037 0.00893166666666656 0.02930965567765563
1 0.7713666666666666 0.6339922832722833 0.0068749999999999645 0.03471597557997564
1 0.8032833333333332 0.700608547008547 0.013176666666666614 0.030529953601953555
1 0.7955399999999999 0.6850072380952381 0.009039999999999937 0.03726159706959715
1 0.8046816666666666 0.6737544908424908 0.009006666666666607 0.026756532356532407
1 0.8201783333333332 0.7019213675213675 0.011876666666666758 0.03392828327228333
1 0.8360433333333334 0.6910912234432235 0.012646666666666695 0.03820432722832715
1 0.8479699999999999 0.6971376996336996 0.004768333333333263 0.018942124542124537
1 0.8875733333333332 0.7258222026862027 0.01534666666666662 0.036828991452991525
1 0.8584516666666666 0.7590228083028082 0.009736666666666727 0.03974970451770449
1 0.8534149999999999 0.8061618168498168 0.012818333333333376 0.058156698412698285
1 0.8387699999999999 0.8122282979242977 0.023004999999999942 0.0850007521367523
1 0.8998649999999999 0.8359966007326007 0.036361666666666626 0.11727113064713067
1 0.7486016666666666 0.8649036581196581 0.023085000000000022 0.08107229304029312
1 0.7129533333333333 0.7963244151404151 0.01714833333333332 0.07513834432234417
1 0.7273516666666666 0.7936562637362637 0.015381666666666627 0.09237505250305242
1 0.7520100000000001 0.7700955115995116 0.019558333333333344 0.07700129914529921
1 0.8005216666666667 0.7938188034188034 0.012193333333333278 0.034851008547008656
1 0.8013266666666666 0.7425737924297925 0.00934999999999997 0.03120511843711848
1 0.9854033333333333 0.6941844786324786 0.00825000000000009 0.034485919413919465
1 0.995361328125 0.6827838827838828 0.00927734375 0.04395604395604396
1 0.9574583333333333 0.6904285616605617 0.012904999999999944 0.03769170207570214
1 0.9719083333333333 0.6834068473748474 0.010170000000000012 0.03844938705738709
1 0.9186066666666667 0.6994007521367521 0.006883333333333352 0.015436268620268636
1 0.956515 0.6220893772893772 0.009314999999999962 0.025366192918192858
1 0.9696866666666666 0.6213416947496948 0.011193333333333388 0.02669151648351644
1 0.9576466666666666 0.5998614505494505 0.006199999999999983 0.022047882783882804
1 0.9696333333333333 0.5945651575091575 0.010283333333333422 0.02355325030525036
1 0.93057 0.6128446202686203 0.00822999999999996 0.025426207570207568
1 0.887535 0.6330045421245422 0.015703333333333402 0.039529650793650735
1 0.874085 0.6333721318681319 0.009771666666666734 0.02494108913308912
1 0.9051583333333333 0.6111817142857143 0.006328333333333269 0.022100395604395636
1 0.9391916666666665 0.6903860512820512 0.007463333333333377 0.02603635653235653
1 0.9102933333333333 0.6423493235653236 0.008803333333333274 0.02071255677655671
1 0.8201633333333332 0.6727892551892551 0.009989999999999943 0.027549225885225966
1 0.82253 0.6479481904761905 0.009348333333333292 0.023035623931623925
1 0.80502 0.6516941050061049 0.008466666666666622 0.026496468864468877
1 0.8034166666666667 0.6240973675213676 0.005528333333333357 0.02050500610500618
1 0.8109033333333333 0.6052802735042735 0.0065233333333334365 0.026431452991452914
1 0.8478183333333332 0.6380907838827838 0.010194999999999954 0.027116620268620346
1 0.8366266666666666 0.6300988327228327 0.0055516666666666215 0.023635770451770382
1 0.8302183333333334 0.5821671306471305 0.009133333333333438 0.029812278388278303
1 0.8572666666666667 0.6022670378510379 0.008124999999999938 0.022422974358974338
1 0.8609233333333333 0.6168505982905983 0.009525000000000006 0.02658399023199015
1 0.8498233333333333 0.6170281416361416 0.006676666666666664 0.016451516483516487
1 0.8885933333333333 0.5987361758241758 0.006531666666666602 0.021410227106227114
1 0.899805 0.5889237802197802 0.005836666666666712 0.015496283272283348
1 0.8980433333333333 0.5763782173382173 0.00688500000000003 0.01702165567765575
1 0.8844883333333333 0.5771909157509156 0.006921666666666715 0.020662544566544507
1 0.8717600000000001 0.5875634481074481 0.004855000000000054 0.012773118437118496
1 0.8724466666666667 0.5704367667887668 0.00676499999999991 0.028129367521367573
1 0.8623566666666667 0.5682287277167277 0.007553333333333301 0.029359667887667834
1 0.856545 0.583622485958486 0.008026666666666626 0.019412239316239394
1 0.839885 0.5748978559218559 0.0061549999999999105 0.01648402442002447
1 0.8120033333333334 0.549679199023199 0.0065749999999999975 0.021705299145299086
1 0.7871283333333334 0.579834061050061 0.005476666666666574 0.015463775335775365
1 0.7978966666666667 0.5709818998778998 0.004703333333333282 0.015106188034188053
1 0.797355 0.6015243565323566 0.009535000000000071 0.02335320146520154
1 0.7893633333333333 0.6026346275946275 0.0061833333333334295 0.018316971916971982
1 0.7644483333333333 0.5909267692307693 0.0060833333333334405 0.02071255677655671
1 0.7723833333333333 0.5632325079365079 0.009321666666666673 0.02662900122100127
1 0.7808966666666667 0.58368 0.005381666666666618 0.015091184371184292
1 0.7490983333333333 0.5574510964590965 0.007103333333333239 0.02232294993894993