1 0.7136727688787186 0.7677845528455285 0.08695652173913043 0.16158536585365854
1 0.8381006864988558 0.891260162601626 0.12242562929061784 0.21747967479674796
1 0.6229977116704806 0.711890243902439 0.08810068649885583 0.3252032520325203
1 0.5586384439359268 0.7073170731707317 0.10011441647597254 0.3323170731707317
1 0.17877574370709381 0.8785569105691057 0.12356979405034325 0.16361788617886178
1 0.2562929061784897 0.7535569105691057 0.07551487414187644 0.1565040650406504
1 0.3275171624713959 0.6915650406504065 0.05148741418764302 0.11686991869918699
1 0.3755720823798627 0.7215447154471545 0.05034324942791762 0.18597560975609756
1 0.40560640732265446 0.6163617886178862 0.04290617848970252 0.08231707317073171
1 0.42162471395881007 0.551829268292683 0.04691075514874142 0.11991869918699187
1 0.45223112128146453 0.6453252032520326 0.04519450800915332 0.14939024390243902
1 0.49513729977116705 0.842479674796748 0.09610983981693363 0.16971544715447154
1 0.5042906178489702 0.5355691056910569 0.041762013729977114 0.11686991869918699
1 0.5360411899313501 0.5030487804878049 0.02917620137299771 0.056910569105691054
1 0.5566361556064073 0.45477642276422764 0.036041189931350116 0.07520325203252033
1 0.4299199084668192 0.42835365853658536 0.03318077803203661 0.07317073170731707
1 0.448512585812357 0.36077235772357724 0.03718535469107551 0.08638211382113821
1 0.3595537757437071 0.4339430894308943 0.03318077803203661 0.07520325203252033
1 0.35612128146453087 0.5477642276422764 0.055491990846681924 0.15142276422764228
1 0.28175057208237986 0.49847560975609756 0.031464530892448515 0.07621951219512195
1 0.29490846681922195 0.5645325203252033 0.041762013729977114 0.09451219512195122
1 0.22597254004576658 0.5818089430894309 0.05320366132723112 0.10060975609756098
1 0.21882151029748284 0.6732723577235772 0.05663615560640732 0.11178861788617886
1 0.15760869565217392 0.5213414634146342 0.05320366132723112 0.10772357723577236
1 0.2402745995423341 0.4740853658536585 0.05663615560640732 0.09247967479674797
1 0.3220823798627002 0.4491869918699187 0.04691075514874142 0.14227642276422764
1 0.2854691075514874 0.421239837398374 0.03489702517162471 0.06808943089430894
1 0.29605263157894735 0.3628048780487805 0.04233409610983982 0.06808943089430894
1 0.16075514874141877 0.4380081300813008 0.04519450800915332 0.0782520325203252
1 0.1272883295194508 0.38414634146341464 0.03546910755148741 0.05894308943089431
1 0.09496567505720824 0.3516260162601626 0.04061784897025172 0.11077235772357724
1 0.05606407322654462 0.6427845528455285 0.08695652173913043 0.15752032520325204
1 0.18649885583524028 0.2992886178861789 0.04633867276887872 0.08130081300813008