1 0.3550069541029207 0.8407510431154381 0.048678720445062586 0.08692628650904033
1 0.3118915159944367 0.7148817802503477 0.02573018080667594 0.05146036161335188
1 0.20479833101529904 0.8570931849791377 0.04172461752433936 0.07858136300417246
1 0.4704450625869263 0.9092489568845619 0.04450625869262865 0.12447844228094576
1 0.056328233657858134 0.8796940194714882 0.07510431154381085 0.19819193324061196
1 0.3004172461752434 0.9773991655076495 0.045201668984700974 0.027816411682892908
1 0.2868567454798331 0.9294158553546592 0.03824756606397774 0.08275382475660639
1 0.25034770514603616 0.9770514603616134 0.03268428372739916 0.022253129346314324
1 0.21349095966620307 0.9694019471488178 0.03894297635605007 0.03477051460361613
1 0.652990264255911 0.6192628650904033 0.045201668984700974 0.12726008344923506
1 0.8824756606397774 0.8306675938803895 0.04798331015299027 0.19401947148817802
1 0.704798331015299 0.875173852573018 0.04450625869262865 0.1286509040333797
1 0.24513212795549374 0.7187065368567455 0.027816411682892908 0.06675938803894298
1 0.4242002781641168 0.6589012517385258 0.024339360222531293 0.0584144645340751
1 0.21522948539638387 0.7809457579972183 0.02851182197496523 0.0737134909596662
1 0.7121001390820584 0.6888038942976356 0.03546592489568846 0.11613351877607789
1 0.4095966620305981 0.8021557719054242 0.027816411682892908 0.06606397774687066
1 0.3327538247566064 0.9022948539638387 0.034075104311543813 0.08136300417246176
1 0.46696801112656466 0.6223922114047288 0.03129346314325452 0.08066759388038942
1 0.3435326842837274 0.7639082058414465 0.03129346314325452 0.0674547983310153
1 0.7517385257301809 0.7013212795549374 0.04659248956884562 0.14881780250347706
1 0.5097357440890126 0.6776773296244785 0.029902642559109873 0.08762169680111266
1 0.5483310152990264 0.6679415855354659 0.030598052851182198 0.08066759388038942
1 0.30737134909596664 0.8393602225312935 0.02851182197496523 0.0702364394993046
1 0.23539638386648123 0.64221140472879 0.02920723226703755 0.06397774687065369
1 0.4520166898470097 0.9801808066759388 0.03268428372739916 0.037552155771905425
1 0.38247566063977745 0.700278164116829 0.031988873435326845 0.05910987482614743
1 0.25312934631432543 0.8939499304589708 0.03129346314325452 0.08275382475660639
1 0.9735744089012517 0.8045897079276774 0.029902642559109873 0.1411682892906815
1 0.719749652294854 0.7534770514603616 0.025034770514603615 0.07649513212795549
1 0.5931849791376912 0.7294853963838664 0.030598052851182198 0.08831710709318498
1 0.4342837273991655 0.9860917941585535 0.03894297635605007 0.024339360222531293
1 0.5010431154381085 0.6947148817802503 0.03268428372739916 0.09318497913769123
1 0.8174547983310153 0.9374130737134909 0.050764951321279554 0.12517385257301808
1 0.5573713490959666 0.991307371349096 0.06050069541029207 0.017385257301808066
1 0.7983310152990264 0.9335883171070932 0.06536856745479833 0.13282336578581364
1 0.41168289290681503 0.9262865090403338 0.04172461752433936 0.0917941585535466
1 0.260778859527121 0.7885952712100139 0.04242002781641168 0.08205841446453407
1 0.16411682892906815 0.7287899860917941 0.04242002781641168 0.11126564673157163
1 0.1359527121001391 0.894297635605007 0.04937413073713491 0.12308762169680111
1 0.1780250347705146 0.9075104311543811 0.04798331015299027 0.10500695410292073
1 0.010083449235048678 0.8118915159944368 0.020166898470097356 0.16620305980528513
1 0.30632823365785816 0.7736439499304589 0.04172461752433936 0.06258692628650904
1 0.5 0.5201668984700973 0.01808066759388039 0.03337969401947149
1 0.39429763560500697 0.5305980528511822 0.01808066759388039 0.02086230876216968
1 0.32510431154381086 0.5260778859527121 0.011821974965229486 0.021557719054242003
1 0.9443671766342142 0.946105702364395 0.07093184979137691 0.10778859527121001
1 0.7079276773296245 0.5260778859527121 0.02920723226703755 0.04728789986091794
1 0.5952712100139083 0.5378998609179416 0.013908205841446454 0.020166898470097356