1 0.035205696202531646 0.9272918861959958 0.07041139240506329 0.14541622760800843
1 0.7543512658227848 0.03951527924130664 0.06091772151898734 0.07903055848261328
1 0.39042721518987344 0.6472602739726028 0.06645569620253164 0.1290832455216017
1 0.2674050632911392 0.8740779768177028 0.0680379746835443 0.10221285563751317
1 0.17444620253164558 0.40226554267650155 0.061708860759493674 0.10906217070600632
1 0.9236550632911392 0.44151738672286617 0.06645569620253164 0.08693361433087461
1 0.4442246835443038 0.5840358271865121 0.061708860759493674 0.09957850368809273
1 0.23259493670886075 0.37223393045310854 0.041930379746835444 0.09378292939936776
1 0.40664556962025317 0.3933087460484721 0.04113924050632911 0.08482613277133826
1 0.7420886075949367 0.6854583772391991 0.06882911392405064 0.09483667017913593
1 0.4620253164556962 0.22602739726027396 0.058544303797468354 0.07639620653319283
1 0.040348101265822785 0.4262381454162276 0.08069620253164557 0.12750263435194942
1 0.6428006329113924 0.333508956796628 0.05379746835443038 0.10590094836670179
1 0.32792721518987344 0.3340358271865121 0.04588607594936709 0.0779768177028451
1 0.7124208860759493 0.23445732349841938 0.056962025316455694 0.1285563751317176
1 0.4007120253164557 0.21153846153846154 0.06408227848101265 0.09536354056902002
1 0.9465981012658228 0.038198103266596416 0.03401898734177215 0.07639620653319283
1 0.8010284810126582 0.7589567966280295 0.060126582278481014 0.1232876712328767
1 0.4363132911392405 0.6870389884088515 0.05379746835443038 0.11643835616438356
1 0.24920886075949367 0.5255532139093783 0.05063291139240506 0.07007376185458378
1 0.5439082278481012 0.2315595363540569 0.04588607594936709 0.09905163329820864
1 0.9481803797468354 0.16148577449947313 0.05221518987341772 0.08640674394099052
1 0.8568037974683544 0.2249736564805058 0.05617088607594937 0.11275026343519494
1 0.3575949367088608 0.7842465753424658 0.0814873417721519 0.10010537407797682
1 0.20411392405063292 0.7428872497365648 0.0490506329113924 0.10800842992623814
1 0.564873417721519 0.15990516332982085 0.041930379746835444 0.08429926238145416
1 0.26542721518987344 0.9623287671232876 0.08623417721518987 0.07534246575342465
1 0.5549841772151899 0.7961011591148578 0.08386075949367089 0.12539515279241306
1 0.35443037974683544 0.8919915700737618 0.08069620253164557 0.10906217070600632
1 0.5170094936708861 0.5874604847207587 0.058544303797468354 0.09272918861959958
1 0.37341772151898733 0.3530031612223393 0.038765822784810125 0.06743940990516333
1 0.34533227848101267 0.40648050579557427 0.03955696202531646 0.0779768177028451
1 0.5110759493670886 0.8648577449947313 0.05458860759493671 0.09747102212855638
1 0.346123417721519 0.6093256059009484 0.03639240506329114 0.08113804004214963
1 0.21360759493670886 0.8669652265542677 0.03639240506329114 0.09378292939936776
1 0.9810126582278481 0.910168598524763 0.0379746835443038 0.15858798735511065
1 0.8647151898734177 0.3329820864067439 0.05617088607594937 0.11591148577449947
1 0.8168512658227848 0.631190727081138 0.061708860759493674 0.12012644889357219
1 0.6079905063291139 0.24236037934668073 0.05379746835443038 0.09272918861959958
1 0.028876582278481014 0.541622760800843 0.05775316455696203 0.1232876712328767
1 0.502373417721519 0.3005795574288725 0.05617088607594937 0.08429926238145416
1 0.2903481012658228 0.6498946259220232 0.0814873417721519 0.10273972602739725
1 0.10878164556962025 0.5150158061116965 0.061708860759493674 0.10800842992623814
1 0.015822784810126583 0.7713382507903056 0.03164556962025317 0.12434141201264488
1 0.278876582278481 0.7434141201264489 0.06329113924050633 0.10590094836670179
1 0.8587816455696202 0.7489462592202318 0.04509493670886076 0.10695468914646997
1 0.09018987341772151 0.37302423603793466 0.0490506329113924 0.1285563751317176
1 0.9829905063291139 0.08772391991570073 0.03401898734177215 0.10484720758693361
1 0.7863924050632911 0.22075869336143308 0.055379746835443035 0.08956796628029505
1 0.521756329113924 0.3011064278187566 0.0490506329113924 0.13593256059009484
1 0.627373417721519 0.17544783983140147 0.04509493670886076 0.06585879873551106
1 0.2733386075949367 0.3429926238145416 0.04667721518987342 0.0874604847207587
1 0.20411392405063292 0.30848261327713383 0.04588607594936709 0.10168598524762908
1 0.752373417721519 0.9378292939936775 0.04746835443037975 0.09378292939936776
1 0.7511867088607594 0.46469968387776606 0.04113924050632911 0.08535300316122234
1 0.9770569620253164 0.3055848261327713 0.04588607594936709 0.101159114857745
1 0.7088607594936709 0.09430979978925184 0.049841772151898736 0.06585879873551106
1 0.8144778481012658 0.14251844046364595 0.061708860759493674 0.08008429926238145
1 0.5850474683544303 0.37355110642781875 0.056962025316455694 0.12644889357218125
1 0.908623417721519 0.31954689146469967 0.0490506329113924 0.13119072708113805
1 0.6776107594936709 0.1596417281348788 0.04430379746835443 0.07060063224446786
1 0.45569620253164556 0.15121180189673342 0.04746835443037975 0.08113804004214963
1 0.1617879746835443 0.5242360379346681 0.06962025316455696 0.13487881981032665
1 0.31764240506329117 0.1535827186512118 0.05379746835443038 0.0916754478398314
1 0.6823575949367089 0.49841938883034775 0.0925632911392405 0.13066385669125394
1 0.591376582278481 0.46206533192834565 0.03481012658227848 0.06322444678609063
1 0.5775316455696202 0.6082718651211801 0.041930379746835444 0.09325605900948367
1 0.6768196202531646 0.9025289778714436 0.041930379746835444 0.08535300316122234
1 0.745253164556962 0.15674394099051633 0.04430379746835443 0.09430979978925184
1 0.3659018987341772 0.10642781875658588 0.03955696202531646 0.0684931506849315
1 0.4465981012658228 0.7974183350895679 0.07515822784810126 0.08587987355110643
1 0.13647151898734178 0.7584299262381454 0.06962025316455696 0.12223393045310854
1 0.2511867088607595 0.14251844046364595 0.029272151898734177 0.06217070600632244
1 0.40229430379746833 0.5208113804004215 0.055379746835443035 0.10221285563751317
1 0.9814082278481012 0.4041095890410959 0.037183544303797465 0.10748155953635406
1 0.7658227848101266 0.30453108535300316 0.04746835443037975 0.0916754478398314
1 0.40189873417721517 0.3053213909378293 0.03481012658227848 0.0779768177028451
1 0.29193037974683544 0.41148577449947316 0.040348101265822785 0.0732349841938883
1 0.7456487341772152 0.351159114857745 0.05063291139240506 0.0916754478398314
1 0.6253955696202531 0.5574288724973656 0.056962025316455694 0.0958904109589041
1 0.5114715189873418 0.15042149631190727 0.038765822784810125 0.06691253951527924
1 0.3983386075949367 0.1469968387776607 0.037183544303797465 0.04794520547945205
1 0.4141613924050633 0.9712855637513171 0.051424050632911396 0.05742887249736565
1 0.021756329113924052 0.6541095890410958 0.043512658227848104 0.11327713382507903
1 0.9825949367088608 0.015015806111696523 0.03481012658227848 0.030031612223393046
1 0.34691455696202533 0.5379346680716544 0.03560126582278481 0.0916754478398314
1 0.939873417721519 0.2594836670179136 0.048259493670886076 0.09430979978925184
1 0.5098892405063291 0.7162802950474183 0.08386075949367089 0.0964172813487882
1 0.31329113924050633 0.5063224446786091 0.04746835443037975 0.08956796628029505
1 0.8730221518987342 0.6288198103266597 0.060126582278481014 0.08798735511064278
1 0.08702531645569621 0.6095890410958904 0.06962025316455696 0.09957850368809273
1 0.8860759493670886 0.03898840885142255 0.0490506329113924 0.0779768177028451
1 0.46875 0.9741833508956796 0.05617088607594937 0.051633298208640675
1 0.728243670886076 0.821390937829294 0.09018987341772151 0.16807165437302424
1 0.7531645569620253 0.6090621707060063 0.06962025316455696 0.07955742887249737
1 0.569620253164557 0.05084299262381454 0.05221518987341772 0.10168598524762908
1 0.5909810126582279 0.10432033719704953 0.03955696202531646 0.06164383561643835
1 0.3492879746835443 0.22391991570073763 0.03481012658227848 0.07007376185458378
1 0.6799841772151899 0.7486828240252897 0.0625 0.0821917808219178
1 0.24841772151898733 0.45442571127502634 0.04113924050632911 0.08113804004214963
1 0.6625791139240507 0.613277133825079 0.0490506329113924 0.08640674394099052
1 0.7749208860759493 0.5429399367755532 0.05063291139240506 0.07692307692307693
1 0.8512658227848101 0.9041095890410958 0.09335443037974683 0.1917808219178082
1 0.564873417721519 0.30795574288724975 0.03164556962025317 0.0642781875658588
1 0.8825158227848101 0.1530558482613277 0.05617088607594937 0.0737618545837724
1 0.5395569620253164 0.9517913593256059 0.04746835443037975 0.0964172813487882
1 0.5261075949367089 0.4810326659641728 0.05458860759493671 0.11064278187565858
1 0.598496835443038 0.3340358271865121 0.043512658227848104 0.08904109589041095
1 0.6962025316455697 0.952054794520548 0.058544303797468354 0.0958904109589041
1 0.8239715189873418 0.5189673340358272 0.05063291139240506 0.1053740779768177
1 0.8560126582278481 0.4322971548998946 0.040348101265822785 0.06480505795574289
1 0.7136075949367089 0.4220231822971549 0.04667721518987342 0.08482613277133826
1 0.9291930379746836 0.9062170706006323 0.0625 0.18756585879873552
1 0.9742879746835443 0.18177028451001054 0.051424050632911396 0.08851422550052687
1 0.814873417721519 0.04373024236037935 0.05063291139240506 0.0874604847207587
1 0.07199367088607594 0.7191780821917808 0.061708860759493674 0.11222339304531086
1 0.9426424050632911 0.6293466807165438 0.05300632911392405 0.08851422550052687
1 0.5079113924050633 0.964172813487882 0.03955696202531646 0.07165437302423604
1 0.017800632911392406 0.35089567966280294 0.03560126582278481 0.08535300316122234
1 0.44936708860759494 0.3780295047418335 0.038765822784810125 0.0732349841938883
1 0.9228639240506329 0.7152265542676501 0.0680379746835443 0.11854583772391991
1 0.033623417721518986 0.1917808219178082 0.06724683544303797 0.11801896733403583
1 0.43789556962025317 0.2876712328767123 0.043512658227848104 0.06059009483667018
1 0.5431170886075949 0.6638566912539515 0.04667721518987342 0.08904109589041095
1 0.3239715189873418 0.2608008429926238 0.058544303797468354 0.0964172813487882
1 0.09295886075949367 0.25500526870389884 0.03481012658227848 0.08429926238145416
1 0.9489715189873418 0.7550052687038988 0.0625 0.09694415173867228
1 0.15664556962025317 0.22049525816649104 0.0379746835443038 0.13593256059009484
1 0.10759493670886076 0.981822971548999 0.07911392405063292 0.03635405690200211
1 0.9236550632911392 0.8651211801896733 0.06487341772151899 0.13171759747102213
1 0.11669303797468354 0.6614857744994731 0.06329113924050633 0.07955742887249737
1 0.8010284810126582 0.36406743940990516 0.04272151898734177 0.09799789251844046
1 0.20371835443037975 0.12750263435194942 0.04113924050632911 0.0732349841938883
1 0.9853639240506329 0.9913066385669126 0.029272151898734177 0.01738672286617492
1 0.810126582278481 0.9807692307692307 0.060126582278481014 0.038461538461538464
1 0.43591772151898733 0.8962065331928346 0.03955696202531646 0.08166491043203372
1 0.4248417721518987 0.3479978925184405 0.02610759493670886 0.0547945205479452
1 0.27610759493670883 0.10827186512118019 0.03955696202531646 0.08061116965226554
1 0.9090189873417721 0.9902528977871443 0.09018987341772151 0.019494204425711276
1 0.6811708860759493 0.03582718651211802 0.056962025316455694 0.07165437302423604
1 0.17405063291139242 0.9694415173867229 0.0490506329113924 0.06111696522655427
1 0.8548259493670886 0.0850895679662803 0.05063291139240506 0.09325605900948367
1 0.6115506329113924 0.9301896733403583 0.058544303797468354 0.13962065331928344
1 0.4778481012658228 0.032665964172813484 0.03481012658227848 0.06533192834562697
1 0.11234177215189874 0.9051633298208641 0.0625 0.09536354056902002
1 0.16772151898734178 0.9604847207586934 0.02610759493670886 0.051106427818756586
1 0.1752373417721519 0.9083245521601686 0.03639240506329114 0.04847207586933614
1 0.20371835443037975 0.9241306638566913 0.028481012658227847 0.033192834562697573
1 0.1629746835443038 0.8619599578503688 0.03639240506329114 0.04952581664910432
1 0.12776898734177214 0.83377239199157 0.030063291139240507 0.04636459430979979
1 0.17009493670886075 0.8111169652265543 0.03401898734177215 0.06059009483667018
1 0.06526898734177215 0.8303477344573235 0.03164556962025317 0.04636459430979979
1 0.038370253164556965 0.8342992623814541 0.03401898734177215 0.07112750263435196
1 0.24248417721518986 0.5987881981032666 0.051424050632911396 0.07903055848261328
1 0.20806962025316456 0.625131717597471 0.03481012658227848 0.0737618545837724
1 0.1787974683544304 0.6406743940990516 0.048259493670886076 0.09220231822971549
1 0.005142405063291139 0.28371970495258164 0.010284810126582278 0.06269757639620653
1 0.022943037974683545 0.27107481559536356 0.03481012658227848 0.06164383561643835
1 0.060126582278481014 0.13883034773445732 0.029272151898734177 0.0410958904109589
1 0.10996835443037975 0.17281348788198103 0.030063291139240507 0.06059009483667018
1 0.1360759493670886 0.16148577449947313 0.02689873417721519 0.026870389884088516
1 0.19224683544303797 0.22602739726027396 0.028481012658227847 0.04636459430979979
1 0.22072784810126583 0.2183877766069547 0.027689873417721517 0.04741833508956796
1 0.2401107594936709 0.26738672286617493 0.022151898734177215 0.0368809272918862
1 0.2610759493670886 0.2876712328767123 0.04430379746835443 0.03530031612223393
1 0.31764240506329117 0.2708113804004215 0.0379746835443038 0.044783983140147525
1 0.41218354430379744 0.23103266596417282 0.03322784810126582 0.051106427818756586
1 0.2709651898734177 0.2226027397260274 0.02531645569620253 0.029504741833508957
1 0.25039556962025317 0.19467860906217072 0.03322784810126582 0.03951527924130664
1 0.2757120253164557 0.17834562697576395 0.0379746835443038 0.030558482613277135
1 0.19106012658227847 0.18677555321390937 0.022151898734177215 0.02792413066385669
1 0.13409810126582278 0.12829293993677554 0.03401898734177215 0.040042149631190724
1 0.1550632911392405 0.1124868282402529 0.03243670886075949 0.033192834562697573
1 0.20609177215189872 0.09299262381454163 0.022943037974683545 0.02476290832455216
1 0.15822784810126583 0.08324552160168598 0.03560126582278481 0.0368809272918862
1 0.10759493670886076 0.11327713382507903 0.027689873417721517 0.022655426765015807
1 0.11352848101265822 0.09430979978925184 0.0245253164556962 0.022128556375131718
1 0.10878164556962025 0.05795574288724974 0.022151898734177215 0.023182297154899896
1 0.12776898734177214 0.05637513171759747 0.01977848101265823 0.022655426765015807
1 0.09018987341772151 0.09141201264488935 0.037183544303797465 0.03582718651211802
1 0.04272151898734177 0.08350895679662802 0.0245253164556962 0.044783983140147525
1 0.06882911392405064 0.08587987355110643 0.022151898734177215 0.022655426765015807
1 0.060126582278481014 0.060326659641728134 0.027689873417721517 0.023182297154899896
1 0.020174050632911392 0.026343519494204427 0.02689873417721519 0.03635405690200211
1 0.04272151898734177 0.01791359325605901 0.022943037974683545 0.026343519494204427
1 0.06526898734177215 0.0184404636459431 0.027689873417721517 0.02423603793466807
1 0.07832278481012658 0.04241306638566913 0.023734177215189875 0.0321390937829294
1 0.028876582278481014 0.003424657534246575 0.03243670886075949 0.00684931506849315
1 0.12302215189873418 0.014488935721812434 0.03243670886075949 0.02897787144362487
1 0.1507120253164557 0.009483667017913594 0.0245253164556962 0.018967334035827187
1 0.6329113924050633 0.6530558482613277 0.056962025316455694 0.059536354056902004
1 0.6530854430379747 0.696259220231823 0.04272151898734177 0.04899894625922023
1 0.9920886075949367 0.7945205479452054 0.015822784810126583 0.07692307692307693
1 0.995253164556962 0.7052160168598525 0.00949367088607595 0.07007376185458378
1 0.9932753164556962 0.6259220231822972 0.013449367088607595 0.08008429926238145
1 0.9865506329113924 0.6746575342465754 0.02689873417721519 0.04056902002107481
1 0.9485759493670886 0.5279241306638567 0.06091772151898734 0.09694415173867228
1 0.9818037974683544 0.48524762908324554 0.03639240506329114 0.05268703898840885
1 0.8959651898734177 0.4791886195995785 0.03164556962025317 0.04689146469968388
1 0.9220727848101266 0.08587987355110643 0.04272151898734177 0.052160168598524764
1 0.6151107594936709 0.02291886195995785 0.041930379746835444 0.0458377239199157
1 0.533623417721519 0.011327713382507903 0.027689873417721517 0.022655426765015807
1 0.4944620253164557 0.01738672286617492 0.06329113924050633 0.03477344573234984
1 0.4375 0.021865121180189673 0.037183544303797465 0.03635405690200211
1 0.4485759493670886 0.07112750263435196 0.04272151898734177 0.06638566912539515
1 0.495253164556962 0.07929399367755532 0.030063291139240507 0.04952581664910432
1 0.5300632911392406 0.10590094836670179 0.03560126582278481 0.052160168598524764
1 0.4137658227848101 0.10511064278187565 0.038765822784810125 0.040042149631190724
1 0.37658227848101267 0.04847207586933614 0.04588607594936709 0.05584826132771338
1 0.30656645569620256 0.03530031612223393 0.030854430379746837 0.03582718651211802
1 0.31408227848101267 0.07744994731296101 0.03481012658227848 0.04794520547945205
1 0.33306962025316456 0.057692307692307696 0.030063291139240507 0.03424657534246575
1 0.3338607594936709 0.019494204425711276 0.02689873417721519 0.03898840885142255
1 0.3571993670886076 0.0136986301369863 0.0245253164556962 0.0273972602739726
1 0.3896360759493671 0.0136986301369863 0.037183544303797465 0.0273972602739726
1 0.44580696202531644 0.008166491043203371 0.027689873417721517 0.016332982086406742
1 0.2887658227848101 0.00684931506849315 0.02689873417721519 0.0136986301369863
1 0.23378164556962025 0.028714436248682824 0.029272151898734177 0.051106427818756586
1 0.24920886075949367 0.0160695468914647 0.023734177215189875 0.0321390937829294
1 0.21123417721518986 0.011064278187565859 0.02689873417721519 0.022128556375131718
1 0.18908227848101267 0.03582718651211802 0.03955696202531646 0.06743940990516333
1 0.1863132911392405 0.07876712328767123 0.015031645569620253 0.02054794520547945
1 0.22231012658227847 0.07955742887249737 0.01977848101265823 0.019494204425711276