1 0.23462414578587698 0.8697129909365559 0.0979498861047836 0.15181268882175228
1 0.10990888382687927 0.7443353474320241 0.08314350797266515 0.21148036253776434
1 0.6343963553530751 0.8810422960725075 0.33712984054669703 0.23791540785498488
1 0.8001138952164009 0.8092900302114804 0.13325740318906606 0.18051359516616314
1 0.9037585421412301 0.7968277945619335 0.08086560364464693 0.1593655589123867
1 0.964123006833713 0.7919184290030211 0.07175398633257403 0.14577039274924472
1 0.9208428246013668 0.6336858006042296 0.06947608200455581 0.14123867069486404
1 0.8285876993166287 0.6842900302114804 0.04669703872437358 0.07099697885196375
1 0.9669703872437357 0.5868580060422961 0.04783599088838269 0.1268882175226586
1 0.7135535307517085 0.7552870090634441 0.06264236902050115 0.1027190332326284
1 0.30239179954441914 0.7685045317220544 0.04555808656036447 0.07930513595166164
1 0.3297266514806378 0.754154078549849 0.02733485193621868 0.03625377643504532
1 0.4407744874715262 0.7095921450151057 0.03758542141230068 0.0513595166163142
1 0.48120728929384965 0.6891993957703928 0.05239179954441914 0.0755287009063444
1 0.15034168564920272 0.8867069486404834 0.07630979498861047 0.07477341389728097
1 0.6651480637813212 0.6072507552870091 0.03758542141230068 0.05060422960725076
1 0.6161731207289294 0.6438821752265861 0.03189066059225513 0.0445619335347432
1 0.3826879271070615 0.7790785498489426 0.05466970387243736 0.0649546827794562
1 0.438496583143508 0.7741691842900302 0.04783599088838269 0.0513595166163142