1 0.08552631578947369 0.24134419551934827 0.04748283752860412 0.13238289205702647
1 0.08152173913043478 0.35386965376782076 0.033752860411899316 0.10081466395112017
1 0.13501144164759726 0.7963340122199593 0.034324942791762014 0.07230142566191446
1 0.21653318077803205 0.2591649694501018 0.04633867276887872 0.07841140529531568
1 0.08066361556064074 0.8207739307535642 0.038901601830663615 0.10183299389002037
1 0.12871853546910755 0.20112016293279023 0.03318077803203661 0.09164969450101833
1 0.08094965675057209 0.12016293279022404 0.041189931350114416 0.08961303462321792
1 0.29805491990846683 0.2235234215885947 0.04862700228832952 0.12321792260692464
1 0.267162471395881 0.03665987780040733 0.04004576659038902 0.07331975560081466
1 0.2242562929061785 0.36914460285132383 0.04862700228832952 0.1425661914460285
1 0.006006864988558352 0.04633401221995927 0.012013729977116704 0.09266802443991853
1 0.04233409610983982 0.1878818737270876 0.03718535469107551 0.09266802443991853
1 0.21681922196796338 0.18329938900203666 0.03489702517162471 0.08655804480651731
1 0.014588100686498856 0.39765784114052954 0.02917620137299771 0.12729124236252545
1 0.016876430205949658 0.29429735234215887 0.033752860411899316 0.12423625254582485
1 0.5540617848970252 0.2204684317718941 0.05892448512585812 0.21486761710794297
1 0.1290045766590389 0.29124236252545826 0.038901601830663615 0.08757637474541752
1 0.02602974828375286 0.8279022403258656 0.041762013729977114 0.09368635437881874
1 0.018592677345537757 0.11456211812627291 0.03032036613272311 0.07230142566191446
1 0.1204233409610984 0.39460285132382894 0.043478260869565216 0.12525458248472504
1 0.16819221967963388 0.16038696537678207 0.036041189931350116 0.12219959266802444
1 0.2665903890160183 0.3905295315682281 0.04691075514874142 0.13136456211812628
1 0.08581235697940504 0.013238289205702648 0.041189931350114416 0.026476578411405296
1 0.25200228832951943 0.14205702647657842 0.06464530892448513 0.13747454175152748
1 0.6573226544622426 0.026476578411405296 0.029748283752860413 0.05295315682281059
1 0.17848970251716248 0.3065173116089613 0.038901601830663615 0.10183299389002037
1 0.5975400457665904 0.17006109979633402 0.04290617848970252 0.11303462321792261
1 0.18363844393592677 0.3834012219959267 0.02917620137299771 0.07942973523421588
1 0.011727688787185355 0.20621181262729124 0.02345537757437071 0.07637474541751528
1 0.3738558352402746 0.32179226069246436 0.04633867276887872 0.10692464358452139
1 0.4430778032036613 0.07484725050916496 0.030892448512585814 0.11608961303462322
1 0.39473684210526316 0.33095723014256617 0.036041189931350116 0.09470468431771895
1 0.4633867276887872 0.7011201629327902 0.041762013729977114 0.0835030549898167
1 0.4965675057208238 0.4363543788187373 0.05377574370709382 0.16395112016293278
1 0.010583524027459955 0.9623217922606925 0.02116704805491991 0.07535641547861507
1 0.5274599542334096 0.03004073319755601 0.02574370709382151 0.059063136456211814
1 0.3881578947368421 0.02189409368635438 0.05205949656750572 0.04378818737270876
1 0.27316933638443935 0.28258655804480654 0.043478260869565216 0.08961303462321792
1 0.21681922196796338 0.031059063136456212 0.032036613272311214 0.062118126272912425
1 0.45652173913043476 0.01680244399185336 0.02288329519450801 0.03360488798370672
1 0.06607551487414187 0.6232179226069247 0.03775743707093822 0.07128309572301425
1 0.477116704805492 0.09266802443991853 0.04462242562929062 0.14969450101832993
1 0.3052059496567506 0.35692464358452136 0.036041189931350116 0.08757637474541752
1 0.3589816933638444 0.45519348268839105 0.05434782608695652 0.13034623217922606
1 0.41962242562929064 0.3890020366598778 0.06064073226544622 0.1710794297352342
1 0.003432494279176201 0.7489816700610998 0.006864988558352402 0.06822810590631365
1 0.1793478260869565 0.06313645621181263 0.030892448512585814 0.062118126272912425
1 0.47168192219679633 0.5824847250509165 0.03718535469107551 0.06313645621181263
1 0.73941647597254 0.07433808553971487 0.041189931350114416 0.1395112016293279
1 0.3504004576659039 0.2556008146639511 0.04004576659038902 0.09877800407331976
1 0.511441647597254 0.5570264765784114 0.02745995423340961 0.06924643584521385
1 0.059782608695652176 0.4679226069246436 0.04977116704805492 0.1384928716904277
1 0.04433638443935927 0.3304480651731161 0.028604118993135013 0.10896130346232179
1 0.5992562929061785 0.4093686354378819 0.05148741418764302 0.09164969450101833
1 0.1215675057208238 0.1079429735234216 0.02688787185354691 0.06924643584521385
1 0.3669908466819222 0.1614052953156823 0.03032036613272311 0.09470468431771895
1 0.3961670480549199 0.109979633401222 0.036613272311212815 0.12219959266802444
1 0.34096109839816935 0.11659877800407333 0.033752860411899316 0.109979633401222
1 0.6152745995423341 0.5565173116089613 0.057780320366132724 0.2189409368635438
1 0.5080091533180778 0.7881873727087576 0.05263157894736842 0.15274949083503056
1 0.5017162471395881 0.655295315682281 0.04691075514874142 0.10488798370672098
1 0.30635011441647597 0.769857433808554 0.06350114416475973 0.12830957230142567
1 0.3029176201372998 0.4669042769857434 0.04576659038901602 0.1354378818737271
1 0.13272311212814644 0.574847250509165 0.08695652173913043 0.12219959266802444
1 0.24113272311212813 0.5809572301425662 0.08924485125858124 0.1680244399185336
1 0.1072654462242563 0.7174134419551935 0.043478260869565216 0.12118126272912423
1 0.6244279176201373 0.2637474541751528 0.07379862700228833 0.1955193482688391