1 0.8243318485523385 0.6712871287128713 0.08463251670378619 0.15742574257425743
1 0.9493318485523385 0.7915841584158416 0.10133630289532294 0.29207920792079206
1 0.7319042316258352 0.6450495049504951 0.08574610244988864 0.31683168316831684
1 0.6698218262806236 0.6599009900990099 0.09743875278396437 0.3237623762376238
1 0.32266146993318484 0.9292079207920793 0.12082405345211582 0.14158415841584157
1 0.3844654788418708 0.7950495049504951 0.07349665924276169 0.15247524752475247
1 0.446826280623608 0.7143564356435643 0.05011135857461024 0.11386138613861387
1 0.49582405345211583 0.7287128712871287 0.04899777282850779 0.18118811881188118
1 0.5144766146993318 0.6183168316831683 0.04175946547884187 0.0801980198019802
1 0.5236636971046771 0.5514851485148515 0.045657015590200446 0.11683168316831684
1 0.561804008908686 0.6321782178217822 0.04398663697104677 0.14554455445544554
1 0.6219376391982183 0.8084158415841585 0.0935412026726058 0.16534653465346535
1 0.6013363028953229 0.5108910891089109 0.04064587973273942 0.11386138613861387
1 0.6288975501113586 0.47029702970297027 0.02839643652561247 0.055445544554455446
1 0.6439309576837416 0.4178217821782178 0.03507795100222717 0.07326732673267326
1 0.5200445434298441 0.4306930693069307 0.03229398663697105 0.07128712871287128
1 0.5311804008908686 0.3603960396039604 0.036191536748329624 0.08415841584158416
1 0.4529510022271715 0.45742574257425744 0.03229398663697105 0.07326732673267326
1 0.460467706013363 0.5673267326732673 0.05400890868596882 0.14752475247524752
1 0.3844654788418708 0.5425742574257426 0.030623608017817373 0.07425742574257425
1 0.4036748329621381 0.601980198019802 0.04064587973273942 0.09207920792079208
1 0.339086859688196 0.6391089108910891 0.05178173719376392 0.09801980198019802
1 0.34103563474387527 0.7292079207920792 0.05512249443207127 0.10891089108910891
1 0.2678173719376392 0.601980198019802 0.05178173719376392 0.10495049504950495
1 0.34270601336302897 0.5316831683168317 0.05512249443207127 0.0900990099009901
1 0.41842984409799555 0.48316831683168315 0.045657015590200446 0.13861386138613863
1 0.38084632516703787 0.46732673267326735 0.03396436525612472 0.06633663366336634
1 0.38530066815144765 0.4079207920792079 0.04120267260579064 0.06633663366336634
1 0.26280623608017817 0.5207920792079208 0.04398663697104677 0.07623762376237624
1 0.2257795100222717 0.4792079207920792 0.034521158129175944 0.05742574257425743
1 0.1915367483296214 0.45792079207920794 0.03953229398663697 0.10792079207920792
1 0.03897550111358575 0.6257425742574257 0.07516703786191536 0.16633663366336635
1 0.18207126948775057 0.7485148514851485 0.08463251670378619 0.15346534653465346
1 0.2742204899777283 0.3801980198019802 0.04510022271714922 0.07920792079207921