1 0.6788816503800217 0.9165309446254072 0.05266015200868621 0.16693811074918566
1 0.7174267100977199 0.7785016286644951 0.02823018458197611 0.07654723127035831
1 0.11210640608034744 0.6026058631921825 0.04451682953311618 0.1245928338762215
1 0.23507057546145493 0.6021986970684039 0.03637350705754615 0.10179153094462541
1 0.11482084690553745 0.4503257328990228 0.031487513572204126 0.09690553745928339
1 0.26492942453854507 0.4833061889250814 0.039630836047774155 0.11644951140065146
1 0.3724212812160695 0.5545602605863192 0.029315960912052116 0.0732899022801303
1 0.3979370249728556 0.2687296416938111 0.023344191096634093 0.050488599348534204
1 0.16965255157437567 0.746742671009772 0.11726384364820847 0.43241042345276876
1 0.9416395222584147 0.7381921824104235 0.013029315960912053 0.028501628664495113
1 0.21389793702497287 0.43892508143322473 0.04071661237785016 0.13517915309446255
1 0.5732899022801303 0.866042345276873 0.05646036916395222 0.2679153094462541
1 0.3349619978284473 0.7776872964169381 0.08523344191096634 0.41042345276872966
1 0.08903365906623235 0.36563517915309446 0.03637350705754615 0.0985342019543974
1 0.0502171552660152 0.3542345276872964 0.02985884907709012 0.08224755700325732
1 0.31487513572204123 0.5443811074918566 0.033659066232356136 0.10830618892508144
1 0.6872964169381107 0.7821661237785016 0.03040173724212812 0.10179153094462541
1 0.6159066232356135 0.9267100977198697 0.05808903365906623 0.1465798045602606
1 0.40635179153094464 0.8456840390879479 0.07600434310532031 0.2931596091205212
1 0.4030944625407166 0.512214983713355 0.024429967426710098 0.07736156351791532
1 0.3341476655808903 0.36522801302931596 0.015743756786102063 0.035830618892508145
1 0.15988056460369163 0.4010586319218241 0.029315960912052116 0.08957654723127036
1 0.9845276872964169 0.6872964169381107 0.015743756786102063 0.046416938110749185
1 0.7185124864277959 0.634771986970684 0.02008686210640608 0.04804560260586319
1 0.7095548317046688 0.9022801302931596 0.03040173724212812 0.09527687296416938
1 0.6403365906623235 0.6188925081433225 0.016286644951140065 0.04071661237785016
1 0.43105320304017375 0.6416938110749185 0.03311617806731813 0.11400651465798045
1 0.48805646036916395 0.7145765472312704 0.11726384364820847 0.5708469055374593
1 0.738327904451683 0.9629478827361564 0.02714440825190011 0.0741042345276873
1 0.8075461454940283 0.9328175895765473 0.05157437567861021 0.13436482084690554
1 0.7179695982627579 0.8151465798045603 0.016286644951140065 0.04234527687296417
1 0.6335504885993485 0.8013029315960912 0.029315960912052116 0.0985342019543974
1 0.6099348534201955 0.7964169381107492 0.026601520086862108 0.11807817589576547
1 0.6218783930510315 0.6563517915309446 0.013029315960912053 0.05374592833876222
1 0.6351791530944625 0.7141693811074918 0.008143322475570033 0.025244299674267102
1 0.6191639522258415 0.7003257328990228 0.01248642779587405 0.046416938110749185
1 0.6566232356134636 0.7324918566775245 0.02225841476655809 0.06921824104234528
1 0.6701954397394136 0.7528501628664495 0.021172638436482084 0.06026058631921824
1 0.6547231270358306 0.7988599348534202 0.01520086862106406 0.04071661237785016
1 0.5556460369163952 0.7280130293159609 0.03908794788273615 0.14087947882736157
1 0.5825190010857764 0.75814332247557 0.025515743756786103 0.08876221498371335
1 0.05537459283387622 0.6396579804560261 0.11074918566775244 0.6131921824104235
1 0.5768186753528773 0.630700325732899 0.031487513572204126 0.10586319218241043
1 0.5469598262757872 0.6270358306188925 0.011943539630836048 0.04560260586319218
1 0.5559174809989142 0.6009771986970684 0.015743756786102063 0.061074918566775244
1 0.6045059717698155 0.6197068403908795 0.013029315960912053 0.046416938110749185
1 0.6194353963083605 0.6140065146579805 0.014115092290988056 0.04560260586319218
1 0.6316503800217155 0.6612377850162866 0.010857763300760043 0.03745928338762215
1 0.6484799131378935 0.6535016286644951 0.016286644951140065 0.04804560260586319
1 0.6568946796959826 0.6706026058631922 0.00760043431053203 0.03013029315960912
1 0.6615092290988056 0.6824104234527687 0.008686210640608035 0.017915309446254073
1 0.6715526601520087 0.6518729641693811 0.016286644951140065 0.059446254071661236
1 0.6718241042345277 0.7068403908794788 0.009771986970684038 0.03501628664495114
1 0.6772529858849077 0.6986970684039088 0.008686210640608035 0.035830618892508145
1 0.6948968512486428 0.6885179153094463 0.017915309446254073 0.04804560260586319
1 0.7100977198697068 0.6893322475570033 0.015743756786102063 0.05863192182410423
1 0.7190553745928339 0.6917752442996743 0.01031487513572204 0.033387622149837134
1 0.7288273615635179 0.6881107491856677 0.014657980456026058 0.05211726384364821
1 0.753800217155266 0.7174267100977199 0.011400651465798045 0.038273615635179156
1 0.8167752442996743 0.7398208469055375 0.02280130293159609 0.06433224755700326
1 0.8037459283387622 0.7027687296416938 0.013029315960912053 0.03664495114006515
1 0.8276330076004343 0.7198697068403909 0.011943539630836048 0.026058631921824105
1 0.8132464712269273 0.6893322475570033 0.008686210640608035 0.024429967426710098
1 0.8197611292073833 0.6877035830618893 0.00760043431053203 0.025244299674267102
1 0.8330618892508144 0.6665309446254072 0.013029315960912053 0.043973941368078175
1 0.756514657980456 0.6526872964169381 0.010857763300760043 0.04071661237785016
1 0.748642779587405 0.6412866449511401 0.009229098805646038 0.033387622149837134
1 0.7282844733984799 0.615228013029316 0.009229098805646038 0.025244299674267102
1 0.738870792616721 0.6017915309446255 0.009771986970684038 0.02768729641693811
1 0.7692725298588491 0.6099348534201955 0.011400651465798045 0.03908794788273615
1 0.7671009771986971 0.6510586319218241 0.007057546145494028 0.023615635179153095
1 0.7782301845819761 0.6636807817589576 0.009229098805646038 0.026058631921824105
1 0.7866449511400652 0.6628664495114006 0.009771986970684038 0.03013029315960912
1 0.7785016286644951 0.6421009771986971 0.008143322475570033 0.02035830618892508
1 0.7909880564603692 0.6058631921824105 0.011943539630836048 0.033387622149837134
1 0.8156894679695983 0.6539087947882736 0.009771986970684038 0.03908794788273615
1 0.8466340933767644 0.7320846905537459 0.016829533116178068 0.035830618892508145
1 0.8393051031487514 0.7137622149837134 0.01248642779587405 0.04234527687296417
1 0.8501628664495114 0.7027687296416938 0.011943539630836048 0.030944625407166124
1 0.8653637350705755 0.7361563517915309 0.01520086862106406 0.03908794788273615
1 0.8835504885993485 0.7263843648208469 0.016286644951140065 0.043973941368078175
1 0.8965798045602605 0.7349348534201955 0.006514657980456026 0.021986970684039087
1 0.9383821932681867 0.7723941368078175 0.019543973941368076 0.04315960912052117
1 0.9041802388707926 0.8049674267100977 0.013572204125950055 0.04560260586319218
1 0.8954940282301845 0.8562703583061889 0.017915309446254073 0.06596091205211727
1 0.8789359391965255 0.8607491856677525 0.030944625407166124 0.09771986970684039
1 0.9448968512486428 0.8961726384364821 0.04777415852334419 0.13517915309446255
1 0.7755157437567861 0.9059446254071661 0.030944625407166124 0.09283387622149837
1 0.740499457111835 0.8249185667752443 0.023887079261672096 0.08550488599348534
1 0.756514657980456 0.8241042345276873 0.02280130293159609 0.10423452768729642
1 0.7855591748099892 0.8017100977198697 0.026601520086862108 0.08794788273615635
1 0.8376764386536374 0.8350977198697068 0.015743756786102063 0.04071661237785016
1 0.8417480998914224 0.7785016286644951 0.01248642779587405 0.035830618892508145
1 0.9744842562432139 0.747557003257329 0.008686210640608035 0.017915309446254073
1 0.990770901194354 0.6526872964169381 0.005971769815418024 0.028501628664495113
1 0.9443539630836048 0.6693811074918566 0.02008686210640608 0.046416938110749185
1 0.9294245385450597 0.6681596091205212 0.01248642779587405 0.029315960912052116
1 0.9652551574375678 0.6478013029315961 0.008686210640608035 0.025244299674267102
1 0.9690553745928339 0.6832247557003257 0.010857763300760043 0.024429967426710098
1 0.8672638436482085 0.7039902280130294 0.013029315960912053 0.03175895765472313
1 0.8713355048859935 0.6767100977198697 0.011943539630836048 0.02687296416938111
1 0.8517915309446255 0.6783387622149837 0.010857763300760043 0.030944625407166124
1 0.8517915309446255 0.6473941368078175 0.00760043431053203 0.023615635179153095
1 0.8612920738327905 0.6278501628664495 0.008686210640608035 0.03013029315960912
1 0.9001085776330076 0.6693811074918566 0.013029315960912053 0.03175895765472313
1 0.8881650380021715 0.6587947882736156 0.00760043431053203 0.02687296416938111
1 0.8843648208469055 0.6050488599348535 0.011943539630836048 0.03420195439739414
1 0.9128664495114006 0.6311074918566775 0.01031487513572204 0.026058631921824105
1 0.9161237785016286 0.6478013029315961 0.01248642779587405 0.030944625407166124
1 0.9036373507057546 0.6461726384364821 0.008686210640608035 0.019543973941368076
1 0.9478827361563518 0.6319218241042345 0.008686210640608035 0.024429967426710098
1 0.9609120521172638 0.622557003257329 0.00760043431053203 0.017915309446254073
1 0.9598262757871878 0.6083061889250815 0.008686210640608035 0.019543973941368076
1 0.9446254071661238 0.6074918566775245 0.009229098805646038 0.023615635179153095
1 0.9299674267100977 0.61685667752443 0.005971769815418024 0.014657980456026058
1 0.9318675352877307 0.5981270358306189 0.009229098805646038 0.03175895765472313
1 0.9207383279044516 0.5940553745928339 0.01031487513572204 0.033387622149837134
1 0.9134093376764386 0.6103420195439739 0.01031487513572204 0.02280130293159609
1 0.8954940282301845 0.5981270358306189 0.008143322475570033 0.019543973941368076
1 0.8661780673181325 0.5663680781758957 0.008686210640608035 0.025244299674267102
1 0.8365906623235614 0.5960912052117264 0.007057546145494028 0.017915309446254073
1 0.8490770901194354 0.5879478827361564 0.005971769815418024 0.01710097719869707
1 0.8466340933767644 0.621742671009772 0.011943539630836048 0.02687296416938111
1 0.8376764386536374 0.621742671009772 0.008143322475570033 0.021172638436482084
1 0.8108034744842563 0.6050488599348535 0.008143322475570033 0.023615635179153095
1 0.8213897937024973 0.5757328990228013 0.011943539630836048 0.030944625407166124
1 0.8295331161780674 0.5993485342019544 0.007057546145494028 0.01710097719869707
1 0.7958740499457112 0.5655537459283387 0.009229098805646038 0.026058631921824105