1 0.3875 0.8156533333333333 0.04218 0.08138666666666666
1 0.33995333333333333 0.6970799999999999 0.02232 0.04839333333333334
1 0.24465333333333333 0.83854 0.03622 0.0736
1 0.50164 0.8752066666666666 0.03639333333333333 0.11769333333333333
1 0.104 0.8771533333333333 0.06224666666666667 0.20542666666666665
1 0.34278 0.9683866666666666 0.041833333333333333 0.06281333333333333
1 0.32671333333333336 0.9036533333333333 0.03276 0.07756666666666666
1 0.29486666666666667 0.9706133333333333 0.029973333333333334 0.058166666666666665
1 0.25897333333333333 0.9633733333333333 0.03630666666666667 0.06613333333333334
1 0.6617666666666666 0.58836 0.037013333333333336 0.12040666666666668
1 0.8919266666666668 0.7794200000000001 0.03664 0.18451333333333333
1 0.72422 0.8309066666666666 0.03626 0.12154
1 0.27623333333333333 0.7042066666666666 0.023626666666666664 0.06269999999999999
1 0.4448733333333333 0.6380133333333333 0.02032 0.054726666666666667
1 0.25096666666666667 0.7653066666666667 0.02382666666666667 0.06958666666666666
1 0.7219133333333333 0.6520133333333333 0.028266666666666666 0.11017333333333333
1 0.4378666666666666 0.77566 0.02364 0.061913333333333334
1 0.36952666666666667 0.8756866666666666 0.029006666666666667 0.0765
1 0.48397333333333337 0.6009 0.026373333333333335 0.0763
1 0.37260666666666664 0.7423799999999999 0.026893333333333335 0.06340666666666667
1 0.76034 0.6622066666666666 0.037380000000000004 0.1406133333333333
1 0.5274866666666667 0.65156 0.024373333333333334 0.08254666666666666
1 0.5640733333333333 0.6402866666666667 0.02524 0.07634
1 0.3420066666666667 0.8164133333333332 0.023866666666666665 0.06585333333333333
1 0.39222 0.9797600000000001 0.038226666666666666 0.040486666666666664
1 0.26313333333333333 0.6314333333333333 0.025166666666666667 0.05976666666666667
1 0.48778 0.9627266666666666 0.02904666666666667 0.07103333333333334
1 0.40671333333333337 0.6795666666666667 0.028126666666666664 0.055433333333333334
1 0.2927 0.8716533333333334 0.026186666666666667 0.07837999999999999
1 0.98384 0.7503066666666667 0.03231333333333333 0.13441333333333333
1 0.73254 0.7136333333333333 0.02054 0.07232666666666666
1 0.6099466666666666 0.6969266666666667 0.02532 0.08329333333333333
1 0.47107333333333334 0.9698333333333333 0.03596666666666667 0.05892666666666667
1 0.01522 0.9468533333333333 0.02827333333333333 0.10628666666666667
1 0.5201666666666667 0.6683533333333334 0.027033333333333333 0.08772
1 0.8362733333333334 0.8984266666666667 0.04082666666666667 0.14403333333333335
1 0.5898 0.9708733333333333 0.05702666666666667 0.05576
1 0.8174666666666667 0.8970066666666666 0.05516666666666667 0.15304
1 0.44608 0.8946999999999999 0.03576666666666667 0.08656666666666667
1 0.2947666666666667 0.7701733333333334 0.036680000000000004 0.0769
1 0.19918 0.7179466666666667 0.03520666666666667 0.10524000000000001
1 0.18062 0.8777066666666666 0.041453333333333335 0.11580666666666667
1 0.22154666666666667 0.8884 0.041093333333333336 0.09834666666666668
1 0.03333333333333333 0.8061333333333334 0.058 0.15832666666666667
1 0.33752 0.7537600000000001 0.03714666666666667 0.05807333333333333
1 0.5104466666666666 0.5013133333333334 0.015460000000000002 0.031166666666666665
1 0.40982 0.5165933333333333 0.01644666666666667 0.019453333333333333
1 0.34317333333333333 0.5158266666666667 0.009980000000000001 0.020413333333333335
1 0.9639533333333333 0.90606 0.07209333333333333 0.13852666666666666
1 0.7096866666666667 0.4963866666666667 0.025473333333333334 0.04424
1 0.6023266666666667 0.5133933333333334 0.012113333333333335 0.01888