1 0.3434108527131783 0.8023255813953488 0.050387596899224806 0.09534883720930233
1 0.28565891472868216 0.6655038759689923 0.027131782945736434 0.056589147286821705
1 0.17790697674418604 0.8317829457364341 0.043410852713178294 0.08604651162790698
1 0.47751937984496123 0.8693798449612403 0.04496124031007752 0.1372093023255814
1 0.02868217054263566 0.8786821705426356 0.04806201550387597 0.23953488372093024
1 0.2937984496124031 0.9717054263565892 0.04961240310077519 0.056589147286821705
1 0.2744186046511628 0.9058139534883721 0.03953488372093023 0.09069767441860466
1 0.237984496124031 0.9748062015503876 0.03565891472868217 0.050387596899224806
1 0.19612403100775194 0.9686046511627907 0.043410852713178294 0.06279069767441861
1 0.6577519379844962 0.5325581395348837 0.04573643410852713 0.14108527131782947
1 0.9290697674418604 0.75 0.046511627906976744 0.21550387596899226
1 0.7352713178294573 0.8131782945736434 0.04496124031007752 0.14186046511627906
1 0.2116279069767442 0.6751937984496124 0.02868217054263566 0.07364341085271318
1 0.4065891472868217 0.5945736434108527 0.024806201550387597 0.06434108527131784
1 0.18372093023255814 0.7465116279069768 0.02945736434108527 0.08139534883720931
1 0.7290697674418605 0.6054263565891473 0.03488372093023256 0.12868217054263567
1 0.4011627906976744 0.7550387596899225 0.02868217054263566 0.07209302325581396
1 0.3236434108527132 0.8724806201550388 0.03565891472868217 0.08914728682170543
1 0.4511627906976744 0.5507751937984496 0.03255813953488372 0.08914728682170543
1 0.3248062015503876 0.7174418604651163 0.03255813953488372 0.07441860465116279
1 0.7736434108527132 0.6162790697674418 0.046511627906976744 0.16434108527131783
1 0.5027131782945736 0.6089147286821706 0.030232558139534883 0.09612403100775194
1 0.5453488372093023 0.5949612403100775 0.031007751937984496 0.08914728682170543
1 0.29069767441860467 0.8042635658914729 0.02945736434108527 0.07674418604651163
1 0.3515503875968992 0.9844961240310077 0.04573643410852713 0.031007751937984496
1 0.19496124031007753 0.5906976744186047 0.030232558139534883 0.06976744186046512
1 0.462015503875969 0.9643410852713178 0.03565891472868217 0.07131782945736434
1 0.3631782945736434 0.6437984496124031 0.034108527131782945 0.06511627906976744
1 0.23449612403100775 0.8693798449612403 0.03178294573643411 0.09147286821705426
1 0.7426356589147287 0.6767441860465117 0.02558139534883721 0.08449612403100776
1 0.5996124031007752 0.6596899224806202 0.031007751937984496 0.09767441860465116
1 0.44302325581395346 0.9724806201550388 0.04263565891472868 0.05503875968992248
1 0.4945736434108527 0.6282945736434109 0.03333333333333333 0.10232558139534884
1 0.8670542635658914 0.8895348837209303 0.050387596899224806 0.1682170542635659
1 0.5810077519379845 0.9724806201550388 0.06744186046511629 0.053488372093023255
1 0.8449612403100775 0.8883720930232558 0.06744186046511629 0.17906976744186046
1 0.4131782945736434 0.8930232558139535 0.043410852713178294 0.10155038759689923
1 0.23488372093023255 0.7515503875968992 0.044186046511627906 0.08992248062015504
1 0.12248062015503876 0.6926356589147287 0.043410852713178294 0.12325581395348838
1 0.10426356589147287 0.8786821705426356 0.050387596899224806 0.13565891472868216
1 0.15193798449612403 0.8903100775193798 0.04961240310077519 0.11550387596899225
1 0.284108527131783 0.7313953488372092 0.044186046511627906 0.06821705426356589
1 0.47984496124031006 0.43449612403100774 0.018604651162790697 0.03643410852713178
1 0.3631782945736434 0.4542635658914729 0.01937984496124031 0.023255813953488372
1 0.28565891472868216 0.45465116279069767 0.012403100775193798 0.024031007751937984
1 0.9856589147286822 0.8953488372093024 0.02868217054263566 0.16124031007751938
1 0.7116279069767442 0.4248062015503876 0.030232558139534883 0.05193798449612403
1 0.5872093023255814 0.44651162790697674 0.014728682170542635 0.02248062015503876