1 0.7232676147382029 0.4694731738849386 0.35554298642533944 0.3717840982546865
1 0.08343244990303814 0.6442016806722689 0.021667744020685192 0.05021008403361349
1 0.10171945701357467 0.6435100193923723 0.016683904330963145 0.054838396897220365
1 0.11453135100193924 0.6322268907563025 0.012268907563025205 0.042782805429864235
1 0.1272010342598578 0.6334033613445378 0.016580478345184224 0.06617000646412419
1 0.14194893341952164 0.6383807369101487 0.017537168713639306 0.060100193923723344
1 0.1620071105365223 0.6224499030381383 0.025106658047834518 0.04726567550096972
1 0.18054298642533936 0.6204557207498383 0.017113768584356814 0.027753716871363965
1 0.2146574014221073 0.64060116354234 0.031774402068519725 0.048522947640594616
1 0.24470588235294116 0.6350193923723335 0.028846153846153855 0.049376212023270805
1 0.2629153199741435 0.6313122171945701 0.012630898513251498 0.03244667097608267
1 0.2810245636716225 0.6251486748545572 0.028054298642533948 0.051205559146735524
1 0.31066903684550745 0.6436716224951519 0.032032967032966986 0.04414673561732374
1 0.3525307045895281 0.6377731092436975 0.04415966386554626 0.05037491919844861
1 0.3896929541047188 0.6224660633484163 0.02685843568196511 0.029773755656108625
1 0.5287653522947641 0.6475565610859728 0.030129282482223685 0.02888817065287652