1 0.04516288252714709 0.18057996485061512 0.04096742349457058 0.08172231985940245
1 0.16732477788746297 0.327768014059754 0.041954590325765054 0.11511423550087874
1 0.16263573543928925 0.4248681898066784 0.030108588351431393 0.08787346221441125
1 0.20533070088845015 0.8079964850615114 0.030108588351431393 0.0632688927943761
1 0.27986179664363275 0.3466608084358524 0.04096742349457058 0.06854130052724078
1 0.15819348469891412 0.827768014059754 0.03405725567620928 0.08875219683655536
1 0.2048371174728529 0.29437609841827767 0.02912142152023692 0.07996485061511424
1 0.5281342546890424 0.1054481546572935 0.027147087857847977 0.0632688927943761
1 0.16436327739387957 0.22319859402460457 0.03652517275419546 0.07908611599297012
1 0.12981243830207306 0.04569420035149385 0.040473840078973346 0.0913884007029877
1 0.3506910167818361 0.3181019332161687 0.042941757156959526 0.10720562390158173
1 0.32601184600197436 0.13620386643233742 0.035538005923000986 0.1054481546572935
1 0.2857847976307996 0.44200351493848855 0.04343534057255676 0.12390158172231985
1 0.087857847976308 0.15377855887521968 0.037018756169792694 0.08875219683655536
1 0.1305528134254689 0.28075571177504394 0.03257650542941757 0.08084358523725835
1 0.28109575518262586 0.281195079086116 0.031095755182625865 0.07557117750439367
1 0.096248766041461 0.46089630931458697 0.043928923988154 0.11072056239015818
1 0.04590325765054294 0.3409490333919156 0.030108588351431393 0.07469244288224956
1 0.10192497532082923 0.37214411247803164 0.04146100691016782 0.10896309314586995
1 0.5715695952615992 0.3224956063268893 0.052813425468904246 0.18717047451669597
1 0.026159921026653505 0.8409490333919156 0.05231984205330701 0.09226713532513181
1 0.20434353405725567 0.37214411247803164 0.034550839091806514 0.07644991212653779
1 0.11105626850937808 0.8321616871704746 0.037018756169792694 0.08260105448154657
1 0.8033070088845015 0.07996485061511424 0.023692003948667325 0.06854130052724078
1 0.11056268509378085 0.21704745166959577 0.02665350444225074 0.0632688927943761
1 0.1961994076999013 0.46089630931458697 0.0384995064165844 0.10896309314586995
1 0.23914116485686082 0.2601054481546573 0.032082922013820334 0.1063268892794376
1 0.32206317867719647 0.46133567662565905 0.041954590325765054 0.11423550087873462
1 0.1702862783810464 0.09446397188049209 0.03652517275419546 0.09666080843585237
1 0.3116979269496545 0.24648506151142355 0.05725567620927937 0.12038664323374342
1 0.6626357354392892 0.14674868189806678 0.026159921026653505 0.06942003514938488
1 0.5705824284304047 0.06590509666080843 0.02813425468904245 0.07820738137082602
1 0.4693978282329714 0.02592267135325132 0.02171767028627838 0.05184534270650264
1 0.24679170779861798 0.3866432337434095 0.034550839091806514 0.08875219683655536
1 0.38351431391905233 0.07381370826010544 0.03060217176702863 0.0773286467486819
1 0.04713721618953603 0.4231107205623902 0.04244817374136229 0.10896309314586995
1 0.6024185587364265 0.1063268892794376 0.029615004935834157 0.09050966608084358
1 0.6095755182625864 0.28031634446397186 0.038005923000987166 0.0984182776801406
1 0.25049358341559724 0.45342706502636204 0.02566633761105627 0.06942003514938488
1 0.7023692003948667 0.07381370826010544 0.031095755182625865 0.08699472759226713
1 0.09896347482724581 0.2961335676625659 0.031095755182625865 0.06678383128295255
1 0.41535044422507406 0.40509666080843587 0.04096742349457058 0.09314586994727592
1 0.47704837117472854 0.1937609841827768 0.027640671273445213 0.10105448154657294
1 0.4331194471865745 0.413884007029877 0.032082922013820334 0.08260105448154657
1 0.48938795656465944 0.7350615114235501 0.03652517275419546 0.07381370826010544
1 0.016041461006910167 0.38312829525483305 0.031095755182625865 0.10281195079086115
1 0.2430898321816387 0.03690685413005272 0.04491609081934847 0.07381370826010544
1 0.5202369200394866 0.5070298769771528 0.047877591312931886 0.14323374340949033
1 0.08440276406712735 0.9512302284710018 0.042941757156959526 0.07293497363796134
1 0.07773938795656465 0.2526362038664323 0.02912142152023692 0.05711775043936731
1 0.4713721618953603 0.07996485061511424 0.019743336623889437 0.05184534270650264
1 0.5503455083909181 0.1577328646748682 0.022704837117472853 0.05184534270650264
1 0.03183613030602172 0.2781195079086116 0.024679170779861797 0.05360281195079086
1 0.8654985192497532 0.04173989455184534 0.017275419545903257 0.05008787346221441
1 0.43065153010858837 0.10017574692442882 0.04639684106614018 0.13268892794376097
1 0.32872655478775914 0.36862917398945516 0.0384995064165844 0.07908611599297012
1 0.2825765054294176 0.14850615114235502 0.02813425468904245 0.058875219683655534
1 0.6559723593287266 0.09226713532513181 0.025172754195459033 0.07205623901581722
1 0.48963474827245806 0.12917398945518455 0.020236920039486673 0.05975395430579965
1 0.14733464955577494 0.6568541300527241 0.03356367226061204 0.06239015817223199
1 0.5061697926949654 0.2100175746924429 0.039486673247778874 0.13005272407732865
1 0.3963474827245805 0.026362038664323375 0.022704837117472853 0.05272407732864675
1 0.3558736426456071 0.4336555360281195 0.032082922013820334 0.07644991212653779
1 0.03627838104639684 0.9477152899824253 0.05824284304047384 0.0773286467486819
1 0.631786771964462 0.06239015817223199 0.02813425468904245 0.09666080843585237
1 0.5382527147087858 0.015377855887521968 0.021224086870681145 0.02899824253075571
1 0.4012833168805528 0.5197715289982425 0.047877591312931886 0.11423550087873462
1 0.4543435340572557 0.46441124780316345 0.05380059230009872 0.14938488576449913
1 0.08045409674234946 0.7640597539543058 0.030108588351431393 0.05975395430579965
1 0.24950641658440276 0.1766256590509666 0.027147087857847977 0.054481546572934976
1 0.4972852912142152 0.632688927943761 0.03257650542941757 0.056239015817223195
1 0.8250246791707798 0.04745166959578207 0.016288252714708785 0.043936731107205626
1 0.7327245804540967 0.20123022847100175 0.037018756169792694 0.12126537785588752
1 0.3956071076011846 0.3475395430579965 0.03504442250740375 0.08699472759226713
1 0.07650542941757157 0.08479789103690685 0.05133267522211254 0.056239015817223195
1 0.34945705824284307 0.02240773286467487 0.04244817374136229 0.04481546572934974
1 0.5320829220138203 0.6115992970123023 0.02418558736426456 0.06063268892794376
1 0.5982230997038499 0.029876977152899824 0.024679170779861797 0.054481546572934976
1 0.8447680157946693 0.050966608084358524 0.019743336623889437 0.05272407732864675
1 0.14313919052319843 0.5224077328646749 0.044422507403751234 0.12126537785588752
1 0.20779861796643634 0.06942003514938488 0.046890424481737414 0.13268892794376097
1 0.13079960513326752 0.4037785588752197 0.02566633761105627 0.09402460456942004
1 0.6090819348469891 0.4868189806678383 0.04491609081934847 0.07996485061511424
1 0.6897828232971372 0.025483304042179262 0.027147087857847977 0.040421792618629174
1 0.03134254689042448 0.23022847100175747 0.027640671273445213 0.05536028119507909
1 0.19940769990128332 0.21353251318101935 0.02418558736426456 0.06063268892794376
1 0.4106614017769003 0.2666959578207381 0.027147087857847977 0.08260105448154657
1 0.43632773938795655 0.22275922671353252 0.03257650542941757 0.1063268892794376
1 0.38869693978282327 0.22715289982425307 0.029615004935834157 0.09578207381370826
1 0.6216683119447186 0.6142355008787346 0.051826258637709774 0.19068541300527242
1 0.5269002961500494 0.8110720562390158 0.046890424481737414 0.1335676625659051
1 0.5229516288252715 0.6959578207381371 0.04146100691016782 0.0913884007029877
1 0.35340572556762095 0.7899824253075571 0.05577492596248766 0.11247803163444639
1 0.3526653504442251 0.5285588752196837 0.040473840078973346 0.11775043936731107
1 0.20508390918065153 0.616871704745167 0.07601184600197433 0.10808435852372583
1 0.29861796643632776 0.625219683655536 0.07847976307996052 0.14762741652021089
1 0.18213228035538007 0.7394551845342706 0.0384995064165844 0.1063268892794376
1 0.6320335636722606 0.3615992970123023 0.06515301085883514 0.1704745166959578