1 0.21587301587301588 0.8420634920634921 0.16984126984126985 0.30158730158730157
1 0.03968253968253968 0.8611111111111112 0.07936507936507936 0.2492063492063492
1 0.06349206349206349 0.6325396825396825 0.06349206349206349 0.22857142857142856
1 0.10952380952380952 0.7238095238095238 0.0761904761904762 0.43333333333333335
1 0.14682539682539683 0.6222222222222222 0.04285714285714286 0.13333333333333333
1 0.1746031746031746 0.6349206349206349 0.0380952380952381 0.12380952380952381
1 0.21984126984126984 0.6293650793650793 0.046031746031746035 0.11587301587301588
1 0.25555555555555554 0.6023809523809524 0.047619047619047616 0.19206349206349208
1 0.3261904761904762 0.6309523809523809 0.09365079365079365 0.4142857142857143
1 0.37063492063492065 0.6492063492063492 0.07936507936507936 0.3253968253968254
1 0.4373015873015873 0.7063492063492064 0.0873015873015873 0.373015873015873
1 0.41904761904761906 0.9365079365079365 0.06349206349206349 0.12380952380952381
1 0.5571428571428572 0.903968253968254 0.06666666666666667 0.19206349206349208
1 0.5261904761904762 0.5841269841269842 0.08571428571428572 0.38095238095238093
1 0.5738095238095238 0.5833333333333334 0.07777777777777778 0.4031746031746032
1 0.6214285714285714 0.6476190476190476 0.08571428571428572 0.3888888888888889
1 0.6396825396825396 0.9349206349206349 0.06349206349206349 0.13015873015873017
1 0.6865079365079365 0.7674603174603175 0.08571428571428572 0.353968253968254
1 0.7904761904761904 0.6785714285714286 0.15396825396825398 0.5253968253968254
1 0.9047619047619048 0.5952380952380952 0.10158730158730159 0.44603174603174606
1 0.9658730158730159 0.6357142857142857 0.06825396825396825 0.4365079365079365