1 0.06993707448107447 0.920555 0.07802404884004883 0.1478383333333333
1 0.7424212551892552 0.07341499999999998 0.056441279609279575 0.10890999999999999
1 0.4047663199023199 0.6540366666666666 0.061342476190476156 0.11963833333333329
1 0.2908960195360195 0.8643099999999999 0.06329795360195359 0.09496333333333329
1 0.20489252258852259 0.4271183333333333 0.05697390964590966 0.10083666666666669
1 0.898531868131868 0.46340333333333333 0.06159753846153856 0.08048333333333335
1 0.4546935091575091 0.59539 0.05684137728937721 0.09210166666666675
1 0.2586531477411477 0.39918 0.038967013431013435 0.08700833333333335
1 0.41959744078144073 0.41870166666666664 0.03828684737484734 0.07840999999999998
1 0.7303808156288155 0.6895516666666667 0.06352550915750914 0.08776666666666677
1 0.4709549792429792 0.2637333333333333 0.054473299145299206 0.07087999999999997
1 0.07748641758241757 0.44956166666666664 0.08094726251526252 0.11809500000000006
1 0.6383458461538462 0.3632533333333333 0.04970713553113552 0.09801833333333332
1 0.3468296752136752 0.36388499999999996 0.04265291330891331 0.07225666666666664
1 0.7029741245421245 0.2713933333333333 0.05301544322344323 0.11896833333333334
1 0.4141636141636142 0.25021 0.059029411477411406 0.08825000000000002
1 0.9199520976800977 0.08627 0.03177775824175821 0.07772166666666666
1 0.7849116288156288 0.757535 0.05543103296703297 0.1144099999999999
1 0.44708915262515264 0.6908500000000001 0.05013223931623926 0.10793999999999992
1 0.2738393553113553 0.54138 0.04712150427350431 0.06496666666666662
1 0.5468235018315019 0.2687716666666667 0.04241285470085471 0.09199333333333334
1 0.9213399365079364 0.20374 0.048096742368742305 0.08006000000000002
1 0.8365717411477411 0.2625883333333333 0.051765137973137955 0.10435499999999998
1 0.3743513943833944 0.7811216666666666 0.07546842490842492 0.09278999999999993
1 0.2322066910866911 0.7426649999999999 0.0457436678876679 0.10003833333333323
1 0.5661607228327229 0.20244666666666666 0.03895951159951164 0.07789000000000001
1 0.28932813675213676 0.9556233333333333 0.08014456654456655 0.08875333333333324
1 0.5572285421245421 0.7920799999999999 0.0777939926739926 0.11613166666666674
1 0.37143318192918184 0.880895 0.07458070818070817 0.10104333333333337
1 0.5220324493284493 0.598515 0.054448293040293104 0.0859266666666667
1 0.38886993894993893 0.38142833333333337 0.03556618315018312 0.06250666666666671
1 0.36290109890109884 0.4308733333333333 0.03659393406593406 0.07214500000000001
1 0.5163060512820512 0.855645 0.05050983150183159 0.09039666666666668
1 0.36369379242979244 0.618885 0.03334314041514039 0.07541833333333336
1 0.24114887423687423 0.8575583333333333 0.0336757216117216 0.08713666666666664
1 0.9646054993894994 0.8979833333333332 0.059894622710622646 0.1467966666666667
1 0.8439335384615383 0.36267166666666667 0.05179514529914514 0.10764166666666664
1 0.7995101929181929 0.639235 0.05721646886446891 0.11116666666666664
1 0.6060479609279609 0.2789066666666667 0.049539594627594684 0.08600166666666664
1 0.05098994871794872 0.5563 0.0920224664224664 0.11452666666666667
1 0.5082690891330891 0.33273 0.05199519413919412 0.07793499999999998
1 0.3121712136752137 0.6565966666666666 0.07524086935286937 0.09522999999999993
1 0.14391513553113552 0.5315833333333333 0.057133948717948725 0.09991666666666665
1 0.036426393162393156 0.7691383333333333 0.0728502857142857 0.11512499999999992
1 0.3015511208791209 0.7430466666666666 0.05877184859584859 0.09826666666666672
1 0.8382921611721611 0.7483416666666667 0.0417176849816851 0.09932500000000011
1 0.12677345054945055 0.39979333333333333 0.04550861050061051 0.11899166666666672
1 0.9669560732600732 0.13566333333333333 0.05757655677655685 0.09748333333333331
1 0.7715083565323565 0.25891 0.05100995360195363 0.08299833333333331
1 0.5265510525030525 0.3333033333333333 0.045091008547008614 0.1257583333333333
1 0.6243474285714286 0.21673166666666668 0.042090275946276005 0.06121833333333332
1 0.29651739194139193 0.37217500000000003 0.04336058608058605 0.08103499999999997
1 0.23237423199023197 0.3400316666666667 0.04243035897435902 0.09445999999999999
1 0.7397656068376068 0.923345 0.043898217338217416 0.08713333333333328
1 0.7389854163614163 0.48477666666666663 0.038061792429792504 0.07895333333333338
1 0.9516798437118437 0.337645 0.04969213186813193 0.09379499999999996
1 0.699478271062271 0.14171166666666665 0.04614876678876679 0.06123000000000001
1 0.7973221587301588 0.18622333333333332 0.056981411477411315 0.07434999999999997
1 0.5851003467643467 0.4003366666666667 0.05288291086691084 0.11698833333333336
1 0.8846509792429792 0.3502383333333333 0.04573116483516493 0.12168833333333329
1 0.6708512820512821 0.20205166666666666 0.040970002442002496 0.06560833333333332
1 0.4650960488400488 0.19435166666666664 0.044243301587301595 0.07524833333333336
1 0.1932021684981685 0.5399933333333333 0.06437821733821733 0.12491333333333338
1 0.33752990476190475 0.196655 0.05001471062271063 0.08520333333333335
1 0.6750072967032967 0.5161716666666667 0.08544336019536027 0.12098166666666671
1 0.5908892600732601 0.4823533333333333 0.03190528937728934 0.058683333333333365
1 0.5779961123321123 0.617945 0.03914705738705732 0.08640000000000003
1 0.6698285323565323 0.8907133333333332 0.03872945543345547 0.07909333333333324
1 0.7332565177045176 0.19936166666666666 0.04114504517704513 0.08748166666666668
1 0.3819232429792429 0.15273 0.03633136996336994 0.06357833333333335
1 0.4568015238095238 0.7932349999999999 0.06969951648351652 0.07961499999999999
1 0.16962891330891333 0.7570666666666666 0.06479831990231992 0.11329999999999996
1 0.2758523467643468 0.18630999999999998 0.027056605616605636 0.05770166666666665
1 0.4159140415140415 0.5367566666666667 0.051227506715506674 0.09455666666666662
1 0.9617673064713066 0.4288866666666667 0.053873152625152756 0.09937499999999999
1 0.7524912136752137 0.33653333333333335 0.04382319902319894 0.08492166666666667
1 0.4152563809523809 0.33707333333333334 0.03224787301587306 0.07211833333333328
1 0.31347903296703294 0.435615 0.03763668864468868 0.06772666666666671
1 0.7338166544566546 0.37964499999999995 0.04711150183150189 0.0848416666666667
1 0.6223744468864468 0.5709033333333333 0.05265535531135529 0.08905333333333343
1 0.5168436825396825 0.193575 0.03599378754578748 0.062211666666666665
1 0.412123115995116 0.19046 0.034323379731379715 0.04439833333333332
1 0.4271542857142857 0.9634933333333333 0.04765163369963372 0.070805
1 0.0625352673992674 0.660685 0.04337558974358975 0.10481166666666675
1 0.9610621343101342 0.053976666666666666 0.048109245421245436 0.056935
1 0.36460401465201464 0.552675 0.03301806105006106 0.08512166666666676
1 0.9136305543345544 0.29462 0.04460338949938954 0.08732666666666666
1 0.5155033553113554 0.7180650000000001 0.0778039951159951 0.08932999999999991
1 0.3331638388278388 0.5233466666666666 0.04417578510378509 0.08276833333333333
1 0.8516654261294262 0.6370549999999999 0.05566609035409024 0.08174499999999996
1 0.12368269597069596 0.6190816666666666 0.06439572161172159 0.09234333333333322
1 0.8638408986568986 0.065165 0.04548610500610516 0.123485
1 0.4775365860805861 0.9666466666666667 0.051710124542124494 0.06670666666666669
1 0.7174951697191698 0.8153866666666666 0.08344287179487184 0.15599999999999992
1 0.740810862026862 0.6185766666666667 0.06417816849816843 0.07375166666666666
1 0.5709318876678877 0.10088499999999999 0.047921699633699584 0.09567499999999998
1 0.5903641318681319 0.15090166666666666 0.036771477411477446 0.05711500000000001
1 0.3664844737484737 0.2617966666666667 0.03200531379731384 0.06494
1 0.6729868034188035 0.7479783333333333 0.05788413186813179 0.07608499999999996
1 0.2730866715506715 0.4754016666666666 0.03778922588522592 0.07513999999999998
1 0.6567528400488399 0.622455 0.04572616361416368 0.07995666666666668
1 0.7609357753357753 0.5574533333333332 0.04687644444444438 0.07152000000000003
1 0.8316305347985349 0.89443 0.0866861636141635 0.1818966666666666
1 0.5663307643467643 0.33958666666666665 0.029192126984127 0.05933833333333338
1 0.8604675750915751 0.19601166666666664 0.05208521611721619 0.068575
1 0.5432451282051282 0.9399716666666666 0.0442933137973138 0.09577666666666662
1 0.5302744615384615 0.5001066666666666 0.05060485470085474 0.10242666666666667
1 0.597598398046398 0.36365166666666665 0.04062491819291815 0.08240666666666663
1 0.6885355995115994 0.9421583333333333 0.05418822954822958 0.0995649999999999
1 0.8063443614163613 0.5350816666666666 0.04723403174603169 0.09748333333333337
1 0.8358915750915751 0.4547933333333333 0.037634188034188054 0.0602516666666667
1 0.7039643663003663 0.4452983333333333 0.04317304029304028 0.07851833333333336
1 0.9039031794871795 0.8980716666666667 0.05776910378510378 0.18109833333333336
1 0.9517498608058609 0.22283333333333333 0.05926196825396837 0.08170999999999998
1 0.7980498363858363 0.08184166666666666 0.046973968253968164 0.10722000000000001
1 0.1097843028083028 0.720695 0.05715895482295483 0.104155
1 0.916021137973138 0.6373733333333332 0.049026969474969505 0.08204499999999992
1 0.5139504761904762 0.95548 0.03663894505494505 0.08088833333333323
1 0.05416822466422467 0.3798183333333333 0.04479093528693528 0.07917333333333332
1 0.4592571233211233 0.4046583333333333 0.0355986910866911 0.06800499999999998
1 0.8976216459096459 0.7171099999999999 0.06308040048840063 0.10967333333333329
1 0.07084479609279609 0.23200499999999996 0.06957198534798534 0.10925666666666664
1 0.4487220512820512 0.32073 0.040634920634920656 0.056041666666666656
1 0.5460733186813187 0.6694766666666667 0.04352062515262509 0.08272666666666662
1 0.3431987887667888 0.295825 0.0544883028083028 0.08925666666666665
1 0.12941659584859583 0.2905816666666667 0.03209533577533578 0.07833666666666661
1 0.9220151013431014 0.75392 0.05788913308913321 0.0897216666666667
1 0.021112654456654462 0.08877999999999998 0.04042736996336996 0.10937666666666665
1 0.18824845909645907 0.2586366666666666 0.03535113064713064 0.12606833333333334
1 0.14304492307692307 0.9730300000000001 0.07327288888888889 0.05089499999999991
1 0.8983693284493285 0.8558866666666666 0.06017969230769244 0.12200833333333327
1 0.151121894993895 0.6673333333333333 0.05852428815628815 0.07386333333333339
1 0.7851616898656898 0.3917033333333333 0.0391945689865689 0.09076833333333334
1 0.23185910622710623 0.172355 0.03799927716727716 0.06781166666666666
1 0.9703296703296703 0.982421875 0.05641025641025641 0.03515625
1 0.7939238290598291 0.9726849999999999 0.05583113064713061 0.054629999999999956
1 0.44696412210012215 0.8847166666666667 0.03633136996336994 0.07549333333333341
1 0.4367741343101343 0.37665499999999996 0.02447097435897443 0.05069000000000001
1 0.29881045177045173 0.15464833333333333 0.036576429792429796 0.07467333333333331
1 0.885371155067155 0.9815966666666667 0.083280332112332 0.036806666666666654
1 0.9871794871794872 0.35107421875 0.02564102564102564 0.1044921875
1 0.6745396825396826 0.07645166666666665 0.05306045421245418 0.08893333333333334
1 0.20470247619047618 0.9613283333333333 0.04563364102564104 0.07315500000000008
1 0.834653772893773 0.13296166666666667 0.046526358974358945 0.08662999999999998
1 0.6096663443223443 0.9188933333333332 0.05415322100122097 0.1337883333333334
1 0.4862912234432234 0.082615 0.03244042002442 0.06464833333333334
1 0.14710341391941392 0.8930783333333333 0.057856625152625143 0.08848999999999996
1 0.19866600244200247 0.9442149999999999 0.024470974358974346 0.04743000000000008
1 0.20535263492063494 0.8959416666666665 0.03373323565323569 0.044990000000000085
1 0.23201164346764347 0.9107366666666666 0.026736527472527475 0.03072499999999989
1 0.19421991697191696 0.8530650000000001 0.033403155067155084 0.04603166666666669
1 0.16145441758241758 0.8268833333333333 0.028186881562881575 0.04300666666666664
1 0.20078902075702076 0.805995 0.03145768009768011 0.056048333333333256
1 0.10379033943833943 0.8237800000000001 0.029377172161172152 0.043195000000000094
1 0.07889426129426129 0.8274633333333332 0.0316727326007326 0.06609500000000001
1 0.26775536996336996 0.6091166666666666 0.04750409768009765 0.07343333333333324
1 0.23606263247863246 0.6335166666666666 0.032095335775335736 0.06832833333333332
1 0.20865844200244196 0.6480183333333334 0.044460854700854716 0.08545333333333338
1 0.037339115995115996 0.31734 0.032182857142857145 0.058169999999999944
1 0.06461327472527473 0.3054283333333333 0.03189778754578755 0.05718500000000004
1 0.015763848595848593 0.26149 0.031527697191697186 0.052616666666666645
1 0.09873410500610501 0.18278666666666665 0.027009094017094015 0.037916666666666654
1 0.14487536996336994 0.21433666666666665 0.027736771672771693 0.056294999999999984
1 0.16916379975579973 0.20387666666666665 0.025261167277167276 0.02510333333333331
1 0.22137654700854698 0.26363 0.026616498168498134 0.043166666666666687
1 0.24771797802197804 0.2567 0.025356190476190515 0.044073333333333325
1 0.2656873650793651 0.30204166666666665 0.02083508669108668 0.03395999999999999
1 0.28493456410256407 0.3207583333333333 0.0410275164835165 0.03286833333333339
1 0.3373573626373626 0.30521166666666666 0.035093567765567796 0.041583333333333306
1 0.4247662026862027 0.26825 0.030745006105006134 0.047273333333333306
1 0.2943118534798535 0.26052 0.023178158730158743 0.027318333333333333
1 0.27494462515262513 0.23464666666666667 0.03067999023199025 0.03656333333333331
1 0.2985403858363858 0.21950333333333333 0.03548866422466418 0.028108333333333346
1 0.2201412454212454 0.22730999999999998 0.0202899536019536 0.025741666666666663
1 0.16744087912087913 0.17299333333333333 0.03116510866910866 0.03731333333333331
1 0.18664056654456654 0.15852333333333332 0.02970975335775335 0.030908333333333315
1 0.23404964102564102 0.14040166666666665 0.021275194139194178 0.022834999999999994
1 0.18969381196581198 0.13146666666666665 0.03279800732600731 0.03434333333333334
1 0.14303242002442002 0.15922999999999998 0.025821304029304035 0.02105499999999999
1 0.14826119658119657 0.14160333333333333 0.02299311355311356 0.020409999999999984
1 0.14385762148962147 0.10781833333333332 0.02022243711843713 0.021254999999999996
1 0.1616269597069597 0.10639833333333333 0.018326974358974363 0.021235000000000004
1 0.12663341636141637 0.13887333333333332 0.034080820512820534 0.033061666666666656
1 0.08277520879120878 0.13158999999999998 0.02244798046398045 0.04143166666666666
1 0.10704863492063492 0.13367833333333334 0.020875096459096458 0.02106000000000001
1 0.09907668864468865 0.10998666666666665 0.025461216117216127 0.021570000000000006
1 0.06199763614163614 0.07864333333333333 0.024968595848595846 0.033736666666666665
1 0.08280521611721611 0.070705 0.021295199023199027 0.02429666666666666
1 0.10372532356532357 0.07127166666666666 0.02570377533577533 0.022614999999999996
1 0.11593330402930402 0.09347166666666668 0.02234295482295482 0.029586666666666678
1 0.07022464468864467 0.046051666666666664 0.02994981196581197 0.029725
1 0.10548325274725273 0.04311333333333333 0.02197036385836387 0.03350666666666667
1 0.15783103296703294 0.05817 0.030054837606837612 0.046315
1 0.18294466422466424 0.057441666666666655 0.022925597069597074 0.029161666666666662
1 0.6293936605616606 0.6594616666666666 0.05264785347985341 0.055041666666666655
1 0.6480007032967032 0.6993449999999999 0.03987473504273508 0.04560833333333325
1 0.9772893772893773 0.79052734375 0.04542124542124542 0.0712890625
1 0.9802197802197802 0.707763671875 0.03956043956043956 0.06494140625
1 0.9783882783882784 0.63427734375 0.04322344322344322 0.07421875
1 0.9598143296703296 0.6796116666666666 0.029797274725274707 0.03730833333333328
1 0.9217850451770452 0.5433749999999999 0.05638376556776549 0.08969833333333338
1 0.9632701733821734 0.5042599999999999 0.05444329181929169 0.04878833333333338
1 0.872833094017094 0.4982816666666666 0.02899207814407818 0.043216666666666625
1 0.8969339780219779 0.13371833333333333 0.03948964102564088 0.048338333333333316
1 0.9218725665445666 0.031625 0.02730416605616603 0.03165166666666666
1 0.6915613382173382 0.021458333333333333 0.05828172893772897 0.042916666666666665
1 0.6129696507936508 0.06757333333333333 0.03856691575091572 0.058219999999999994
1 0.6465503492063492 0.03331 0.028719511599511516 0.05789
1 0.5908917606837606 0.04127833333333333 0.02837692796092797 0.02737666666666666
1 0.5377837948717948 0.054226666666666666 0.02546871794871789 0.04289833333333333
1 0.5536526691086692 0.009668333333333333 0.03548866422466418 0.019336666666666665
1 0.5015024371184371 0.04914333333333333 0.058416761904761985 0.0748
1 0.44829694749694754 0.074545 0.03472097680097672 0.03354333333333332
1 0.45856945543345534 0.12012833333333332 0.03969719169719174 0.06150999999999998
1 0.5019900561660562 0.1277 0.028179379731379777 0.04599833333333332
1 0.5338953455433455 0.1524633333333333 0.033263120879120915 0.04836166666666669
1 0.4265491379731379 0.15164333333333332 0.03580374114774117 0.03728833333333331
1 0.39182566056166057 0.09910666666666666 0.04278294505494503 0.051536666666666675
1 0.32695232234432237 0.08681499999999999 0.02837442735042734 0.033085
1 0.33418658852258853 0.12602166666666667 0.03222786813186813 0.044528333333333336
1 0.351780884004884 0.10756666666666666 0.027794285714285733 0.031668333333333326
1 0.35278863003663 0.06776 0.024856068376068387 0.04544
1 0.37426887423687416 0.06439166666666667 0.022527999999999958 0.031156666666666666
1 0.40443373870573873 0.05746166666666666 0.03403080830280837 0.04465333333333333
1 0.434413557997558 0.04202 0.020399980463980515 0.02225833333333334
1 0.45609135042735044 0.052239999999999995 0.025546236874236825 0.03468000000000001
1 0.3812080683760684 0.029388333333333336 0.027209142857142876 0.034725000000000006
1 0.310865894993895 0.054181666666666656 0.025216156288156325 0.02630166666666666
1 0.29300153357753356 0.040328333333333334 0.03052745299145301 0.03585166666666667
1 0.3168148473748474 0.02182833333333333 0.021542759462759506 0.022434999999999997
1 0.2597934261294262 0.08075833333333333 0.027089113553113536 0.047381666666666676
1 0.27417693772893775 0.06788333333333334 0.02189284493284494 0.032953333333333334
1 0.23903085714285713 0.06081 0.02519115018315014 0.028709999999999992
1 0.2257851233211233 0.041425000000000003 0.024173401709401746 0.025783333333333328
1 0.2032021098901099 0.038911666666666664 0.02287558485958489 0.02783166666666667
1 0.2181382564102564 0.08749166666666668 0.036473904761904756 0.06273666666666666
1 0.21561764102564104 0.12712333333333334 0.013740854700854687 0.018905000000000005
1 0.24894077655677654 0.12788333333333332 0.018121924297924336 0.01806833333333334