1 0.7539724576271186 0.5005296610169492 0.392478813559322 0.4099576271186441
1 0.06329449152542373 0.7023305084745762 0.024364406779661018 0.05508474576271186
1 0.08315677966101695 0.7010063559322034 0.019067796610169493 0.05985169491525424
1 0.09666313559322035 0.6885593220338984 0.014300847457627119 0.046610169491525424
1 0.1104343220338983 0.6896186440677966 0.019067796610169493 0.07203389830508475
1 0.12658898305084745 0.6949152542372882 0.020127118644067795 0.06567796610169492
1 0.14804025423728814 0.6771716101694916 0.028072033898305086 0.05190677966101695
1 0.16816737288135594 0.6745233050847458 0.019067796610169493 0.030190677966101694
1 0.2055084745762712 0.6957097457627118 0.03548728813559322 0.05296610169491525
1 0.23808262711864406 0.6890889830508474 0.0323093220338983 0.05402542372881356
1 0.2576800847457627 0.6848516949152542 0.014300847457627119 0.03548728813559322
1 0.2772775423728814 0.6777012711864406 0.03125 0.05614406779661017
1 0.3095868644067797 0.6972987288135594 0.03548728813559322 0.048728813559322036
1 0.3548728813559322 0.6901483050847458 0.048728813559322036 0.055614406779661014
1 0.3951271186440678 0.6729343220338984 0.029661016949152543 0.03283898305084746
1 0.5463453389830508 0.6972987288135594 0.03336864406779661 0.03177966101694915