1 0.019318181818181818 0.16565656565656567 0.01818181818181818 0.09494949494949495
1 0.13892045454545454 0.3464646464646465 0.051704545454545454 0.13636363636363635
1 0.13039772727272728 0.4575757575757576 0.0375 0.10404040404040404
1 0.16647727272727272 0.902020202020202 0.036931818181818184 0.07575757575757576
1 0.26789772727272726 0.3803030303030303 0.048863636363636366 0.08282828282828283
1 0.11164772727272727 0.9106060606060606 0.04147727272727273 0.08888888888888889
1 0.18352272727272728 0.31212121212121213 0.03636363636363636 0.09494949494949495
1 0.5613636363636364 0.1303030303030303 0.033522727272727273 0.07474747474747474
1 0.13920454545454544 0.22626262626262628 0.04431818181818182 0.09393939393939393
1 0.10568181818181818 0.03686868686868687 0.05 0.07373737373737374
1 0.3502840909090909 0.35505050505050506 0.05284090909090909 0.12828282828282828
1 0.328125 0.14343434343434344 0.04431818181818182 0.12525252525252525
1 0.2713068181818182 0.4904040404040404 0.05397727272727273 0.14747474747474748
1 0.053409090909090906 0.1383838383838384 0.045454545454545456 0.10606060606060606
1 0.09829545454545455 0.2883838383838384 0.040340909090909094 0.09595959595959595
1 0.2713068181818182 0.3055555555555556 0.03806818181818182 0.0898989898989899
1 0.05284090909090909 0.4919191919191919 0.05397727272727273 0.13232323232323231
1 0.010227272727272727 0.35 0.014204545454545454 0.08585858585858586
1 0.0625 0.3904040404040404 0.051704545454545454 0.1292929292929293
1 0.6039772727272728 0.3838383838383838 0.06704545454545455 0.2202020202020202
1 0.18011363636363636 0.4015151515151515 0.042045454545454546 0.09090909090909091
1 0.05738636363636364 0.9090909090909091 0.044886363636363634 0.07878787878787878
1 0.8784090909090909 0.1303030303030303 0.028977272727272727 0.08080808080808081
1 0.07755681818181819 0.21313131313131314 0.03295454545454545 0.07575757575757576
1 0.16761363636363635 0.5025252525252525 0.048295454545454544 0.1292929292929293
1 0.22386363636363638 0.2767676767676768 0.040340909090909094 0.12525252525252525
1 0.3125 0.5166666666666667 0.051704545454545454 0.13535353535353536
1 0.15028409090909092 0.07929292929292929 0.044886363636363634 0.11515151515151516
1 0.30767045454545455 0.2691919191919192 0.06931818181818182 0.14444444444444443
1 0.7144886363636364 0.1919191919191919 0.03238636363636364 0.08282828282828283
1 0.6113636363636363 0.08888888888888889 0.035227272727272725 0.09292929292929293
1 0.49630681818181815 0.031818181818181815 0.026704545454545453 0.06363636363636363
1 0.22840909090909092 0.42272727272727273 0.04261363636363636 0.10606060606060606
1 0.39602272727272725 0.07828282828282829 0.0375 0.09191919191919191
1 0.011647727272727273 0.44494949494949493 0.023295454545454546 0.12626262626262627
1 0.6465909090909091 0.1388888888888889 0.0375 0.10707070707070707
1 0.6491477272727273 0.3393939393939394 0.04659090909090909 0.11717171717171718
1 0.23039772727272728 0.4994949494949495 0.031818181818181815 0.08181818181818182
1 0.7627840909090909 0.11212121212121212 0.038636363636363635 0.10303030303030303
1 0.06164772727272727 0.30303030303030304 0.03806818181818182 0.0797979797979798
1 0.4213068181818182 0.4616161616161616 0.05 0.1111111111111111
1 0.49971590909090907 0.22575757575757577 0.035227272727272725 0.1191919191919192
1 0.44176136363636365 0.47373737373737373 0.03920454545454546 0.09797979797979799
1 0.4954545454545455 0.8484848484848485 0.044886363636363634 0.08787878787878788
1 0.23607954545454546 0.03232323232323232 0.05397727272727273 0.06464646464646465
1 0.5386363636363637 0.5904040404040404 0.05965909090909091 0.1686868686868687
1 0.038636363636363635 0.251010101010101 0.035227272727272725 0.06868686868686869
1 0.4971590909090909 0.09444444444444444 0.024431818181818183 0.06161616161616162
1 0.5852272727272727 0.19242424242424241 0.02784090909090909 0.06161616161616162
1 0.9514204545454545 0.09292929292929293 0.02159090909090909 0.0595959595959596
1 0.44943181818181815 0.11363636363636363 0.05738636363636364 0.15757575757575756
1 0.32329545454545455 0.4106060606060606 0.04659090909090909 0.09393939393939393
1 0.27755681818181815 0.15303030303030302 0.03409090909090909 0.0707070707070707
1 0.7088068181818182 0.12878787878787878 0.03125 0.08585858585858586
1 0.5161931818181819 0.15303030303030302 0.02556818181818182 0.0707070707070707
1 0.10482954545454545 0.7222222222222222 0.040340909090909094 0.07575757575757576
1 0.5326704545454546 0.24797979797979797 0.05 0.15353535353535352
1 0.4127840909090909 0.028282828282828285 0.02784090909090909 0.05656565656565657
1 0.35198863636363636 0.48838383838383836 0.03920454545454546 0.09090909090909091
1 0.6818181818181818 0.09191919191919191 0.03579545454545455 0.11414141414141414
1 0.5761363636363637 0.025757575757575757 0.025 0.03838383838383838
1 0.40142045454545455 0.591919191919192 0.058522727272727275 0.13535353535353536
1 0.4642045454545455 0.5343434343434343 0.06647727272727273 0.17676767676767677
1 0.024431818181818183 0.8383838383838383 0.03636363636363636 0.07171717171717172
1 0.23863636363636365 0.18181818181818182 0.03295454545454545 0.06565656565656566
1 0.5082386363636363 0.7318181818181818 0.03920454545454546 0.06767676767676768
1 0.9048295454545454 0.09545454545454546 0.020454545454545454 0.051515151515151514
1 0.7931818181818182 0.26212121212121214 0.04659090909090909 0.14343434343434344
1 0.40085227272727275 0.3934343434343434 0.04318181818181818 0.10303030303030303
1 0.04403409090909091 0.05757575757575758 0.05795454545454545 0.0696969696969697
1 0.3588068181818182 0.021717171717171718 0.05056818181818182 0.043434343434343436
1 0.5488636363636363 0.7116161616161616 0.030113636363636363 0.07272727272727272
1 0.6446022727272728 0.04898989898989899 0.030113636363636363 0.06767676767676768
1 0.9272727272727272 0.10151515151515152 0.024431818181818183 0.06262626262626263
1 0.10454545454545454 0.5676767676767677 0.055113636363636365 0.14343434343434344
1 0.1940340909090909 0.06616161616161616 0.058522727272727275 0.13232323232323231
1 0.09460227272727273 0.4297979797979798 0.03238636363636364 0.1111111111111111
1 0.6414772727272727 0.5762626262626263 0.05454545454545454 0.09696969696969697
1 0.75 0.05454545454545454 0.03238636363636364 0.051515151515151514
1 0.17982954545454546 0.2191919191919192 0.029545454545454545 0.07171717171717172