1 0.22494239631336405 0.1001727115716753 0.03686635944700461 0.08117443868739206
1 0.24279953917050692 0.5241796200345423 0.08294930875576037 0.13903281519861832
1 0.1005184331797235 0.4835924006908463 0.0673963133640553 0.11917098445595854
1 0.1480414746543779 0.12867012089810018 0.048963133640553 0.09844559585492228
1 0.27793778801843316 0.16709844559585493 0.0587557603686636 0.1070811744386874
1 0.0918778801843318 0.18739205526770294 0.05184331797235023 0.11053540587219343
1 0.3836405529953917 0.6377374784110535 0.051267281105990783 0.1157167530224525
1 0.019873271889400922 0.6895509499136442 0.039746543778801845 0.15975820379965458
1 0.3873847926267281 0.266839378238342 0.04377880184331797 0.10535405872193437
1 0.6097350230414746 0.3531951640759931 0.036290322580645164 0.07253886010362694
1 0.04579493087557604 0.3536269430051813 0.06394009216589862 0.14162348877374784
1 0.10023041474654378 0.09844559585492228 0.03744239631336405 0.07081174438687392
1 0.5144009216589862 0.011226252158894647 0.027649769585253458 0.022452504317789293
1 0.8945852534562212 0.07512953367875648 0.06105990783410138 0.13126079447322972
1 0.48444700460829493 0.13255613126079446 0.048963133640553 0.13557858376511225
1 0.3490783410138249 0.5695164075993091 0.04665898617511521 0.10189982728842832
1 0.7865783410138248 0.5634715025906736 0.08006912442396313 0.16839378238341968
1 0.09936635944700462 0.28842832469775476 0.03686635944700461 0.10276338514680483
1 0.8029953917050692 0.12176165803108809 0.04205069124423963 0.10880829015544041
1 0.31163594470046085 0.45077720207253885 0.04608294930875576 0.10189982728842832
1 0.1532258064516129 0.44516407599309155 0.044930875576036866 0.10880829015544041
1 0.41273041474654376 0.6804835924006909 0.03686635944700461 0.07081174438687392
1 0.18922811059907835 0.8877374784110535 0.051267281105990783 0.12003454231433507
1 0.01238479262672811 0.4939550949913644 0.02476958525345622 0.13126079447322972
1 0.589573732718894 0.9632987910189983 0.06854838709677419 0.07340241796200346
1 0.6846198156682027 0.5509499136442142 0.051267281105990783 0.12003454231433507
1 0.6396889400921659 0.5047495682210709 0.057027649769585256 0.07858376511226252
1 0.956221198156682 0.4063039723661485 0.055299539170506916 0.1079447322970639
1 0.3148041474654378 0.31044905008635576 0.04550691244239631 0.09844559585492228
1 0.2171658986175115 0.6800518134715026 0.048963133640553 0.1234887737478411
1 0.23329493087557604 0.405440414507772 0.03571428571428571 0.07772020725388601
1 0.7309907834101382 0.2646804835924007 0.03744239631336405 0.11226252158894647
1 0.3908410138248848 0.01683937823834197 0.03398617511520737 0.03367875647668394
1 0.9951036866359447 0.2914507772020725 0.009792626728110598 0.05094991364421416
1 0.5662442396313364 0.6981865284974094 0.13536866359447006 0.192573402417962
1 0.47148617511520735 0.3376511226252159 0.05357142857142857 0.10103626943005181
1 0.08986175115207373 0.04231433506044905 0.06566820276497695 0.0846286701208981
1 0.6970046082949308 0.6610535405872193 0.07085253456221198 0.12780656303972365
1 0.39400921658986177 0.39162348877374786 0.02880184331797235 0.06217616580310881
1 0.33496543778801846 0.14766839378238342 0.04723502304147465 0.10880829015544041
1 0.46630184331797236 0.6502590673575129 0.05184331797235023 0.12867012089810018
1 0.14055299539170507 0.8095854922279793 0.06624423963133641 0.15284974093264247