1 0.21241457858769933 0.7851208459214502 0.10478359908883828 0.15332326283987915
1 0.08143507972665148 0.6627643504531722 0.09339407744874716 0.2122356495468278
1 0.6173120728929385 0.822129909365559 0.3542141230068337 0.31344410876132933
1 0.7744874715261959 0.7118580060422961 0.14236902050113895 0.18277945619335348
1 0.8775626423690205 0.697129909365559 0.0888382687927107 0.1608761329305136
1 0.9441913439635535 0.6903323262839879 0.09225512528473805 0.1472809667673716
1 0.9886104783599089 0.7345166163141994 0.022779043280182234 0.20921450151057402
1 0.8861047835990888 0.5336102719033232 0.0774487471526196 0.14274924471299094
1 0.7961275626423691 0.5861027190332326 0.05125284738041002 0.07175226586102719
1 0.929384965831435 0.48527190332326287 0.05466970387243736 0.12764350453172205
1 0.9800683371298405 0.466012084592145 0.03986332574031891 0.11329305135951662
1 0.9886104783599089 0.5694864048338368 0.022779043280182234 0.0634441087613293
1 0.6850797266514806 0.6597432024169184 0.0683371298405467 0.10347432024169184
1 0.27505694760820043 0.6824018126888217 0.0489749430523918 0.08006042296072508
1 0.30125284738041 0.6672960725075529 0.02847380410022779 0.03700906344410876
1 0.41059225512528474 0.6200906344410876 0.03986332574031891 0.05211480362537765
1 0.4498861047835991 0.599320241691843 0.05580865603644647 0.07628398791540786
1 0.12927107061503418 0.804380664652568 0.07972665148063782 0.07628398791540786
1 0.6292710706150342 0.5128398791540786 0.03986332574031891 0.0513595166163142
1 0.5820045558086561 0.5506042296072508 0.03416856492027335 0.045317220543806644
1 0.3559225512528474 0.6910876132930514 0.05808656036446469 0.06570996978851963
1 0.41116173120728927 0.6850453172205438 0.05011389521640091 0.05211480362537765