1 0.1675347222222222 0.1762152777777778 0.1909722222222222 0.3263888888888889
1 0.010416666666666666 0.15625 0.020833333333333332 0.2638888888888889
1 0.019965277777777776 0.4027777777777778 0.03993055555555555 0.25
1 0.05295138888888889 0.3038194444444444 0.0920138888888889 0.4756944444444444
1 0.09635416666666667 0.4140625 0.04861111111111111 0.14583333333333334
1 0.12586805555555555 0.3993055555555556 0.043402777777777776 0.13541666666666666
1 0.1762152777777778 0.4045138888888889 0.05381944444444445 0.1267361111111111
1 0.21614583333333334 0.4331597222222222 0.05555555555555555 0.21006944444444445
1 0.2925347222222222 0.4001736111111111 0.109375 0.453125
1 0.3402777777777778 0.3793402777777778 0.09375 0.3576388888888889
1 0.4123263888888889 0.3159722222222222 0.10243055555555555 0.4097222222222222
1 0.3880208333333333 0.0685763888888889 0.07118055555555555 0.13020833333333334
1 0.5399305555555556 0.1015625 0.0763888888888889 0.203125
1 0.5121527777777778 0.4479166666666667 0.10069444444444445 0.4184027777777778
1 0.5642361111111112 0.4479166666666667 0.0920138888888889 0.4427083333333333
1 0.6145833333333334 0.3767361111111111 0.10243055555555555 0.4270833333333333
1 0.6293402777777778 0.06684027777777778 0.07118055555555555 0.13368055555555555
1 0.6840277777777778 0.24479166666666666 0.10069444444444445 0.3888888888888889
1 0.7994791666666666 0.3402777777777778 0.17881944444444445 0.5763888888888888
1 0.9253472222222222 0.4288194444444444 0.11979166666666667 0.4878472222222222
1 0.9756944444444444 0.3845486111111111 0.04861111111111111 0.4774305555555556