1 0.02054794520547945 0.13227016885553472 0.03530031612223393 0.08724202626641651
1 0.14673340358271866 0.2898686679174484 0.044783983140147525 0.12288930581613508
1 0.1417281348788198 0.39399624765478425 0.0321390937829294 0.09380863039399624
1 0.18730242360379346 0.8025328330206379 0.0321390937829294 0.0675422138836773
1 0.26685985247629085 0.3100375234521576 0.04373024236037935 0.07317073170731707
1 0.136986301369863 0.8236397748592871 0.03635405690200211 0.0947467166979362
1 0.18677555321390937 0.25422138836772984 0.03108535300316122 0.08536585365853659
1 0.5318756585879874 0.0525328330206379 0.02897787144362487 0.0675422138836773
1 0.14357218124341412 0.17823639774859287 0.03898840885142255 0.08442776735459662
1 0.10616438356164383 0.01876172607879925 0.04267650158061117 0.0375234521575985
1 0.3424657534246575 0.2795497185741088 0.0458377239199157 0.11444652908067542
1 0.31612223393045313 0.08536585365853659 0.037934668071654375 0.1125703564727955
1 0.2731822971548999 0.41181988742964354 0.04636459430979979 0.13227016885553472
1 0.0619072708113804 0.10412757973733583 0.03951527924130664 0.0947467166979362
1 0.10748155953635406 0.2396810506566604 0.03477344573234984 0.08630393996247655
1 0.26817702845100105 0.2401500938086304 0.033192834562697573 0.08067542213883677
1 0.0708640674394099 0.43198874296435275 0.04689146469968388 0.11819887429643527
1 0.017123287671232876 0.30393996247654786 0.03108535300316122 0.07973733583489681
1 0.07692307692307693 0.33724202626641653 0.044257112750263436 0.11632270168855535
1 0.5782402528977871 0.28424015009380865 0.05637513171759747 0.199812382739212
1 0.01185458377239199 0.8377110694183865 0.02370916754478398 0.0975609756097561
1 0.1862486828240253 0.33771106941838647 0.0368809272918862 0.08161350844277673
1 0.08667017913593256 0.8287992495309568 0.03951527924130664 0.08818011257035648
1 0.8248155953635405 0.03517823639774859 0.02476290832455216 0.051594746716697934
1 0.08614330874604847 0.17166979362101314 0.02845100105374078 0.0675422138836773
1 0.17755532139093783 0.43198874296435275 0.0410958904109589 0.11632270168855535
1 0.22339304531085352 0.2176360225140713 0.03424657534246575 0.11350844277673545
1 0.3119072708113804 0.4324577861163227 0.044783983140147525 0.12195121951219512
1 0.14963119072708114 0.04643527204502814 0.03898840885142255 0.09287054409005628
1 0.30084299262381453 0.20356472795497185 0.06111696522655427 0.12851782363977485
1 0.6754478398314014 0.09662288930581614 0.02792413066385669 0.07410881801125703
1 0.5769230769230769 0.02673545966228893 0.030031612223393046 0.04971857410881801
1 0.2315595363540569 0.3527204502814259 0.0368809272918862 0.0947467166979362
1 0.37697576396206534 0.02954971857410882 0.0321390937829294 0.05909943714821764
1 0.020811380400421495 0.39165103189493433 0.04056902002107481 0.11632270168855535
1 0.6111696522655427 0.05347091932457786 0.03161222339304531 0.09662288930581614
1 0.618809272918862 0.23921200750469043 0.04056902002107481 0.1050656660412758
1 0.23551106427818758 0.42401500938086306 0.0273972602739726 0.07410881801125703
1 0.7173340358271865 0.03517823639774859 0.033192834562697573 0.058161350844277676
1 0.0737618545837724 0.25609756097560976 0.033192834562697573 0.07129455909943715
1 0.41148577449947316 0.3724202626641651 0.04373024236037935 0.09943714821763602
1 0.4773445732349842 0.14681050656660413 0.029504741833508957 0.10787992495309569
1 0.43045310853530033 0.3818011257035647 0.03424657534246575 0.08818011257035648
1 0.4905163329820864 0.724671669793621 0.03898840885142255 0.07879924953095685
1 0.2273445732349842 0.009380863039399626 0.04689146469968388 0.01876172607879925
1 0.5234457323498419 0.4817073170731707 0.051106427818756586 0.1529080675422139
1 0.05821917808219178 0.951688555347092 0.0458377239199157 0.07035647279549719
1 0.051106427818756586 0.20966228893058161 0.03108535300316122 0.06097560975609756
1 0.47102212855637515 0.025797373358348967 0.02107481559536354 0.051594746716697934
1 0.5555848261327714 0.10834896810506567 0.02423603793466807 0.055347091932457786
1 0.00869336143308746 0.23686679174484052 0.012644889357218124 0.05628517823639775
1 0.4275553213909378 0.05863039399624766 0.04899894625922023 0.11726078799249531
1 0.3190200210748156 0.3334896810506567 0.0410958904109589 0.08442776735459662
1 0.2697576396206533 0.09849906191369606 0.030031612223393046 0.06285178236397748
1 0.6680716543730242 0.04080675422138837 0.026343519494204427 0.07223264540337711
1 0.49077976817702845 0.07786116322701689 0.02160168598524763 0.06378986866791744
1 0.12539515279241306 0.6411819887429644 0.03582718651211802 0.06660412757973734
1 0.5084299262381454 0.16416510318949343 0.04214963119072708 0.13883677298311445
1 0.3479978925184405 0.40290806754221387 0.03424657534246575 0.08161350844277673
1 0.018967334035827187 0.9479362101313321 0.037934668071654375 0.07410881801125703
1 0.6419915700737618 0.03095684803001876 0.029504741833508957 0.054409005628517824
1 0.3964699683877766 0.4948405253283302 0.051106427818756586 0.12195121951219512
1 0.45310853530031614 0.4357410881801126 0.05742887249736565 0.15947467166979362
1 0.05400421496311907 0.7556285178236398 0.0321390937829294 0.06378986866791744
1 0.23445732349841938 0.12851782363977485 0.02897787144362487 0.058161350844277676
1 0.49894625922023184 0.6153846153846154 0.03477344573234984 0.0600375234521576
1 0.7502634351949421 0.15525328330206378 0.03951527924130664 0.1294559099437148
1 0.3904109589041096 0.31097560975609756 0.037407797681770286 0.09287054409005628
1 0.04978925184404637 0.03095684803001876 0.0547945205479452 0.0600375234521576
1 0.53609062170706 0.5928705440900562 0.025816649104320338 0.0647279549718574
1 0.12091675447839831 0.4976547842401501 0.04741833508956796 0.1294559099437148
1 0.18914646996838777 0.04221388367729831 0.04952581664910432 0.08442776735459662
1 0.1077449947312961 0.3710131332082552 0.0273972602739726 0.10037523452157598
1 0.6182824025289779 0.4596622889305816 0.04794520547945205 0.08536585365853659
1 0.00922023182297155 0.1852720450281426 0.013171759747102213 0.058161350844277676
1 0.18097997892518441 0.16791744840525327 0.025816649104320338 0.0647279549718574
1 0.40648050579557427 0.22467166979362102 0.02897787144362487 0.08818011257035648
1 0.43387776606954687 0.17776735459662288 0.03477344573234984 0.11350844277673545
1 0.38303477344573233 0.18292682926829268 0.03161222339304531 0.1022514071294559
1 0.6317175974710221 0.5956848030018762 0.05532139093782929 0.20356472795497185
1 0.5305584826132771 0.8058161350844277 0.05005268703898841 0.1425891181988743
1 0.5263435194942044 0.6833958724202627 0.044257112750263436 0.0975609756097561
1 0.34536354056902 0.7833020637898687 0.059536354056902004 0.1200750469043152
1 0.3445732349841939 0.5042213883677298 0.04320337197049526 0.12570356472795496
1 0.18703898840885141 0.5984990619136961 0.08113804004214963 0.11538461538461539
1 0.2868809272918862 0.6074108818011257 0.08377239199157008 0.1575984990619137
1 0.16253951527924132 0.7293621013133208 0.0410958904109589 0.11350844277673545
1 0.642781875658588 0.32598499061913694 0.06954689146469968 0.18198874296435272