1 0.7084227467811158 0.5107296137339056 0.411480686695279 0.4281115879828326
1 0.004828326180257511 0.6649678111587983 0.009656652360515022 0.05633047210300429
1 0.016630901287553648 0.6657725321888412 0.02145922746781116 0.0611587982832618
1 0.03138412017167382 0.6542381974248928 0.016094420600858368 0.04774678111587983
1 0.045064377682403435 0.6561158798283262 0.021995708154506438 0.07349785407725322
1 0.060890557939914165 0.6625536480686696 0.022532188841201718 0.06706008583690987
1 0.08395922746781116 0.6461909871244635 0.030042918454935622 0.053111587982832616
1 0.10434549356223176 0.6451180257510729 0.0203862660944206 0.03165236051502146
1 0.1405579399141631 0.6692596566523605 0.03755364806866953 0.05525751072961373
1 0.17408798283261803 0.6646995708154506 0.034334763948497854 0.055793991416309016
1 0.194206008583691 0.6617489270386266 0.01555793991416309 0.03648068669527897
1 0.21432403433476394 0.6561158798283262 0.03379828326180258 0.05793991416309013
1 0.24570815450643776 0.6781115879828327 0.03755364806866953 0.05042918454935622
1 0.2921137339055794 0.6740879828326181 0.05150214592274678 0.05793991416309013
1 0.33369098712446355 0.6593347639484979 0.03111587982832618 0.034334763948497854
1 0.48497854077253216 0.6947424892703863 0.03487124463519313 0.033261802575107295