1 0.7157497303128371 0.7528790786948176 0.08090614886731391 0.15067178502879078
1 0.8341423948220065 0.8824376199616123 0.11380798274002157 0.23512476007677544
1 0.6294498381877023 0.7029750479846449 0.07982740021574973 0.30614203454894434
1 0.5687702265372169 0.7005758157389635 0.09169363538295577 0.31190019193857965
1 0.21251348435814454 0.8795585412667947 0.11596548004314995 0.16314779270633398
1 0.2842502696871629 0.7528790786948176 0.07011866235167206 0.14587332053742802
1 0.35086299892125133 0.6924184261036468 0.04746494066882417 0.10940499040307101
1 0.3964401294498382 0.7192898272552783 0.04584681769147789 0.1746641074856046
1 0.4236785329018339 0.6185220729366603 0.039913700107874865 0.07677543186180422
1 0.4382416396979504 0.5575815738963532 0.043149946062567425 0.11228406909788867
1 0.4679072276159655 0.6444337811900192 0.040992448759439054 0.1401151631477927
1 0.5102481121898598 0.8296545105566219 0.0895361380798274 0.15834932821497122
1 0.5159115426105717 0.5393474088291746 0.038834951456310676 0.10940499040307101
1 0.5455771305285868 0.5081573896353166 0.02696871628910464 0.052783109404990404
1 0.5647249190938511 0.46209213051823417 0.03344120819848975 0.07005758157389635
1 0.4449838187702265 0.44049904030710174 0.030744336569579287 0.06813819577735125
1 0.4617044228694714 0.3761996161228407 0.034519956850053934 0.08061420345489444
1 0.3786407766990291 0.44817658349328215 0.030744336569579287 0.07005758157389635
1 0.37648327939590076 0.555662188099808 0.05070118662351672 0.1420345489443378
1 0.3058252427184466 0.5110364683301344 0.02912621359223301 0.0710172744721689
1 0.31903991370010787 0.5734165067178503 0.038295577130528585 0.08829174664107485
1 0.2540453074433657 0.5916506717850288 0.04962243797195254 0.09404990403071017
1 0.2481121898597627 0.6780230326295585 0.05285868392664509 0.10460652591170826
1 0.1890507011866235 0.536468330134357 0.04908306364617044 0.10076775431861804
1 0.26672060409924486 0.4894433781190019 0.05285868392664509 0.0854126679462572
1 0.34331175836030203 0.463531669865643 0.043149946062567425 0.13339731285988485
1 0.3087918015102481 0.43809980806142035 0.032362459546925564 0.06333973128598848
1 0.3179611650485437 0.3824376199616123 0.039374325782092774 0.06238003838771593
1 0.1912081984897519 0.45777351247600767 0.042071197411003236 0.07293666026871401
1 0.1593851132686084 0.40786948176583493 0.03290183387270766 0.05470249520153551
1 0.12837108953613807 0.3781190019193858 0.0372168284789644 0.1036468330134357
1 0.09466019417475728 0.6540307101727447 0.08090614886731391 0.14587332053742802
1 0.21413160733549083 0.32581573896353166 0.043149946062567425 0.07581573896353166