1 0.04323015873015873 0.19766717692000055 0.039678571428571424 0.0793563636865114
1 0.16535714285714284 0.3394904637789086 0.040329365079365076 0.1126127453008426
1 0.16175 0.4358563016286735 0.028960317460317464 0.08609943044695431
1 0.20757539682539683 0.8130655744487195 0.02927777777777779 0.06200797098451303
1 0.27698015873015874 0.3548194668542192 0.039686507936507964 0.0666963441038159
1 0.16108333333333333 0.8338808213699612 0.03296031746031747 0.08653013942327584
1 0.20223809523809524 0.3053514818032628 0.02813888888888888 0.07848082412808735
1 0.5201468253968254 0.10872930371105871 0.02623809523809517 0.061330133907023576
1 0.16142857142857142 0.23628976873112403 0.03526587301587303 0.07679329223725403
1 0.12571031746031747 0.057919766110904256 0.03920238095238095 0.09817340338973703
1 0.34675 0.3243097375642988 0.04140079365079363 0.10509299022244294
1 0.32050793650793646 0.14522659385213685 0.03412698412698412 0.10339839752871899
1 0.28359523809523807 0.4488128749327706 0.04159126984126982 0.12163645139492225
1 0.08496825396825397 0.17004531601230127 0.03591666666666665 0.08657250424061891
1 0.1285 0.2939835891495318 0.03168650793650794 0.07889035069573733
1 0.27734126984126983 0.2900083571221712 0.029964285714285666 0.07405370071573372
1 0.09644444444444444 0.4732291313281756 0.042214285714285704 0.10853866203301472
1 0.04538492063492064 0.35643639071614747 0.028964285714285717 0.07296633707059422
1 0.10111111111111111 0.3853362569470302 0.04019047619047619 0.10612386744445827
1 0.56525 0.32192318618730437 0.05045634920634923 0.1832984430378001
1 0.03075793650793651 0.8511797884517259 0.05098809523809524 0.08982047357025642
1 0.20243650793650794 0.38242720615613757 0.03321825396825395 0.07444204487471212
1 0.11453174603174604 0.8400449022933818 0.03579365079365081 0.08030957207673108
1 0.7919126984126984 0.07487981465392413 0.022539682539682637 0.0671835395032615
1 0.10808730158730158 0.23171436845806961 0.02592857142857144 0.06174672127756405
1 0.19515476190476191 0.4702847765228303 0.03717857142857145 0.10671697488726162
1 0.23578968253968255 0.2705558451587991 0.030567460317460327 0.10384322811082149
1 0.31975396825396823 0.4669026519382732 0.040246031746031696 0.11209730668983488
1 0.16594444444444445 0.10898349261511729 0.03515476190476191 0.09491131245431851
1 0.30742857142857144 0.2549514707707583 0.05532142857142852 0.11771064498779532
1 0.6535515873015874 0.14527601947237048 0.02516269841269847 0.06796022782121827
1 0.5616904761904762 0.06815793030215272 0.027178571428571496 0.0768427178574876
1 0.4615039682539683 0.02894223104822584 0.02079365079365081 0.05707953056693283
1 0.24460714285714286 0.39512252975328566 0.03323809523809526 0.0870455780342835
1 0.37672222222222224 0.08171467185194378 0.029476190476190434 0.07519048998110685
1 0.04742857142857143 0.4376779887744267 0.04103571428571429 0.10672403569015214
1 0.5935436507936508 0.10713356225780205 0.028623015873015856 0.08886020437714616
1 0.6023968253968254 0.2788311061464841 0.0365079365079366 0.09605516252258213
1 0.2489206349206349 0.46097157751023954 0.02473412698412697 0.06769897811426913
1 0.6921746031746031 0.07185073021389268 0.029932539682539616 0.08496970198447175
1 0.09743253968253968 0.31030816543240525 0.03023809523809523 0.0649382041840773
1 0.4113293650793651 0.40822737991808367 0.03963492063492058 0.09099962765297259
1 0.47038095238095234 0.19751890005929973 0.026559523809523755 0.09926076703487653
1 0.42922619047619054 0.4163473032421772 0.03073412698412703 0.08073322025016208
1 0.4878611111111112 0.7321770165349661 0.035615079365079405 0.07151181167514796
1 0.016448412698412698 0.399450801925172 0.030111111111111113 0.10081414367079011
1 0.2377420634920635 0.04379816032987189 0.04319841269841271 0.08357872381504006
1 0.5162063492063492 0.5060830471777474 0.04575396825396827 0.1399309916842497
1 0.08976190476190475 0.9604174699709017 0.0420952380952381 0.07392660626370426
1 0.0759404761904762 0.26810574655578995 0.028242063492063485 0.055956862907340754
1 0.4637698412698413 0.08501206680181485 0.019273809523809526 0.05031528139781832
1 0.5425595238095238 0.15961651014300884 0.02207539682539683 0.0507883551914829
1 0.030876984126984128 0.2945908181981162 0.02408333333333333 0.05213696854357155
1 0.853234126984127 0.03519810240922318 0.016793650793650805 0.049256160964240896
1 0.42371825396825397 0.10661106284390387 0.04442063492063497 0.13003174603174603
1 0.32546031746031745 0.37502042392398605 0.03712698412698412 0.07665207617944364
1 0.27761111111111114 0.15878333540192793 0.02702777777777776 0.05755966516348793
1 0.6464047619047619 0.09171982954780522 0.023980158730158685 0.07084103540054888
1 0.4821388888888889 0.13325853295271192 0.019575396825396774 0.058703515231751546
1 0.1488015873015873 0.6655230372484933 0.03240873015873014 0.06111830982030809
1 0.49939285714285714 0.2128690855432819 0.03791666666666671 0.12783583633279552
1 0.3892857142857143 0.032839794243790764 0.021750000000000047 0.05467885758415733
1 0.352781746031746 0.43844055548660243 0.030845238095238092 0.07483038903369053
1 0.04198809523809524 0.9570424061892351 0.05742063492063492 0.07468211217298981
1 0.622202380952381 0.06303884820652848 0.026968253968253864 0.0951584405554866
1 0.5296269841269842 0.017623764014728396 0.020432539682539774 0.03201368030560038
1 0.39862301587301585 0.5219627928785183 0.04623015873015879 0.11134886158344029
1 0.4504920634920635 0.46585765311047667 0.05160714285714285 0.1459538565498601
1 0.08361904761904762 0.7735886254878436 0.029210317460317464 0.058216319832306004
1 0.24529761904761904 0.1874854991518762 0.02635317460317463 0.053139602554024806
1 0.49479365079365084 0.6306567925751244 0.03173015873015872 0.054205783790492755
1 0.8132976190476191 0.04225890529973936 0.01570634920634917 0.042675492670279806
1 0.7233888888888889 0.1972505895494601 0.03537301587301589 0.11899571111386927
1 0.39128968253968255 0.3520022065009033 0.03397222222222218 0.08460960103705545
1 0.07321825396825396 0.10230397308068896 0.05023412698412699 0.05409281094424448
1 0.34263095238095237 0.027268820763173496 0.04139285714285712 0.05328081861183512
1 0.5288849206349207 0.6089589452925682 0.023464285714285715 0.05949432515548945
1 0.5888611111111112 0.03031908761187648 0.023599206349206314 0.057467874725911215
1 0.8328373015873016 0.04523856411953718 0.018789682539682495 0.05147325307186299
1 0.1433095238095238 0.5328152469212417 0.04260317460317459 0.11827550921903666
1 0.20286904761904762 0.08297149476645567 0.04519047619047617 0.12965752347854867
1 0.1300515873015873 0.4157188917849213 0.024500000000000008 0.09253888268310509
1 0.603765873015873 0.4830930729662268 0.04387698412698415 0.07812072318067102
1 0.6793253968253968 0.023879635375725735 0.026376984126984082 0.04102326479389903
1 0.030015873015873017 0.24709985795650435 0.026857142857142857 0.05401514211244881
1 0.19600793650793652 0.22577623322714546 0.023170634920634925 0.05888709610690494
1 0.40554761904761905 0.2717138168328438 0.025932539682539724 0.08065555141836636
1 0.43033333333333335 0.2274214003006357 0.031341269841269837 0.10433042351026713
1 0.3833809523809524 0.2334513259691366 0.02856746031746027 0.0939439824583178
1 0.6174999999999999 0.6086623915711665 0.04953968253968255 0.18699830375243065
1 0.525813492063492 0.806258960462262 0.04493253968253974 0.13063191427743995
1 0.5206190476190476 0.6927565539972143 0.04015476190476197 0.0894956766372927
1 0.35385714285714287 0.7906616468771117 0.05434920634920637 0.10942126239432938
1 0.3507619047619047 0.5323562947333582 0.0390436507936508 0.11545824886572062
1 0.20563492063492064 0.624097306689835 0.07406746031746031 0.10435160591893872
1 0.2981706349206349 0.6294140912663936 0.07617063492063492 0.1436802780191138
1 0.18394047619047618 0.7460514942148304 0.036992063492063465 0.10377262008191626
1 0.6253492063492064 0.35877351647290834 0.06302380952380959 0.16649373215837163