1 0.3225130890052356 0.202437106918239 0.0356020942408377 0.07625786163522012
1 0.325130890052356 0.589622641509434 0.07958115183246073 0.1320754716981132
1 0.1973821989528796 0.5420597484276729 0.06492146596858639 0.11320754716981132
1 0.2518324607329843 0.22287735849056603 0.04764397905759162 0.09276729559748427
1 0.36858638743455496 0.2672955974842767 0.05654450261780105 0.10141509433962265
1 0.19895287958115182 0.27240566037735847 0.050785340314136125 0.10377358490566038
1 0.44947643979057594 0.7028301886792453 0.050261780104712044 0.10927672955974843
1 0.10052356020942409 0.7224842767295597 0.07696335078534032 0.15172955974842767
1 0.881413612565445 0.09119496855345911 0.050785340314136125 0.08490566037735849
1 0.4649214659685864 0.36556603773584906 0.04293193717277487 0.09905660377358491
1 0.6638743455497382 0.4602987421383648 0.03507853403141361 0.06839622641509434
1 0.04424083769633508 0.7279874213836478 0.05340314136125655 0.12578616352201258
1 0.1518324607329843 0.4202044025157233 0.06230366492146597 0.13286163522012578
1 0.2094240837696335 0.19221698113207547 0.03612565445026178 0.06761006289308176
1 0.5895287958115183 0.11713836477987422 0.028795811518324606 0.07389937106918239
1 0.918586387434555 0.13404088050314467 0.03193717277486911 0.07154088050314465
1 0.09345549738219895 0.14976415094339623 0.06596858638743455 0.15251572327044025
1 0.9316753926701571 0.2209119496855346 0.05968586387434555 0.13836477987421383
1 0.5570680628272251 0.2503930817610063 0.04869109947643979 0.12657232704402516
1 0.42041884816753927 0.6383647798742138 0.04554973821989529 0.0959119496855346
1 0.8175392670157068 0.6639150943396226 0.07801047120418848 0.15880503144654087
1 0.20261780104712043 0.3651729559748428 0.03664921465968586 0.0959119496855346
1 0.8463350785340314 0.26375786163522014 0.041361256544502616 0.10141509433962265
1 0.2570680628272251 0.03459119496855346 0.04607329842931937 0.06918238993710692
1 0.39031413612565447 0.5279088050314465 0.04502617801047121 0.0959119496855346
1 0.24659685863874345 0.5113993710691824 0.04397905759162304 0.10220125786163523
1 0.08350785340314136 0.04009433962264151 0.06858638743455497 0.08018867924528301
1 0.4743455497382199 0.7437106918238994 0.0356020942408377 0.06682389937106918
1 0.2651832460732984 0.9162735849056604 0.050261780104712044 0.11242138364779874
1 0.10759162303664921 0.5452044025157232 0.04712041884816754 0.12264150943396226
1 0.6272251308900524 0.9886006289308176 0.06282722513089005 0.02279874213836478
1 0.7256544502617801 0.6450471698113207 0.050261780104712044 0.11320754716981132
1 0.45549738219895286 0.03498427672955975 0.028272251308900525 0.0699685534591195
1 0.6861256544502617 0.6002358490566038 0.05392670157068063 0.07547169811320754
1 0.974607329842932 0.532625786163522 0.050785340314136125 0.10141509433962265
1 0.3973821989528796 0.4001572327044025 0.04450261780104712 0.09198113207547169
1 0.29712041884816753 0.7295597484276729 0.048167539267015703 0.11556603773584906
1 0.07146596858638743 0.4827044025157233 0.07958115183246073 0.16037735849056603
1 0.3204188481675393 0.4811320754716981 0.03507853403141361 0.07311320754716981
1 0.7764397905759163 0.38836477987421386 0.03769633507853403 0.10455974842767296
1 0.4774869109947644 0.11006289308176101 0.03455497382198953 0.09198113207547169
1 0.6133507853403142 0.7708333333333334 0.12879581151832462 0.18396226415094338
1 0.0743455497382199 0.2429245283018868 0.03612565445026178 0.0699685534591195
1 0.5387434554973822 0.4363207547169811 0.051832460732984295 0.0959119496855346
1 0.2036649214659686 0.1029874213836478 0.06544502617801047 0.15880503144654087
1 0.7332460732984293 0.7464622641509434 0.06806282722513089 0.12106918238993711
1 0.4667539267015707 0.47955974842767296 0.028272251308900525 0.05817610062893082
1 0.42094240837696334 0.2535377358490566 0.04659685863874346 0.10220125786163523
1 0.5240837696335079 0.720125786163522 0.05130890052356021 0.12028301886792453
1 0.22329842931937172 0.8415880503144654 0.06492146596858639 0.1430817610062893
1 0.5431937172774869 0.030267295597484277 0.03455497382198953 0.05660377358490566