1 0.2937288888888889 0.21993369474969476 0.030337777777777797 0.0680566153846154
1 0.3129377777777778 0.5793547773707775 0.06886222222222227 0.11622170777370776
1 0.19208 0.5478937631257631 0.055813333333333326 0.09994440048840045
1 0.22874666666666665 0.24580667806267809 0.04059111111111113 0.08258016117216123
1 0.33929777777777775 0.27550726251526253 0.048542222222222264 0.08948851444851445
1 0.18176444444444448 0.297039185999186 0.04308000000000001 0.09240255921855924
1 0.43346666666666667 0.6725041855921856 0.04248888888888891 0.09729041921041927
1 0.10959555555555556 0.7250703524623523 0.06555555555555558 0.13491960602360598
1 0.8088222222222222 0.06172840374440374 0.04396 0.07458487586487585
1 0.4331111111111111 0.3577006625966626 0.035924444444444426 0.08861496784696787
1 0.6224000000000001 0.42633075132275133 0.03004444444444454 0.06048810093610093
1 0.05744444444444444 0.7356596043956044 0.04452 0.11265417012617006
1 0.14439555555555555 0.4390605258445258 0.05263555555555555 0.11868230850630845
1 0.18790222222222222 0.22124734879934882 0.031128888888888873 0.05957454456654457
1 0.5383244444444445 0.11452796092796093 0.023595555555555592 0.06636286853886854
1 0.8453511111111112 0.09799725844525844 0.026680000000000037 0.06371555555555557
1 0.07828 0.19330719413919414 0.05519555555555555 0.1368334065934066
1 0.861168888888889 0.17751000407000408 0.05013333333333336 0.12366352462352463
1 0.514 0.24169234025234027 0.0403466666666667 0.1138077851037851
1 0.4036 0.6155636174196174 0.038528888888888946 0.08578094261294256
1 0.7742488888888889 0.6004332568172568 0.06642222222222216 0.14142119332519332
1 0.18912444444444443 0.38272677248677256 0.030457777777777806 0.08605434269434273
1 0.7837155555555555 0.2256550915750916 0.03440444444444446 0.09112891493691494
1 0.22536444444444445 0.05121250305250306 0.03898666666666667 0.10055121530321527
1 0.37072 0.5157059047619048 0.038111111111111096 0.08555422059422056
1 0.2363644444444445 0.5144789385429386 0.0369288888888889 0.09123560765160768
1 0.06380000000000001 0.06522925844525844 0.05870222222222224 0.12343013431013432
1 0.4584711111111111 0.7082729181929183 0.030453333333333332 0.05910109564509571
1 0.27125333333333335 0.8890170451770452 0.04235999999999995 0.10056455189255174
1 0.10845777777777778 0.5593765665445666 0.0387511111111111 0.11057366218966215
1 0.6117777777777778 0.9563268115588116 0.057102222222222165 0.08524747903947916
1 0.687848888888889 0.5921112250712252 0.04231111111111119 0.10102466422466426
1 0.41030222222222223 0.04520436955636956 0.023084444444444463 0.07527171021571022
1 0.649168888888889 0.5541286186406187 0.04752000000000001 0.06578272690272693
1 0.9165111111111112 0.46349315750915754 0.04600000000000004 0.0900753243793243
1 0.37196444444444443 0.39633009361009364 0.03758666666666666 0.08234010256410258
1 0.29288000000000003 0.7122938998778999 0.04023555555555558 0.10366530891330893
1 0.07228444444444444 0.5048499210419211 0.06760444444444444 0.14250145706145714
1 0.3038533333333333 0.47900361090761095 0.029764444444444482 0.0650825559625559
1 0.7240933333333334 0.3482916988196988 0.030684444444444514 0.09452307692307688
1 0.4339377777777778 0.1188356792836793 0.028279999999999972 0.08287356613756615
1 0.956337777777778 0.36567594301994305 0.023088888888888937 0.04347728123728122
1 0.5887555555555556 0.7199090923890924 0.11308444444444454 0.16013909645909657
1 0.06461333333333333 0.28184214245014244 0.030937777777777786 0.06224186243386242
1 0.50492 0.41596822140822143 0.044333333333333336 0.08467400569800572
1 0.17888444444444446 0.1388005535205535 0.05444888888888888 0.14258147659747658
1 0.6992444444444444 0.6853806625966625 0.05886222222222215 0.1067193878713879
1 0.43975111111111115 0.4633998013838014 0.023920000000000052 0.051859327635327565
1 0.3874622222222222 0.2579029645909646 0.03919555555555554 0.09100221733821734
1 0.5036533333333334 0.6814663736263737 0.04279111111111106 0.10783299308099308
1 0.9915066666666666 0.38558747089947093 0.013853333333333273 0.04059657794057792
1 0.22912 0.8237077671957673 0.0546311111111111 0.12808460398860388
1 0.4916977777777778 0.03409499063899064 0.029600000000000015 0.058014163614163616