1 0.03481012658227848 0.9481032665964173 0.06962025316455696 0.10379346680716543
1 0.7543512658227848 0.06243414120126449 0.06091772151898734 0.11749209694415173
1 0.3896360759493671 0.6888830347734457 0.06645569620253164 0.1290832455216017
1 0.2666139240506329 0.9157007376185459 0.0680379746835443 0.10221285563751317
1 0.17365506329113925 0.4438883034773446 0.061708860759493674 0.10906217070600632
1 0.9228639240506329 0.48314014752370915 0.06645569620253164 0.08693361433087461
1 0.44343354430379744 0.6256585879873551 0.061708860759493674 0.09957850368809273
1 0.23180379746835442 0.4138566912539515 0.041930379746835444 0.09378292939936776
1 0.40585443037974683 0.4349315068493151 0.04113924050632911 0.08482613277133826
1 0.7412974683544303 0.7270811380400422 0.06882911392405064 0.09483667017913593
1 0.4612341772151899 0.26765015806111697 0.058544303797468354 0.07639620653319283
1 0.03995253164556962 0.4678609062170706 0.07990506329113924 0.12750263435194942
1 0.6420094936708861 0.37513171759747105 0.05379746835443038 0.10590094836670179
1 0.3271360759493671 0.37565858798735513 0.04588607594936709 0.0779768177028451
1 0.711629746835443 0.2760800842992624 0.056962025316455694 0.1285563751317176
1 0.3999208860759494 0.25316122233930455 0.06408227848101265 0.09536354056902002
1 0.9458069620253164 0.07613277133825079 0.03401898734177215 0.08377239199157008
1 0.8002373417721519 0.8005795574288725 0.060126582278481014 0.1232876712328767
1 0.43552215189873417 0.7286617492096944 0.05379746835443038 0.11643835616438356
1 0.24841772151898733 0.5671759747102213 0.05063291139240506 0.07007376185458378
1 0.5431170886075949 0.2731822971548999 0.04588607594936709 0.09905163329820864
1 0.9473892405063291 0.2031085353003161 0.05221518987341772 0.08640674394099052
1 0.8560126582278481 0.2665964172813488 0.05617088607594937 0.11275026343519494
1 0.35680379746835444 0.8258693361433087 0.0814873417721519 0.10010537407797682
1 0.20332278481012658 0.7845100105374078 0.0490506329113924 0.10800842992623814
1 0.5640822784810127 0.20152792413066387 0.041930379746835444 0.08429926238145416
1 0.2646360759493671 0.9831401475237092 0.08623417721518987 0.03371970495258166
1 0.5541930379746836 0.8377239199157007 0.08386075949367089 0.12539515279241306
1 0.3536392405063291 0.9336143308746049 0.08069620253164557 0.10906217070600632
1 0.5162183544303798 0.6290832455216017 0.058544303797468354 0.09272918861959958
1 0.372626582278481 0.3946259220231823 0.038765822784810125 0.06743940990516333
1 0.34454113924050633 0.4481032665964173 0.03955696202531646 0.0779768177028451
1 0.5102848101265823 0.9064805057955743 0.05458860759493671 0.09747102212855638
1 0.34533227848101267 0.6509483667017913 0.03639240506329114 0.08113804004214963
1 0.21281645569620253 0.9085879873551106 0.03639240506329114 0.09378292939936776
1 0.9806170886075949 0.9362486828240253 0.038765822784810125 0.12750263435194942
1 0.8639240506329114 0.3746048472075869 0.05617088607594937 0.11591148577449947
1 0.8160601265822784 0.672813487881981 0.061708860759493674 0.12012644889357219
1 0.6071993670886076 0.2839831401475237 0.05379746835443038 0.09272918861959958
1 0.028481012658227847 0.583245521601686 0.056962025316455694 0.1232876712328767
1 0.5015822784810127 0.3422023182297155 0.05617088607594937 0.08429926238145416
1 0.28955696202531644 0.6915173867228662 0.0814873417721519 0.10273972602739725
1 0.10799050632911393 0.5566385669125395 0.061708860759493674 0.10800842992623814
1 0.015427215189873418 0.8129610115911485 0.030854430379746837 0.12434141201264488
1 0.27808544303797467 0.7850368809272918 0.06329113924050633 0.10590094836670179
1 0.8579905063291139 0.7905690200210748 0.04509493670886076 0.10695468914646997
1 0.0893987341772152 0.41464699683877765 0.0490506329113924 0.1285563751317176
1 0.9825949367088608 0.12934668071654373 0.03481012658227848 0.10484720758693361
1 0.7856012658227848 0.2623814541622761 0.055379746835443035 0.08956796628029505
1 0.5209651898734177 0.34272918861959956 0.0490506329113924 0.13593256059009484
1 0.6265822784810127 0.21707060063224448 0.04509493670886076 0.06585879873551106
1 0.2725474683544304 0.38461538461538464 0.04667721518987342 0.0874604847207587
1 0.20332278481012658 0.3501053740779768 0.04588607594936709 0.10168598524762908
1 0.7507911392405063 0.9660168598524763 0.04746835443037975 0.06796628029504742
1 0.7503955696202531 0.5063224446786091 0.04113924050632911 0.08535300316122234
1 0.9766613924050633 0.3472075869336143 0.04667721518987342 0.101159114857745
1 0.7080696202531646 0.13593256059009484 0.049841772151898736 0.06585879873551106
1 0.8136867088607594 0.18414120126448894 0.061708860759493674 0.08008429926238145
1 0.584256329113924 0.41517386722866173 0.056962025316455694 0.12644889357218125
1 0.9078322784810127 0.36116965226554265 0.0490506329113924 0.13119072708113805
1 0.6768196202531646 0.20126448893572182 0.04430379746835443 0.07060063224446786
1 0.4549050632911392 0.1928345626975764 0.04746835443037975 0.08113804004214963
1 0.16099683544303797 0.565858798735511 0.06962025316455696 0.13487881981032665
1 0.31685126582278483 0.1952054794520548 0.05379746835443038 0.0916754478398314
1 0.6815664556962026 0.5400421496311907 0.0925632911392405 0.13066385669125394
1 0.5905854430379747 0.5036880927291886 0.03481012658227848 0.06322444678609063
1 0.5767405063291139 0.6498946259220232 0.041930379746835444 0.09325605900948367
1 0.6760284810126582 0.9441517386722866 0.041930379746835444 0.08535300316122234
1 0.7444620253164557 0.19836670179135932 0.04430379746835443 0.09430979978925184
1 0.3651107594936709 0.14805057955742887 0.03955696202531646 0.0684931506849315
1 0.44580696202531644 0.839041095890411 0.07515822784810126 0.08587987355110643
1 0.13568037974683544 0.8000526870389885 0.06962025316455696 0.12223393045310854
1 0.25039556962025317 0.18414120126448894 0.029272151898734177 0.06217070600632244
1 0.401503164556962 0.5624341412012644 0.055379746835443035 0.10221285563751317
1 0.9810126582278481 0.4457323498419389 0.0379746835443038 0.10748155953635406
1 0.7650316455696202 0.34615384615384615 0.04746835443037975 0.0916754478398314
1 0.40110759493670883 0.34694415173867227 0.03481012658227848 0.0779768177028451
1 0.2911392405063291 0.45310853530031614 0.040348101265822785 0.0732349841938883
1 0.7448575949367089 0.39278187565858796 0.05063291139240506 0.0916754478398314
1 0.6246044303797469 0.5990516332982087 0.056962025316455694 0.0958904109589041
1 0.5106803797468354 0.19204425711275025 0.038765822784810125 0.06691253951527924
1 0.3975474683544304 0.1886195995785037 0.037183544303797465 0.04794520547945205
1 0.41337025316455694 0.9920969441517387 0.051424050632911396 0.015806111696522657
1 0.021360759493670885 0.6957323498419389 0.04272151898734177 0.11327713382507903
1 0.9821993670886076 0.0410958904109589 0.03560126582278481 0.06111696522655427
1 0.346123417721519 0.5795574288724974 0.03560126582278481 0.0916754478398314
1 0.9390822784810127 0.3011064278187566 0.048259493670886076 0.09430979978925184
1 0.5090981012658228 0.7579030558482613 0.08386075949367089 0.0964172813487882
1 0.3125 0.547945205479452 0.04746835443037975 0.08956796628029505
1 0.8722310126582279 0.6704425711275026 0.060126582278481014 0.08798735511064278
1 0.08623417721518987 0.6512118018967334 0.06962025316455696 0.09957850368809273
1 0.8852848101265823 0.059799789251844045 0.0490506329113924 0.11959957850368809
1 0.7274525316455697 0.863013698630137 0.09018987341772151 0.16807165437302424
1 0.752373417721519 0.6506849315068494 0.06962025316455696 0.07955742887249737
1 0.5692246835443038 0.09193888303477345 0.051424050632911396 0.10326659641728135
1 0.5901898734177216 0.1459430979978925 0.03955696202531646 0.06164383561643835
1 0.348496835443038 0.2655426765015806 0.03481012658227848 0.07007376185458378
1 0.6791930379746836 0.7903055848261328 0.0625 0.0821917808219178
1 0.247626582278481 0.49604847207586933 0.04113924050632911 0.08113804004214963
1 0.6617879746835443 0.654899894625922 0.0490506329113924 0.08640674394099052
1 0.774129746835443 0.5845626975763962 0.05063291139240506 0.07692307692307693
1 0.8504746835443038 0.9249209694415174 0.09335443037974683 0.15015806111696522
1 0.5640822784810127 0.34957850368809273 0.03164556962025317 0.0642781875658588
1 0.8817246835443038 0.19467860906217072 0.05617088607594937 0.0737618545837724
1 0.5387658227848101 0.9726027397260274 0.04746835443037975 0.0547945205479452
1 0.5253164556962026 0.5226554267650158 0.05458860759493671 0.11064278187565858
1 0.5977056962025317 0.37565858798735513 0.043512658227848104 0.08904109589041095
1 0.6954113924050633 0.9728661749209695 0.058544303797468354 0.05426765015806112
1 0.8231803797468354 0.5605900948366702 0.05063291139240506 0.1053740779768177
1 0.8552215189873418 0.4739199157007376 0.040348101265822785 0.06480505795574289
1 0.7128164556962026 0.4636459430979979 0.04667721518987342 0.08482613277133826
1 0.9284018987341772 0.9270284510010537 0.0625 0.1459430979978925
1 0.9738924050632911 0.22339304531085352 0.05221518987341772 0.08851422550052687
1 0.8144778481012658 0.071390937829294 0.05063291139240506 0.11591148577449947
1 0.07120253164556962 0.7608008429926238 0.061708860759493674 0.11222339304531086
1 0.9418512658227848 0.6709694415173867 0.05300632911392405 0.08851422550052687
1 0.507120253164557 0.9849841938883035 0.03955696202531646 0.030031612223393046
1 0.01740506329113924 0.3925184404636459 0.03481012658227848 0.08535300316122234
1 0.4485759493670886 0.4196522655426765 0.038765822784810125 0.0732349841938883
1 0.9220727848101266 0.7568493150684932 0.0680379746835443 0.11854583772391991
1 0.03322784810126582 0.23340358271865122 0.06645569620253164 0.11801896733403583
1 0.43710443037974683 0.3292939936775553 0.043512658227848104 0.06059009483667018
1 0.5423259493670886 0.7054794520547946 0.04667721518987342 0.08904109589041095
1 0.32318037974683544 0.30242360379346683 0.058544303797468354 0.0964172813487882
1 0.09216772151898735 0.2966280295047418 0.03481012658227848 0.08429926238145416
1 0.9481803797468354 0.7966280295047419 0.0625 0.09694415173867228
1 0.15585443037974683 0.26211801896733405 0.0379746835443038 0.13593256059009484
1 0.9228639240506329 0.9067439409905164 0.06487341772151899 0.13171759747102213
1 0.11590189873417721 0.7031085353003161 0.06329113924050633 0.07955742887249737
1 0.8002373417721519 0.40569020021074814 0.04272151898734177 0.09799789251844046
1 0.20292721518987342 0.1691253951527924 0.04113924050632911 0.0732349841938883
1 0.435126582278481 0.9378292939936775 0.03955696202531646 0.08166491043203372
1 0.4240506329113924 0.38962065331928347 0.02610759493670886 0.0547945205479452
1 0.27531645569620256 0.14989462592202318 0.03955696202531646 0.08061116965226554
1 0.6807753164556962 0.06559536354056902 0.056962025316455694 0.0958904109589041
1 0.17325949367088608 0.9902528977871443 0.0490506329113924 0.019494204425711276
1 0.8540348101265823 0.1267123287671233 0.05063291139240506 0.09325605900948367
1 0.6107594936708861 0.9510010537407798 0.058544303797468354 0.09799789251844046
1 0.4778481012658228 0.07218124341412013 0.03481012658227848 0.06954689146469968
1 0.1115506329113924 0.946786090621707 0.0625 0.09536354056902002
1 0.16653481012658228 0.988145416227608 0.02610759493670886 0.02370916754478398
1 0.17444620253164558 0.9499473129610115 0.03639240506329114 0.04847207586933614
1 0.20292721518987342 0.9657534246575342 0.028481012658227847 0.033192834562697573
1 0.16218354430379747 0.9035827186512118 0.03639240506329114 0.04952581664910432
1 0.12697784810126583 0.8753951527924131 0.030063291139240507 0.04636459430979979
1 0.16930379746835442 0.8527397260273972 0.03401898734177215 0.06059009483667018
1 0.06447784810126582 0.8719704952581665 0.03164556962025317 0.04636459430979979
1 0.03757911392405063 0.8759220231822972 0.03401898734177215 0.07112750263435196
1 0.24169303797468356 0.6404109589041096 0.051424050632911396 0.07903055848261328
1 0.20727848101265822 0.666754478398314 0.03481012658227848 0.0737618545837724
1 0.17800632911392406 0.6822971548998946 0.048259493670886076 0.09220231822971549
1 0.004746835443037975 0.3253424657534247 0.00949367088607595 0.06269757639620653
1 0.022151898734177215 0.31269757639620654 0.03481012658227848 0.06164383561643835
1 0.05933544303797468 0.1804531085353003 0.029272151898734177 0.0410958904109589
1 0.10917721518987342 0.21443624868282402 0.030063291139240507 0.06059009483667018
1 0.13528481012658228 0.2031085353003161 0.02689873417721519 0.026870389884088516
1 0.19145569620253164 0.26765015806111697 0.028481012658227847 0.04636459430979979
1 0.2199367088607595 0.26001053740779767 0.027689873417721517 0.04741833508956796
1 0.23931962025316456 0.3090094836670179 0.022151898734177215 0.0368809272918862
1 0.2602848101265823 0.3292939936775553 0.04430379746835443 0.03530031612223393
1 0.31685126582278483 0.3124341412012645 0.0379746835443038 0.044783983140147525
1 0.41139240506329117 0.2726554267650158 0.03322784810126582 0.051106427818756586
1 0.2701740506329114 0.2642255005268704 0.02531645569620253 0.029504741833508957
1 0.24960443037974683 0.2363013698630137 0.03322784810126582 0.03951527924130664
1 0.2749208860759494 0.21996838777660696 0.0379746835443038 0.030558482613277135
1 0.19026898734177214 0.22839831401475236 0.022151898734177215 0.02792413066385669
1 0.13330696202531644 0.16991570073761855 0.03401898734177215 0.040042149631190724
1 0.15427215189873417 0.1541095890410959 0.03243670886075949 0.033192834562697573
1 0.20530063291139242 0.1346153846153846 0.022943037974683545 0.02476290832455216
1 0.1574367088607595 0.12486828240252898 0.03560126582278481 0.0368809272918862
1 0.10680379746835443 0.15489989462592202 0.027689873417721517 0.022655426765015807
1 0.1127373417721519 0.13593256059009484 0.0245253164556962 0.022128556375131718
1 0.10799050632911393 0.09957850368809273 0.022151898734177215 0.023182297154899896
1 0.12697784810126583 0.09799789251844046 0.01977848101265823 0.022655426765015807
1 0.0893987341772152 0.13303477344573236 0.037183544303797465 0.03582718651211802
1 0.041930379746835444 0.12513171759747102 0.0245253164556962 0.044783983140147525
1 0.0680379746835443 0.12750263435194942 0.022151898734177215 0.022655426765015807
1 0.05933544303797468 0.10194942044257113 0.027689873417721517 0.023182297154899896
1 0.019382911392405063 0.06796628029504742 0.02689873417721519 0.03635405690200211
1 0.041930379746835444 0.059536354056902004 0.022943037974683545 0.026343519494204427
1 0.06447784810126582 0.06006322444678609 0.027689873417721517 0.02423603793466807
1 0.07753164556962025 0.08403582718651212 0.023734177215189875 0.0321390937829294
1 0.028481012658227847 0.03292939936775553 0.03243670886075949 0.0321390937829294
1 0.06645569620253164 0.029768177028451002 0.023734177215189875 0.03635405690200211
1 0.12302215189873418 0.0458377239199157 0.03243670886075949 0.05005268703898841
1 0.14992088607594936 0.045047418335089566 0.0245253164556962 0.03161222339304531
1 0.632120253164557 0.6946786090621707 0.056962025316455694 0.059536354056902004
1 0.6522943037974683 0.737881981032666 0.04272151898734177 0.04899894625922023
1 0.9916930379746836 0.8361433087460485 0.01661392405063291 0.07692307692307693
1 0.9948575949367089 0.7468387776606955 0.010284810126582278 0.07007376185458378
1 0.992879746835443 0.6675447839831401 0.014240506329113924 0.08008429926238145
1 0.9861550632911392 0.7162802950474183 0.027689873417721517 0.04056902002107481
1 0.9477848101265823 0.5695468914646997 0.06091772151898734 0.09694415173867228
1 0.9814082278481012 0.5268703898840885 0.037183544303797465 0.05268703898840885
1 0.8951740506329114 0.5208113804004215 0.03164556962025317 0.04689146469968388
1 0.9212816455696202 0.12750263435194942 0.04272151898734177 0.052160168598524764
1 0.9481803797468354 0.01738672286617492 0.029272151898734177 0.03424657534246575
1 0.6989715189873418 0.014488935721812434 0.0625 0.02897787144362487
1 0.6143196202531646 0.05611169652265543 0.041930379746835444 0.06269757639620653
1 0.6503164556962026 0.025026343519494204 0.03164556962025317 0.05005268703898841
1 0.5905854430379747 0.027660695468914646 0.030854430379746837 0.029504741833508957
1 0.5332278481012658 0.04162276080084299 0.027689873417721517 0.04636459430979979
1 0.4936708860759494 0.038198103266596416 0.06329113924050633 0.07639620653319283
1 0.43670886075949367 0.06348788198103267 0.037183544303797465 0.03635405690200211
1 0.4477848101265823 0.11275026343519494 0.04272151898734177 0.06638566912539515
1 0.4944620253164557 0.12091675447839831 0.030063291139240507 0.04952581664910432
1 0.5292721518987342 0.1475237091675448 0.03560126582278481 0.052160168598524764
1 0.4129746835443038 0.14673340358271866 0.038765822784810125 0.040042149631190724
1 0.37579113924050633 0.09009483667017913 0.04588607594936709 0.05584826132771338
1 0.3057753164556962 0.07692307692307693 0.030854430379746837 0.03582718651211802
1 0.31329113924050633 0.11907270811380401 0.03481012658227848 0.04794520547945205
1 0.3322784810126582 0.09931506849315068 0.030063291139240507 0.03424657534246575
1 0.3334651898734177 0.05637513171759747 0.02689873417721519 0.04899894625922023
1 0.35680379746835444 0.05268703898840885 0.0245253164556962 0.03371970495258166
1 0.38924050632911394 0.045047418335089566 0.03639240506329114 0.04794520547945205
1 0.42167721518987344 0.02845100105374078 0.022151898734177215 0.02423603793466807
1 0.4450158227848101 0.03951527924130664 0.027689873417721517 0.037407797681770286
1 0.3635284810126582 0.016596417281348787 0.029272151898734177 0.033192834562697573
1 0.28837025316455694 0.04162276080084299 0.02689873417721519 0.02845100105374078
1 0.2689873417721519 0.02660695468914647 0.03322784810126582 0.038461538461538464
1 0.29430379746835444 0.00922023182297155 0.023734177215189875 0.0184404636459431
1 0.23299050632911392 0.07033719704952582 0.029272151898734177 0.051106427818756586
1 0.2488132911392405 0.05637513171759747 0.023734177215189875 0.03530031612223393
1 0.21083860759493672 0.04873551106427819 0.02689873417721519 0.03108535300316122
1 0.1962025316455696 0.02792413066385669 0.02610759493670886 0.02792413066385669
1 0.17207278481012658 0.025026343519494204 0.0245253164556962 0.030031612223393046
1 0.18829113924050633 0.07744994731296101 0.03955696202531646 0.06743940990516333
1 0.18552215189873417 0.12038988408851423 0.015031645569620253 0.02054794520547945
1 0.22151898734177214 0.12118018967334036 0.01977848101265823 0.019494204425711276