1 0.16042291575091575 0.634265 0.029650989010988994 0.06262250000000003
1 0.19170930402930403 0.7260375 0.053221743589743596 0.12599249999999995
1 0.5102220659340659 0.7306 0.0378279853479853 0.07816749999999995
1 0.9018626813186814 0.96827 0.051968937728937875 0.06344250000000007
1 0.44751050549450544 0.88402 0.07574599267399268 0.1298950000000001
1 0.6351163076923076 0.95139 0.0666725274725275 0.09461000000000008
1 0.29547088644688646 0.9411425000000001 0.07910306227106229 0.11771250000000011
1 0.3113935238095238 0.83753 0.0618901098901099 0.09795250000000011
1 0.031135531135531136 0.7763671875 0.06227106227106227 0.1015625
1 0.060491018315018324 0.9049400000000001 0.07361547252747253 0.17703500000000005
1 0.13492419047619048 0.9607375 0.06870552380952383 0.07406500000000005
1 0.32552322344322343 0.7254625 0.07869796336996339 0.12558500000000006
1 0.17278968498168498 0.45196749999999997 0.03665769963369963 0.06062999999999996
1 0.19894857142857142 0.41643250000000004 0.02190159706959705 0.04481500000000005
1 0.1770057142857143 0.40697750000000005 0.02369453479853478 0.030525000000000024
1 0.7064699780219781 0.8507975 0.05812043956043953 0.08164499999999997
1 0.6414966153846153 0.8775825 0.04495097435897434 0.05041999999999991
1 0.5290441611721612 0.8385975 0.06223144322344314 0.08386749999999998
1 0.516894945054945 0.93841 0.06442947985347984 0.10246749999999993
1 0.6964025201465202 0.9423 0.05981960439560434 0.10012500000000002
1 0.775164249084249 0.9625549999999999 0.06068606593406589 0.07229250000000009
1 0.9732876190476192 0.8335925 0.039185816849816875 0.0396399999999999
1 0.7998452747252748 0.815605 0.05023601465201478 0.0663125
1 0.7526962637362637 0.83111 0.0394858901098901 0.06251999999999991
1 0.8129322197802198 0.8973800000000001 0.036533919413919556 0.057744999999999935
1 0.4576604835164836 0.77528 0.041852717948717956 0.0843799999999999
1 0.5255032967032968 0.78052 0.040824967032966966 0.02208499999999991
1 0.5570409963369963 0.74464 0.045037245421245466 0.07814999999999994
1 0.6052065054945055 0.747005 0.025532483516483545 0.04111749999999992
1 0.4038535970695971 0.6952675 0.06146625641025644 0.0768549999999999
1 0.3811493040293041 0.8269725 0.054031941391941396 0.07259499999999997
1 0.38429257142857143 0.9018525 0.04797796336996336 0.0812425000000001
1 0.24403832967032968 0.86684 0.07412934798534797 0.06943499999999991
1 0.19673928205128205 0.96221 0.06356676923076923 0.07557750000000008
1 0.24725274725274726 0.98095703125 0.04468864468864469 0.0380859375
1 0.4054214798534798 0.96605 0.06368679853479849 0.06789749999999994
1 0.12508553846153847 0.6263275 0.04608 0.09131500000000004
1 0.18403117948717948 0.6049500000000001 0.06617740659340661 0.07916499999999993
1 0.0386269304029304 0.5179175 0.06901309890109891 0.07846250000000005
1 0.01651528205128205 0.45859 0.02989854945054944 0.035017500000000035
1 0.11028817582417581 0.3791725 0.01818068864468865 0.021527500000000033
1 0.236810315018315 0.4880175 0.029703501831501868 0.039039999999999964
1 0.24516360439560442 0.4533825 0.011751619047619078 0.017152500000000015
1 0.3975445567765568 0.519105 0.02595258608058603 0.04201250000000001
1 0.4081558974358975 0.6237725000000001 0.03830435164835173 0.059912500000000035
1 0.465923750915751 0.59754 0.02867199999999994 0.07706999999999997
1 0.4715688791208792 0.5344275 0.015450021978021916 0.021022499999999944
1 0.4582081172161172 0.52812 0.013559560439560487 0.01120499999999991
1 0.4407438534798535 0.5201425000000001 0.011571575091575107 0.008245000000000058
1 0.41190681318681327 0.5421050000000001 0.014002168498168446 0.023282500000000095
1 0.4303200586080586 0.5728350000000001 0.02876577289377295 0.017670000000000075
1 0.5017862564102564 0.567455 0.012599326007325927 0.019724999999999993
1 0.5035154285714286 0.5387025 0.015067428571428503 0.014704999999999968
1 0.521883663003663 0.55801 0.011545318681318693 0.010352499999999987
1 0.5282002051282052 0.6346325 0.024969846153846162 0.06718249999999992
1 0.6285934652014652 0.6920475 0.023206915750915703 0.016489999999999894
1 0.6445386080586081 0.6767799999999999 0.02026619780219781 0.02164250000000001
1 0.6445086007326007 0.64079 0.019786080586080616 0.018094999999999972
1 0.6383195897435897 0.619745 0.023135648351648337 0.024499999999999966
1 0.6924265494505495 0.667045 0.03154145054945063 0.05505000000000004
1 0.7425275311355312 0.6848775 0.02351073992673995 0.03253499999999998
1 0.7346468571428572 0.639885 0.03147768498168498 0.03168750000000009
1 0.7637427106227107 0.6483675 0.019362227106227023 0.0280149999999999
1 0.7040918974358974 0.727285 0.047775413919413916 0.05042250000000004
1 0.6404988717948717 0.724955 0.04444084981684979 0.05393000000000003
1 0.6482782710622711 0.7844275 0.0522502564102564 0.0653975
1 0.7320887326007326 0.7823075 0.03345441758241754 0.03879750000000004
1 0.7395905641025641 0.75536 0.03684899633699638 0.020159999999999956
1 0.772898695970696 0.75936 0.029287150183150156 0.04449499999999995
1 0.8113080732600733 0.7543575 0.03922707692307705 0.052497500000000086
1 0.8377257728937729 0.7699925 0.01896087912087924 0.03179500000000002
1 0.8591885128205128 0.8291475 0.036728967032967116 0.07572749999999995
1 0.893100542124542 0.83098 0.03553242490842499 0.08369249999999995
1 0.9317012161172161 0.87509 0.03274549450549448 0.03992250000000008
1 0.8449462857142856 0.9393975000000001 0.05017224908424896 0.03998999999999997
1 0.9824060952380953 0.923635 0.02901708424908412 0.06564499999999995
1 0.952184967032967 0.9160874999999999 0.03594127472527465 0.05349000000000004
1 0.9616335238095238 0.8715375000000001 0.026819047619047746 0.03669000000000011
1 0.9394318534798535 0.76193 0.025633758241758266 0.04189749999999992
1 0.8828980512820513 0.6975875 0.02803059340659331 0.04305000000000003
1 0.840527706959707 0.707535 0.031020073260073257 0.04230749999999994
1 0.9153772307692307 0.6980000000000001 0.02848445421245426 0.036567500000000086
1 0.9493792820512821 0.7017725 0.02618139194139189 0.03293499999999994
1 0.9823235750915751 0.71269 0.02433969230769235 0.030259999999999954
1 0.989010989010989 0.757080078125 0.02197802197802198 0.03955078125
1 0.9043457875457875 0.7258225 0.021961611721611842 0.0281674999999999
1 0.8553250695970697 0.7560975 0.04195399267399251 0.05532249999999994
1 0.8803061684981685 0.7321925 0.01650027838827838 0.02101749999999991
1 0.5527311941391941 0.610595 0.021046388278388235 0.022712499999999913
1 0.5606456263736264 0.6407925 0.018893362637362646 0.030137499999999928
1 0.5804504615384616 0.645285 0.015806358974358916 0.022422500000000012
1 0.4417378461538462 0.6360025 0.03465471062271061 0.05464749999999996
1 0.5042806153846154 0.65334 0.028191882783882745 0.06108249999999993
1 0.4726453919413919 0.6787775 0.0354161465201465 0.059157499999999974
1 0.35320123076923077 0.5673674999999999 0.021462739926739943 0.02171499999999993
1 0.3333926446886447 0.5619824999999999 0.01749052014652013 0.015927500000000094
1 0.31301391941391943 0.56738 0.01858578754578754 0.026337499999999903
1 0.3519409230769231 0.49718 0.024418461538461514 0.02817499999999995
1 0.33635211721611724 0.50402 0.021162666666666635 0.023212500000000025
1 0.35982534798534793 0.5271549999999999 0.021290197802197774 0.02167499999999989
1 0.42630282783882784 0.547895 0.02126394139194144 0.01505500000000004
1 0.3197693186813187 0.53987 0.029485948717948744 0.027622500000000105
1 0.30275516483516485 0.48162 0.018188190476190448 0.028212499999999974
1 0.2860598388278388 0.4790275 0.017580542124542114 0.010157500000000041
1 0.2571177728937729 0.456965 0.014441025641025633 0.017390000000000017
1 0.06591859340659341 0.3374425 0.021744058608058617 0.03195999999999999