1 0.09836065573770492 0.6188524590163934 0.04180327868852459 0.0715846994535519
1 0.14672131147540984 0.7191256830601093 0.0778688524590164 0.14371584699453552
1 0.5024590163934426 0.703551912568306 0.05327868852459016 0.08961748633879782
1 0.969672131147541 0.940983606557377 0.060655737704918035 0.06994535519125683
1 0.45491803278688525 0.8786885245901639 0.10327868852459017 0.14972677595628414
1 0.6733606557377049 0.9398907103825137 0.08770491803278689 0.10710382513661203
1 0.2934426229508197 0.9415300546448088 0.10491803278688525 0.11693989071038251
1 0.29631147540983604 0.8355191256830601 0.08360655737704918 0.11311475409836065
1 0.11762295081967213 0.9702185792349727 0.08770491803278689 0.059562841530054644
1 0.2959016393442623 0.7098360655737705 0.10573770491803279 0.1453551912568306
1 0.08565573770491804 0.41475409836065574 0.05 0.06994535519125683
1 0.10942622950819672 0.3734972677595628 0.03114754098360656 0.05136612021857923
1 0.08360655737704918 0.3644808743169399 0.03114754098360656 0.03551912568306011
1 0.7385245901639345 0.8248633879781421 0.07704918032786885 0.09453551912568306
1 0.6700819672131147 0.8587431693989072 0.05737704918032787 0.05901639344262295
1 0.5393442622950819 0.8226775956284152 0.08196721311475409 0.09781420765027322
1 0.5401639344262295 0.9346994535519125 0.08688524590163935 0.1185792349726776
1 0.740983606557377 0.9273224043715848 0.08114754098360656 0.11530054644808743
1 0.8311475409836065 0.9434426229508197 0.0778688524590164 0.08196721311475409
1 0.8377049180327869 0.7795081967213114 0.06557377049180328 0.07704918032786885
1 0.7872950819672131 0.7997267759562842 0.05327868852459016 0.07213114754098361
1 0.864344262295082 0.8696721311475409 0.04918032786885246 0.06666666666666667
1 0.4504098360655738 0.7568306010928961 0.05901639344262295 0.09672131147540984
1 0.5266393442622951 0.7581967213114754 0.04836065573770492 0.0273224043715847
1 0.5565573770491803 0.716120218579235 0.06147540983606557 0.09016393442622951
1 0.610655737704918 0.7155737704918033 0.03442622950819672 0.047540983606557376
1 0.37868852459016394 0.6710382513661202 0.07950819672131147 0.08961748633879782
1 0.37254098360655735 0.8193989071038251 0.07049180327868852 0.08469945355191257
1 0.38729508196721313 0.9027322404371585 0.06557377049180328 0.09344262295081968
1 0.22581967213114754 0.8726775956284153 0.09262295081967213 0.08196721311475409
1 0.1860655737704918 0.9688524590163935 0.08032786885245902 0.06229508196721312
1 0.24549180327868853 0.9885245901639345 0.05491803278688524 0.022950819672131147
1 0.41885245901639345 0.966120218579235 0.08032786885245902 0.06775956284153005
1 0.05778688524590164 0.6122950819672132 0.06475409836065574 0.10491803278688525
1 0.12049180327868853 0.5846994535519126 0.08524590163934426 0.09234972677595628
1 0.00860655737704918 0.3377049180327869 0.01721311475409836 0.025136612021857924
1 0.16229508196721312 0.45081967213114754 0.038524590163934426 0.0453551912568306
1 0.16639344262295083 0.41174863387978144 0.01557377049180328 0.019672131147540985
1 0.34590163934426227 0.4751366120218579 0.03524590163934426 0.048633879781420766
1 0.3729508196721312 0.590983606557377 0.051639344262295085 0.06939890710382514
1 0.4336065573770492 0.5579234972677596 0.04344262295081967 0.08797814207650273
1 0.43073770491803276 0.48743169398907105 0.020491803278688523 0.02459016393442623
1 0.41475409836065574 0.48114754098360657 0.01639344262295082 0.013114754098360656
1 0.3942622950819672 0.47349726775956286 0.013934426229508197 0.009836065573770493
1 0.3651639344262295 0.4997267759562842 0.018852459016393444 0.026775956284153007
1 0.3901639344262295 0.5327868852459017 0.03442622950819672 0.021311475409836064
1 0.4692622950819672 0.5221311475409836 0.01721311475409836 0.022950819672131147
1 0.4668032786885246 0.48989071038251364 0.018852459016393444 0.017486338797814208
1 0.4901639344262295 0.5103825136612021 0.014754098360655738 0.012021857923497269
1 0.5081967213114754 0.5953551912568306 0.03770491803278689 0.07650273224043716
1 0.6286885245901639 0.6527322404371585 0.028688524590163935 0.019672131147540985
1 0.6442622950819672 0.6346994535519126 0.02540983606557377 0.025683060109289616
1 0.6389344262295082 0.594535519125683 0.02459016393442623 0.021311475409836064
1 0.6290983606557377 0.571584699453552 0.029508196721311476 0.02896174863387978
1 0.6963114754098361 0.6207650273224044 0.04344262295081967 0.0633879781420765
1 0.7545081967213115 0.6374316939890711 0.03114754098360656 0.03770491803278689
1 0.739344262295082 0.5877049180327869 0.03934426229508197 0.03715846994535519
1 0.7729508196721312 0.5953551912568306 0.02540983606557377 0.03224043715846994
1 0.7180327868852459 0.6871584699453552 0.060655737704918035 0.059562841530054644
1 0.6467213114754098 0.6887978142076503 0.05737704918032787 0.06284153005464481
1 0.6643442622950819 0.7546448087431694 0.0680327868852459 0.07650273224043716
1 0.7573770491803279 0.7467213114754099 0.04262295081967213 0.0453551912568306
1 0.7614754098360655 0.716120218579235 0.04426229508196721 0.025136612021857924
1 0.7991803278688525 0.7185792349726776 0.03934426229508197 0.05136612021857923
1 0.8413934426229508 0.7103825136612022 0.051639344262295085 0.06120218579234973
1 0.8733606557377049 0.7262295081967213 0.02540983606557377 0.0366120218579235
1 0.9057377049180327 0.7907103825136612 0.051639344262295085 0.08688524590163935
1 0.9438524590163935 0.7904371584699453 0.051639344262295085 0.09562841530054644
1 0.9860655737704918 0.8368852459016394 0.027868852459016394 0.04644808743169399
1 0.9061475409836065 0.9144808743169399 0.06147540983606557 0.048087431693989074
1 0.9840163934426229 0.7106557377049181 0.031967213114754096 0.048633879781420766
1 0.9131147540983606 0.6423497267759563 0.03770491803278689 0.04972677595628415
1 0.8672131147540983 0.6562841530054645 0.040983606557377046 0.04918032786885246
1 0.9491803278688524 0.6407103825136612 0.036885245901639344 0.04262295081967213
1 0.9852459016393442 0.6426229508196721 0.029508196721311476 0.03825136612021858
1 0.940983606557377 0.6726775956284153 0.028688524590163935 0.03278688524590164
1 0.8905737704918033 0.7095628415300547 0.05491803278688524 0.06448087431693988
1 0.9151639344262295 0.6811475409836065 0.021311475409836064 0.02459016393442623
1 0.5323770491803279 0.5669398907103825 0.027049180327868853 0.026775956284153007
1 0.5454918032786885 0.6 0.02540983606557377 0.034972677595628415
1 0.5680327868852459 0.6038251366120219 0.020491803278688523 0.02622950819672131
1 0.4122950819672131 0.6024590163934426 0.04672131147540984 0.0633879781420765
1 0.48442622950819675 0.6177595628415301 0.04016393442622951 0.06994535519125683
1 0.45286885245901637 0.6480874316939891 0.04836065573770492 0.06830601092896176
1 0.30368852459016393 0.5316939890710383 0.027049180327868853 0.025683060109289616
1 0.2807377049180328 0.5270491803278688 0.022131147540983605 0.01912568306010929
1 0.2586065573770492 0.5344262295081967 0.02459016393442623 0.030601092896174863
1 0.29180327868852457 0.453551912568306 0.03114754098360656 0.03278688524590164
1 0.2754098360655738 0.46229508196721314 0.027049180327868853 0.0273224043715847
1 0.30491803278688523 0.4866120218579235 0.027049180327868853 0.025683060109289616
1 0.3819672131147541 0.5051912568306011 0.02622950819672131 0.018032786885245903
1 0.26229508196721313 0.5032786885245901 0.036885245901639344 0.03278688524590164
1 0.23483606557377049 0.43934426229508194 0.02459016393442623 0.03278688524590164
1 0.2155737704918033 0.4377049180327869 0.021311475409836064 0.012568306010928962
1 0.18032786885245902 0.41502732240437157 0.018852459016393444 0.020218579234972677