1 0.09317343173431734 0.8662361623616236 0.1863468634686347 0.24538745387453875
1 0.015682656826568265 0.6623616236162362 0.03136531365313653 0.15498154981549817
1 0.03966789667896679 0.6780442804428044 0.04428044280442804 0.14391143911439114
1 0.09225092250922509 0.6715867158671587 0.05350553505535055 0.13468634686346864
1 0.13376383763837638 0.6402214022140221 0.055350553505535055 0.22324723247232472
1 0.2158671586715867 0.6734317343173432 0.1088560885608856 0.48154981549815495
1 0.26752767527675275 0.6946494464944649 0.09225092250922509 0.37822878228782286
1 0.34501845018450183 0.761070110701107 0.1014760147601476 0.43357933579335795
1 0.32564575645756455 0.9760147601476015 0.07011070110701106 0.03874538745387454
1 0.48523985239852396 0.9391143911439115 0.07380073800738007 0.12177121771217712
1 0.4483394833948339 0.6190036900369004 0.0996309963099631 0.44280442804428044
1 0.5046125461254612 0.6180811808118081 0.09040590405904059 0.46863468634686345
1 0.559040590405904 0.6928044280442804 0.0996309963099631 0.45202952029520294
1 0.5811808118081181 0.9760147601476015 0.07011070110701106 0.04797047970479705
1 0.6337638376383764 0.8127306273062731 0.09778597785977859 0.37453874538745385
1 0.7555350553505535 0.7112546125461254 0.17896678966789667 0.577490774907749
1 0.8883763837638377 0.6319188191881919 0.11808118081180811 0.518450184501845
1 0.9603321033210332 0.6780442804428044 0.07933579335793357 0.507380073800738