1 0.018069039913700107 0.2519193857965451 0.036138079827400214 0.09309021113243762
1 0.15318230852211434 0.3920345489443378 0.04908306364617044 0.1295585412667946
1 0.1534519956850054 0.4985604606525912 0.03559870550161812 0.09884836852207293
1 0.2203344120819849 0.9078694817658349 0.03505933117583603 0.07197696737044146
1 0.27696871628910463 0.3934740882917466 0.04638619201725998 0.07869481765834933
1 0.16990291262135923 0.9371401151631478 0.039913700107874865 0.09980806142034548
1 0.1925566343042071 0.3493282149712092 0.034519956850053934 0.09021113243761997
1 0.5342502696871629 0.08877159309021113 0.03182308522114347 0.0710172744721689
1 0.14455231930960086 0.2787907869481766 0.042071197411003236 0.0892514395393474
1 0.09735706580366775 0.09500959692898273 0.04692556634304207 0.09692898272552783
1 0.35248112189859765 0.3502879078694818 0.05016181229773463 0.1218809980806142
1 0.3158036677454153 0.15642994241842612 0.042071197411003236 0.11900191938579655
1 0.2882955771305286 0.4961612284069098 0.05124056094929881 0.1401151631477927
1 0.05744336569579288 0.21593090211132437 0.043149946062567425 0.10076775431861804
1 0.11084142394822007 0.34692898272552786 0.038295577130528585 0.09117082533589252
1 0.2745415318230852 0.32197696737044146 0.036138079827400214 0.0854126679462572
1 0.08306364617044229 0.5484644913627639 0.05124056094929881 0.1257197696737044
1 0.021844660194174758 0.42706333973128596 0.03505933117583603 0.08445297504798464
1 0.08441208198489752 0.4510556621880998 0.04908306364617044 0.12284069097888675
1 0.593311758360302 0.31765834932821496 0.06364617044228695 0.2092130518234165
1 0.03640776699029126 0.960172744721689 0.041531823085221145 0.07965451055662189
1 0.19606256742179073 0.43426103646833014 0.039913700107874865 0.08637236084452975
1 0.11893203883495146 0.9505758157389635 0.043149946062567425 0.09309021113243762
1 0.831984897518878 0.026391554702495202 0.02750809061488673 0.052783109404990404
1 0.0854908306364617 0.28119001919385794 0.03128371089536138 0.07197696737044146
1 0.19174757281553398 0.5316698656429942 0.04584681769147789 0.12284069097888675
1 0.2278856526429342 0.30614203454894434 0.038295577130528585 0.11900191938579655
1 0.3290183387270766 0.5110364683301344 0.04908306364617044 0.12859884836852206
1 0.14401294498381878 0.13771593090211132 0.04261057173678533 0.10940499040307101
1 0.30609492988133763 0.27927063339731284 0.06580366774541532 0.13723608445297505
1 0.6828478964401294 0.11084452975047984 0.030744336569579287 0.07869481765834933
1 0.5782092772384034 0.04126679462571977 0.03344120819848975 0.08253358925143954
1 0.4662891046386192 0.021593090211132437 0.02481121898597627 0.04030710172744722
1 0.2429881337648328 0.44241842610364684 0.040453074433656956 0.10076775431861804
1 0.3751348435814455 0.07869481765834933 0.03559870550161812 0.0873320537428023
1 0.02750809061488673 0.5163147792706334 0.04962243797195254 0.12284069097888675
1 0.6151564185544768 0.07725527831094049 0.03559870550161812 0.1017274472168906
1 0.6321467098166127 0.2648752399232246 0.04422869471413161 0.11132437619961612
1 0.2505393743257821 0.5143953934740882 0.030204962243797196 0.07773512476007678
1 0.7222222222222222 0.03694817658349328 0.036677454153182305 0.07389635316698656
1 0.07713052858683926 0.3690019193857965 0.036138079827400214 0.07581573896353166
1 0.4274541531823085 0.43378119001919385 0.04746494066882417 0.10556621880998081
1 0.48327939590075514 0.1933781190019194 0.03344120819848975 0.11324376199616124
1 0.44741100323624594 0.44049904030710174 0.0372168284789644 0.09309021113243762
1 0.5256202804746494 0.7802303262955854 0.04261057173678533 0.08349328214971209
1 0.005124056094929882 0.4755278310940499 0.010248112189859764 0.11228406909788867
1 0.22060409924487595 0.06765834932821498 0.05070118662351672 0.07389635316698656
1 0.5471952535059331 0.5273512476007678 0.05663430420711974 0.16026871401151632
1 0.05177993527508091 0.3253358925143954 0.03344120819848975 0.06525911708253358
1 0.47114347357065806 0.07053742802303263 0.02319309600862999 0.05854126679462572
1 0.5612189859762675 0.1420345489443378 0.026429341963322545 0.05854126679462572
1 0.008360302049622438 0.3603646833013436 0.016720604099244876 0.060460652591170824
1 0.4279935275080906 0.09980806142034548 0.05447680690399137 0.14971209213051823
1 0.33117583603020495 0.4088291746641075 0.04422869471413161 0.0892514395393474
1 0.2691477885652643 0.17754318618042225 0.032362459546925564 0.0671785028790787
1 0.6725997842502697 0.052783109404990404 0.0296655879180151 0.08157389635316699
1 0.4935275080906149 0.12140115163147792 0.024271844660194174 0.0671785028790787
1 0.14913700107874864 0.753358925143954 0.038295577130528585 0.07197696737044146
1 0.5159115426105717 0.20633397312859886 0.04746494066882417 0.14587332053742802
1 0.38673139158576053 0.033109404990403074 0.025889967637540454 0.04318618042226487
1 0.3640776699029126 0.4750479846449136 0.0372168284789644 0.08637236084452975
1 0.6445523193096009 0.03934740882917467 0.03344120819848975 0.07869481765834933
1 0.540722761596548 0.0028790786948176585 0.02319309600862999 0.005758157389635317
1 0.41828478964401294 0.5609404990403071 0.05555555555555555 0.12859884836852206
1 0.47303128371089537 0.4918426103646833 0.06310679611650485 0.16794625719769674
1 0.08198489751887811 0.8814779270633397 0.034519956850053934 0.06813819577735125
1 0.2348975188781014 0.21353166986564298 0.03128371089536138 0.06238003838771593
1 0.528856526429342 0.6674664107485605 0.0372168284789644 0.06429942418426103
1 0.7621359223300971 0.15882917466410748 0.04422869471413161 0.1362763915547025
1 0.4029126213592233 0.3747600767754319 0.040992448759439054 0.09788867562380038
1 0.041531823085221145 0.14299424184261036 0.05771305285868392 0.06621880998080615
1 0.3354908306364617 0.03598848368522073 0.04692556634304207 0.03934740882917467
1 0.5655339805825242 0.6391554702495201 0.028586839266450916 0.0690978886756238
1 0.6067961165048543 0.012476007677543186 0.028047464940668825 0.02495201535508637
1 0.1372707659115426 0.6079654510556622 0.052319309600863 0.1362763915547025
1 0.18338727076591155 0.10700575815738964 0.05501618122977346 0.14299424184261036
1 0.11758360302049622 0.48080614203454897 0.030744336569579287 0.10556621880998081
1 0.6426645091693636 0.4899232245681382 0.05177993527508091 0.09213051823416507
1 0.007820927723840345 0.30758157389635316 0.01564185544768069 0.06238003838771593
1 0.1820388349514563 0.2624760076775432 0.028047464940668825 0.06813819577735125