1 0.14255765199161424 0.7475660639777468 0.09643605870020965 0.1411682892906815
1 0.04716981132075472 0.624826147426982 0.0859538784067086 0.19541029207232266
1 0.5047169811320755 0.8157162726008345 0.3259958071278826 0.2885952712100139
1 0.6692872117400419 0.728442280945758 0.1310272536687631 0.16828929068150209
1 0.7657232704402516 0.7239221140472879 0.08176100628930817 0.14812239221140472
1 0.8280922431865828 0.7235744089012517 0.08490566037735849 0.1356050069541029
1 0.9161425576519916 0.7712100139082059 0.1331236897274633 0.19610570236439498
1 0.8050314465408805 0.575452016689847 0.07127882599580712 0.13143254520166897
1 0.7133123689727463 0.6157858136300417 0.04716981132075472 0.06606397774687066
1 0.8542976939203354 0.5351182197496523 0.050314465408805034 0.11752433936022254
1 0.9371069182389937 0.5243393602225312 0.10167714884696016 0.1070931849791377
1 0.910901467505241 0.6189151599443672 0.05660377358490566 0.06050069541029207
1 0.5980083857442348 0.6735048678720446 0.06289308176100629 0.0952712100139082
1 0.21960167714884696 0.6592489568845619 0.04507337526205451 0.0737134909596662
1 0.24633123689727462 0.6477746870653686 0.02620545073375262 0.034075104311543813
1 0.3548218029350105 0.614047287899861 0.03668763102725367 0.04798331015299027
1 0.3946540880503145 0.5980528511821975 0.051362683438155136 0.0702364394993046
1 0.06289308176100629 0.7579972183588317 0.07337526205450734 0.0702364394993046
1 0.5749475890985325 0.5347705146036161 0.03668763102725367 0.04728789986091794
1 0.5246331236897275 0.5650208623087621 0.031446540880503145 0.04172461752433936
1 0.2914046121593291 0.6742002781641169 0.05345911949685535 0.06050069541029207
1 0.34329140461215935 0.6731571627260083 0.04612159329140461 0.04798331015299027