1 0.11171875 0.3228200371057514 0.043229166666666666 0.12059369202226346
1 0.10807291666666667 0.4253246753246753 0.030729166666666665 0.09183673469387756
1 0.15677083333333333 0.8283858998144712 0.03125 0.06586270871985157
1 0.23098958333333333 0.3390538033395176 0.0421875 0.07142857142857142
1 0.10729166666666666 0.8506493506493507 0.035416666666666666 0.09276437847866419
1 0.15104166666666666 0.28617810760667906 0.030208333333333334 0.08348794063079777
1 0.4903645833333333 0.07606679035250463 0.028125 0.06586270871985157
1 0.10755208333333334 0.212430426716141 0.0375 0.08163265306122448
1 0.06927083333333334 0.03710575139146568 0.041666666666666664 0.07421150278293136
1 0.30520833333333336 0.30658627087198514 0.044270833333333336 0.11224489795918367
1 0.27734375 0.1150278293135436 0.036458333333333336 0.11038961038961038
1 0.23802083333333332 0.439239332096475 0.044270833333333336 0.12987012987012986
1 0.026041666666666668 0.1414656771799629 0.03854166666666667 0.09276437847866419
1 0.07239583333333334 0.27411873840445267 0.033854166666666664 0.08441558441558442
1 0.23125 0.2699443413729128 0.03177083333333333 0.07884972170686456
1 0.03828125 0.4652133580705009 0.04479166666666667 0.11595547309833024
1 0.043229166666666666 0.3715213358070501 0.042708333333333334 0.11317254174397032
1 0.53828125 0.3038033395176252 0.05364583333333333 0.19573283858998144
1 0.15130208333333334 0.3682745825602968 0.035416666666666666 0.07977736549165121
1 0.05755208333333333 0.8571428571428571 0.03802083333333333 0.08534322820037106
1 0.7802083333333333 0.039888682745825604 0.023958333333333335 0.07142857142857142
1 0.05078125 0.20732838589981448 0.027604166666666666 0.06586270871985157
1 0.14348958333333334 0.462430426716141 0.03958333333333333 0.11410018552875696
1 0.18697916666666667 0.24907235621521337 0.0328125 0.11131725417439703
1 0.2765625 0.4587198515769944 0.042708333333333334 0.11966604823747681
1 0.1125 0.07653061224489796 0.0375 0.10111317254174397
1 0.26328125 0.2323747680890538 0.058854166666666666 0.12523191094619665
1 0.6325520833333333 0.1150278293135436 0.027083333333333334 0.07235621521335807
1 0.534375 0.036641929499072357 0.029166666666666667 0.07328385899814471
1 0.42734375 0.010667903525046383 0.022395833333333334 0.021335807050092765
1 0.19635416666666666 0.3821892393320965 0.035416666666666666 0.09276437847866419
1 0.3372395833333333 0.04730983302411874 0.03125 0.08070500927643785
1 0.5684895833333333 0.07467532467532467 0.030729166666666665 0.09461966604823747
1 0.5778645833333333 0.25788497217068646 0.0390625 0.10296846011131726
1 0.20104166666666667 0.45222634508348797 0.0265625 0.07235621521335807
1 0.6734375 0.04081632653061224 0.03229166666666667 0.08163265306122448
1 0.039322916666666666 0.2912801484230056 0.03229166666666667 0.06957328385899815
1 0.37421875 0.3961038961038961 0.0421875 0.09740259740259741
1 0.43723958333333335 0.17115027829313545 0.028125 0.10575139146567718
1 0.3932291666666667 0.4044526901669759 0.0328125 0.0862708719851577
1 0.4557291666666667 0.7416512059369202 0.03802083333333333 0.07606679035250463
1 0.18880208333333334 0.025510204081632654 0.04635416666666667 0.05102040816326531
1 0.4859375 0.5004638218923934 0.04895833333333333 0.14935064935064934
1 0.030729166666666665 0.9726345083487941 0.04479166666666667 0.05473098330241188
1 0.01640625 0.24628942486085342 0.030208333333333334 0.059369202226345084
1 0.43020833333333336 0.05102040816326531 0.0203125 0.05380333951762523
1 0.5140625 0.1303339517625232 0.0234375 0.05380333951762523
1 0.8453125 0.011595547309833023 0.017708333333333333 0.023191094619666047
1 0.3875 0.07374768089053803 0.04739583333333333 0.1391465677179963
1 0.2825520833333333 0.36038961038961037 0.03958333333333333 0.08163265306122448
1 0.23151041666666666 0.12987012987012986 0.028645833333333332 0.061224489795918366
1 0.625 0.05797773654916512 0.025520833333333333 0.07606679035250463
1 0.44973958333333336 0.10250463821892393 0.020833333333333332 0.06307977736549165
1 0.09401041666666667 0.6706864564007421 0.034375 0.06493506493506493
1 0.46822916666666664 0.18738404452690166 0.040625 0.13636363636363635
1 0.3502604166666667 0.012059369202226345 0.0234375 0.02411873840445269
1 0.31171875 0.42810760667903525 0.0328125 0.07977736549165121
1 0.5986979166666667 0.03896103896103896 0.028645833333333332 0.07792207792207792
1 0.3606770833333333 0.5176252319109462 0.049479166666666664 0.11873840445269017
1 0.4158854166666667 0.45732838589981445 0.05520833333333333 0.15584415584415584
1 0.024739583333333332 0.786178107606679 0.03125 0.06215213358070501
1 0.19713541666666667 0.16048237476808905 0.028125 0.05658627087198516
1 0.46328125 0.6335807050092764 0.033854166666666664 0.0575139146567718
1 0.8026041666666667 0.013914656771799629 0.016666666666666666 0.027829313543599257
1 0.70703125 0.17068645640074212 0.0375 0.12708719851576994
1 0.3528645833333333 0.3358070500927644 0.036458333333333336 0.08998144712430427
1 0.020052083333333335 0.0686456400742115 0.04010416666666667 0.0575139146567718
1 0.30078125 0.008812615955473098 0.044270833333333336 0.017625231910946195
1 0.49947916666666664 0.6103896103896104 0.025 0.06307977736549165
1 0.56328125 0.011131725417439703 0.025520833333333333 0.022263450834879406
1 0.8234375 0.017625231910946195 0.019791666666666666 0.03525046382189239
1 0.08828125 0.5292207792207793 0.0453125 0.1261595547309833
1 0.1515625 0.05890538033395176 0.04791666666666667 0.11781076066790352
1 0.07421875 0.4039888682745826 0.026041666666666668 0.09925788497217068
1 0.5794270833333334 0.47588126159554733 0.046875 0.08348794063079777
1 0.14453125 0.2012987012987013 0.024479166666666666 0.06307977736549165