0 0.40202702702702703 0.7153716216216216 0.10810810810810811 0.5692567567567568
0 0.4983108108108108 0.6765202702702703 0.09797297297297297 0.6469594594594594
0 0.6621621621621622 0.7221283783783784 0.07601351351351351 0.35135135135135137
0 0.8944256756756757 0.7128378378378378 0.08108108108108109 0.36993243243243246
0 0.9755067567567568 0.7525337837837838 0.048986486486486486 0.2956081081081081
0 0.06503378378378379 0.7238175675675675 0.06587837837837837 0.2922297297297297
0 0.016047297297297296 0.7179054054054054 0.03209459459459459 0.2702702702702703
0 0.24493243243243243 0.7153716216216216 0.04560810810810811 0.2668918918918919
0 0.3125 0.7195945945945946 0.057432432432432436 0.2533783783783784
0 0.17314189189189189 0.731418918918919 0.033783783783783786 0.17736486486486486
0 0.5717905405405406 0.7221283783783784 0.03885135135135135 0.19594594594594594
0 0.6047297297297297 0.7204391891891891 0.030405405405405407 0.16554054054054054
0 0.7288851351351351 0.737331081081081 0.052364864864864864 0.19087837837837837