0 0.0847457627118644 0.7398305084745763 0.0576271186440678 0.24745762711864408
0 0.4661016949152542 0.7559322033898305 0.09830508474576272 0.25254237288135595
0 0.1288135593220339 0.7186440677966102 0.05254237288135593 0.19322033898305085
0 0.1711864406779661 0.6966101694915254 0.04745762711864407 0.16610169491525423
0 0.27372881355932205 0.7127118644067797 0.030508474576271188 0.15084745762711865
0 0.30338983050847457 0.6966101694915254 0.04576271186440678 0.16779661016949152
0 0.34152542372881356 0.6847457627118644 0.05084745762711865 0.1576271186440678
0 0.502542372881356 0.6669491525423729 0.05254237288135593 0.14067796610169492
0 0.5322033898305085 0.7 0.04745762711864407 0.17966101694915254
0 0.5644067796610169 0.7050847457627119 0.0423728813559322 0.14915254237288136
0 0.6059322033898306 0.6491525423728813 0.025423728813559324 0.1135593220338983
0 0.6728813559322034 0.6406779661016949 0.03559322033898305 0.10338983050847457
0 0.7110169491525423 0.6449152542372881 0.025423728813559324 0.10847457627118644
0 0.6279661016949153 0.6466101694915254 0.023728813559322035 0.09830508474576272