1 0.10839160839160839 0.3356643356643357 0.21678321678321677 0.6713286713286714
1 0.5201048951048951 0.25786713286713286 0.5751748251748252 0.5157342657342657
1 0.1451048951048951 0.9615384615384616 0.07692307692307693 0.05419580419580419
1 0.043706293706293704 0.9423076923076923 0.08741258741258741 0.08741258741258741
1 0.08916083916083917 0.6931818181818182 0.050699300699300696 0.05244755244755245
1 0.145979020979021 0.6993006993006993 0.06643356643356643 0.06118881118881119
1 0.17395104895104896 0.7421328671328671 0.038461538461538464 0.1451048951048951
1 0.17220279720279721 0.8688811188811189 0.03146853146853147 0.11188811188811189
1 0.17482517482517482 0.6940559440559441 0.03671328671328671 0.04895104895104895
1 0.17482517482517482 0.6993006993006993 0.03671328671328671 0.05944055944055944
1 0.18181818181818182 0.7036713286713286 0.022727272727272728 0.06643356643356643
1 0.09877622377622378 0.6931818181818182 0.03496503496503497 0.05244755244755245
1 0.13636363636363635 0.6949300699300699 0.043706293706293704 0.05244755244755245
1 0.13111888111888112 0.6826923076923077 0.026223776223776224 0.027972027972027972
1 0.05944055944055944 0.7159090909090909 0.07867132867132867 0.09965034965034965
1 0.15996503496503497 0.6984265734265734 0.06643356643356643 0.057692307692307696
1 0.006118881118881119 0.6835664335664335 0.012237762237762238 0.038461538461538464
1 0.018356643356643356 0.833041958041958 0.03671328671328671 0.17307692307692307
1 0.08741258741258741 0.6888111888111889 0.0472027972027972 0.043706293706293704
1 0.028846153846153848 0.6905594405594405 0.057692307692307696 0.05244755244755245