1 0.2 0.2525 0.36833333333333335 0.49166666666666664
1 0.6516666666666666 0.34 0.49 0.2783333333333333
1 0.45666666666666667 0.7033333333333334 0.06333333333333334 0.29333333333333333
1 0.8833333333333333 0.4975 0.07833333333333334 0.08833333333333333
1 0.6266666666666667 0.5725 0.09166666666666666 0.17666666666666667
1 0.8758333333333334 0.5458333333333333 0.105 0.18666666666666668
1 0.5541666666666667 0.5108333333333334 0.06 0.08
1 0.51 0.5016666666666667 0.06666666666666667 0.058333333333333334
1 0.9433333333333334 0.5575 0.08166666666666667 0.215
1 0.7366666666666667 0.49166666666666664 0.06666666666666667 0.06166666666666667
1 0.6733333333333333 0.49166666666666664 0.05333333333333334 0.055
1 0.99 0.47 0.02 0.043333333333333335
1 0.4525 0.5133333333333333 0.06333333333333334 0.075
1 0.7175 0.5725 0.17833333333333334 0.22666666666666666
1 0.44916666666666666 0.7566666666666667 0.03833333333333333 0.185
1 0.4866666666666667 0.5058333333333334 0.05 0.06166666666666667
1 0.5158333333333334 0.51 0.04 0.07333333333333333
1 0.62 0.49833333333333335 0.043333333333333335 0.06166666666666667