1 0.25650557620817843 0.046468401486988845 0.20074349442379183 0.09293680297397769
1 0.5009293680297398 0.17193308550185873 0.15055762081784388 0.34386617100371747
1 0.1449814126394052 0.22026022304832713 0.2862453531598513 0.44052044609665425
1 0.49070631970260226 0.040892193308550186 0.09665427509293681 0.08178438661710037
1 0.07899628252788105 0.0845724907063197 0.13568773234200743 0.1691449814126394
1 0.36895910780669144 0.05204460966542751 0.13940520446096655 0.10408921933085502
1 0.8178438661710037 0.129182156133829 0.3643122676579926 0.25092936802973975
1 0.4767657992565056 0.516728624535316 0.08736059479553904 0.137546468401487
1 0.1737918215613383 0.8578066914498141 0.10037174721189591 0.19516728624535315
1 0.45724907063197023 0.758364312267658 0.120817843866171 0.3996282527881041
1 0.11059479553903345 0.47862453531598514 0.06691449814126393 0.08736059479553904
1 0.0604089219330855 0.5455390334572491 0.07434944237918216 0.12453531598513011
1 0.5213754646840149 0.7760223048327137 0.0724907063197026 0.42936802973977695
1 0.3150557620817844 0.4758364312267658 0.0724907063197026 0.06691449814126393
1 0.24442379182156135 0.46933085501858735 0.05762081784386617 0.05947955390334572
1 0.015799256505576207 0.47304832713754646 0.031598513011152414 0.08178438661710037
1 0.28066914498141265 0.7314126394052045 0.20260223048327136 0.4944237918215613
1 0.027881040892193308 0.733271375464684 0.055762081784386616 0.13568773234200743
1 0.0604089219330855 0.6942379182156134 0.048327137546468404 0.1654275092936803
1 0.18029739776951673 0.6161710037174721 0.048327137546468404 0.13568773234200743
1 0.7704460966542751 0.7258364312267658 0.4591078066914498 0.5483271375464684