1 0.2696078431372549 0.08823529411764706 0.17647058823529413 0.17647058823529413
1 0.14869281045751634 0.23937908496732027 0.29248366013071897 0.17647058823529413
1 0.47549019607843135 0.10866013071895425 0.08496732026143791 0.2173202614379085
1 0.5727124183006536 0.16666666666666666 0.0915032679738562 0.3333333333333333
1 0.0915032679738562 0.16258169934640523 0.16339869281045752 0.32516339869281047
1 0.3660130718954248 0.2622549019607843 0.12091503267973856 0.13562091503267973
1 0.8218954248366013 0.18137254901960784 0.2875816993464052 0.31699346405228757
1 0.06290849673202614 0.6339869281045751 0.12581699346405228 0.18627450980392157
1 0.6290849673202614 0.576797385620915 0.05065359477124183 0.4852941176470588
1 0.6299019607843137 0.565359477124183 0.05065359477124183 0.4624183006535948
1 0.6266339869281046 0.5759803921568627 0.0457516339869281 0.48366013071895425
1 0.6356209150326797 0.5669934640522876 0.06209150326797386 0.4673202614379085
1 0.951797385620915 0.579248366013072 0.08496732026143791 0.4803921568627451
1 0.6977124183006536 0.5825163398692811 0.09967320261437909 0.49673202614379086
1 0.7630718954248366 0.565359477124183 0.09477124183006536 0.4591503267973856
1 0.8423202614379085 0.5661764705882353 0.10620915032679738 0.4591503267973856
1 0.6437908496732027 0.5522875816993464 0.0784313725490196 0.43790849673202614