1 0.4612211221122112 0.22607260726072606 0.14686468646864687 0.2145214521452145
1 0.6006600660066007 0.17986798679867988 0.14521452145214522 0.35973597359735976
1 0.768976897689769 0.009900990099009901 0.0297029702970297 0.019801980198019802
1 0.8564356435643564 0.04372937293729373 0.0231023102310231 0.08745874587458746
1 0.8391089108910891 0.03135313531353135 0.018151815181518153 0.0627062706270627
1 0.8968646864686468 0.04372937293729373 0.05115511551155116 0.08745874587458746
1 0.9818481848184818 0.09323432343234324 0.0231023102310231 0.18646864686468648
1 0.9364686468646864 0.05033003300330033 0.028052805280528052 0.10066006600660066
1 0.5082508250825083 0.49834983498349833 0.06105610561056106 0.10726072607260725
1 0.5206270627062707 0.4884488448844885 0.036303630363036306 0.0858085808580858
1 0.33085808580858084 0.47112211221122113 0.039603960396039604 0.04455445544554455
1 0.4207920792079208 0.5041254125412541 0.09075907590759076 0.11551155115511551
1 0.35148514851485146 0.49587458745874585 0.04785478547854786 0.09570957095709572
1 0.38531353135313534 0.466996699669967 0.0231023102310231 0.039603960396039604
1 0.43399339933993397 0.551980198019802 0.039603960396039604 0.1485148514851485
1 0.4793729372937294 0.4752475247524752 0.03135313531353135 0.0594059405940594
1 0.4158415841584158 0.47277227722772275 0.039603960396039604 0.05115511551155116
1 0.47854785478547857 0.5346534653465347 0.04785478547854786 0.16831683168316833
1 0.5115511551155115 0.5841584158415841 0.04785478547854786 0.16831683168316833
1 0.2400990099009901 0.4867986798679868 0.0627062706270627 0.07425742574257425
1 0.29455445544554454 0.4760726072607261 0.041254125412541254 0.054455445544554455
1 0.30198019801980197 0.4801980198019802 0.04785478547854786 0.0627062706270627
1 0.17986798679867988 0.466996699669967 0.034653465346534656 0.03135313531353135
1 0.13283828382838284 0.4636963696369637 0.036303630363036306 0.0231023102310231
1 0.1476897689768977 0.4933993399339934 0.052805280528052806 0.0858085808580858
1 0.18564356435643564 0.4834983498349835 0.033003300330033 0.06435643564356436
1 0.21699669966996699 0.48102310231023104 0.036303630363036306 0.06105610561056106
1 0.25495049504950495 0.4777227722772277 0.034653465346534656 0.056105610561056105
1 0.31600660066006603 0.4975247524752475 0.036303630363036306 0.09735973597359736
1 0.3572607260726073 0.5033003300330033 0.037953795379537955 0.11056105610561057
1 0.10396039603960396 0.48267326732673266 0.034653465346534656 0.06105610561056106
1 0.07260726072607261 0.4744224422442244 0.024752475247524754 0.0429042904290429
1 0.028877887788778877 0.4991749174917492 0.057755775577557754 0.09405940594059406
1 0.09900990099009901 0.48184818481848185 0.028052805280528052 0.0594059405940594
1 0.05115511551155116 0.4834983498349835 0.05115511551155116 0.0627062706270627
1 0.11963696369636964 0.5107260726072608 0.052805280528052806 0.1188118811881188
1 0.21699669966996699 0.485973597359736 0.036303630363036306 0.07095709570957096
1 0.17904290429042904 0.4793729372937294 0.0429042904290429 0.056105610561056105
1 0.25495049504950495 0.5074257425742574 0.039603960396039604 0.11551155115511551
1 0.29455445544554454 0.5528052805280528 0.034653465346534656 0.11551155115511551
1 0.3778877887788779 0.5808580858085809 0.054455445544554455 0.13036303630363036
1 0.42244224422442245 0.650990099009901 0.0429042904290429 0.09405940594059406
1 0.013201320132013201 0.49422442244224424 0.026402640264026403 0.08085808580858085
1 0.004125412541254125 0.46864686468646866 0.00825082508250825 0.0297029702970297
1 0.005775577557755775 0.4752475247524752 0.01155115511551155 0.0429042904290429
1 0.01155115511551155 0.49174917491749176 0.0231023102310231 0.07590759075907591
1 0.05115511551155116 0.5165016501650165 0.02145214521452145 0.08745874587458746
1 0.07838283828382839 0.5239273927392739 0.024752475247524754 0.07425742574257425
1 0.1806930693069307 0.5511551155115512 0.037953795379537955 0.1551155115511551
1 0.21782178217821782 0.5717821782178217 0.041254125412541254 0.1254125412541254
1 0.022277227722772276 0.5033003300330033 0.04455445544554455 0.09900990099009901
1 0.009900990099009901 0.4768976897689769 0.019801980198019802 0.0462046204620462
1 0.014026402640264026 0.5156765676567657 0.028052805280528052 0.12376237623762376
1 0.007425742574257425 0.5214521452145214 0.01485148514851485 0.11551155115511551
1 0.013201320132013201 0.5585808580858086 0.026402640264026403 0.14686468646864687
1 0.010726072607260726 0.5594059405940595 0.02145214521452145 0.07260726072607261
1 0.1254125412541254 0.7615511551155115 0.0462046204620462 0.15676567656765678
1 0.25825082508250824 0.6963696369636964 0.026402640264026403 0.10561056105610561
1 0.20544554455445543 0.665016501650165 0.034653465346534656 0.06930693069306931
1 0.18976897689768976 0.7475247524752475 0.037953795379537955 0.10561056105610561
1 0.3844884488448845 0.7087458745874587 0.03135313531353135 0.09570957095709572
1 0.42244224422442245 0.726897689768977 0.03135313531353135 0.07425742574257425
1 0.4909240924092409 0.7566006600660066 0.026402640264026403 0.08415841584158416
1 0.5288778877887789 0.6864686468646864 0.026402640264026403 0.10726072607260725
1 0.46947194719471946 0.6707920792079208 0.034653465346534656 0.0891089108910891
1 0.2896039603960396 0.8547854785478548 0.026402640264026403 0.08415841584158416
1 0.3102310231023102 0.8943894389438944 0.0231023102310231 0.0594059405940594
1 0.5396039603960396 0.9818481848184818 0.013201320132013201 0.034653465346534656
1 0.012376237623762377 0.6089108910891089 0.0231023102310231 0.10891089108910891
1 0.018151815181518153 0.8646864686468647 0.024752475247524754 0.10891089108910891
1 0.057755775577557754 0.6740924092409241 0.0429042904290429 0.10396039603960396
1 0.12293729372937294 0.6377887788778878 0.028052805280528052 0.09900990099009901
1 0.15016501650165018 0.6608910891089109 0.03135313531353135 0.09570957095709572
1 0.013201320132013201 0.6988448844884488 0.02145214521452145 0.10396039603960396
1 0.014026402640264026 0.5882838283828383 0.028052805280528052 0.16996699669966997
1 0.014026402640264026 0.8564356435643564 0.018151815181518153 0.07260726072607261
1 0.013201320132013201 0.9273927392739274 0.013201320132013201 0.08250825082508251
1 0.2615511551155115 0.8910891089108911 0.018151815181518153 0.07095709570957096
1 0.29125412541254125 0.764026402640264 0.024752475247524754 0.08250825082508251
1 0.2590759075907591 0.7970297029702971 0.02145214521452145 0.07095709570957096
1 0.29125412541254125 0.6732673267326733 0.019801980198019802 0.0627062706270627
1 0.07343234323432343 0.5816831683168316 0.0231023102310231 0.07095709570957096
1 0.09900990099009901 0.613036303630363 0.03135313531353135 0.13696369636963696
1 0.036303630363036306 0.5437293729372937 0.026402640264026403 0.09570957095709572
1 0.009900990099009901 0.6320132013201321 0.0165016501650165 0.09900990099009901
1 0.07508250825082509 0.7533003300330033 0.0297029702970297 0.08415841584158416
1 0.09405940594059406 0.759075907590759 0.026402640264026403 0.066006600660066
1 0.07838283828382839 0.8927392739273927 0.0297029702970297 0.0627062706270627
1 0.15594059405940594 0.8597359735973598 0.026402640264026403 0.07755775577557755
1 0.18976897689768976 0.8506600660066007 0.028052805280528052 0.08745874587458746
1 0.010726072607260726 0.806930693069307 0.013201320132013201 0.0924092409240924
1 0.43316831683168316 0.915016501650165 0.018151815181518153 0.06105610561056106
1 0.382013201320132 0.8993399339933993 0.0231023102310231 0.06930693069306931
1 0.2235973597359736 0.8242574257425742 0.037953795379537955 0.10561056105610561
1 0.5321782178217822 0.8201320132013201 0.02145214521452145 0.06435643564356436
1 0.46782178217821785 0.75 0.026402640264026403 0.07095709570957096
1 0.44471947194719474 0.768976897689769 0.026402640264026403 0.07590759075907591
1 0.4249174917491749 0.7978547854785478 0.026402640264026403 0.06765676567656766
1 0.37706270627062705 0.783003300330033 0.018151815181518153 0.056105610561056105
1 0.33745874587458746 0.735973597359736 0.03135313531353135 0.07425742574257425
1 0.33910891089108913 0.665016501650165 0.0165016501650165 0.056105610561056105
1 0.5082508250825083 0.7904290429042904 0.0231023102310231 0.07920792079207921
1 0.4777227722772277 0.8465346534653465 0.0165016501650165 0.07260726072607261
1 0.5429042904290429 0.8770627062706271 0.0049504950495049506 0.056105610561056105
1 0.012376237623762377 0.6897689768976898 0.019801980198019802 0.07590759075907591
1 0.009900990099009901 0.7211221122112211 0.013201320132013201 0.07920792079207921
1 0.349009900990099 0.8259075907590759 0.019801980198019802 0.056105610561056105
1 0.3333333333333333 0.8052805280528053 0.018151815181518153 0.0429042904290429
1 0.31600660066006603 0.7747524752475248 0.024752475247524754 0.06105610561056106
1 0.32838283828382836 0.8514851485148515 0.0231023102310231 0.07260726072607261
1 0.4158415841584158 0.9711221122112211 0.01485148514851485 0.056105610561056105
1 0.29125412541254125 0.9381188118811881 0.02145214521452145 0.07755775577557755
1 0.3094059405940594 0.9521452145214522 0.019801980198019802 0.06435643564356436
1 0.012376237623762377 0.8762376237623762 0.013201320132013201 0.0627062706270627
1 0.22937293729372937 0.9513201320132013 0.02145214521452145 0.08085808580858085
1 0.5008250825082509 0.8960396039603961 0.0297029702970297 0.07920792079207921
1 0.8407590759075908 0.6988448844884488 0.3184818481848185 0.523102310231023