1 0.2 0.3364406779661017 0.1711864406779661 0.22372881355932203
1 0.8491525423728814 0.30677966101694915 0.0847457627118644 0.33220338983050846
1 0.17203389830508475 0.7025423728813559 0.03389830508474576 0.04067796610169491
1 0.06016949152542373 0.7254237288135593 0.05084745762711865 0.07966101694915254
1 0.11101694915254237 0.7694915254237288 0.05254237288135593 0.1711864406779661
1 0.1211864406779661 0.9177966101694915 0.06271186440677966 0.1440677966101695
1 0.019491525423728815 0.7220338983050848 0.025423728813559324 0.06779661016949153
1 0.01694915254237288 0.8084745762711865 0.020338983050847456 0.1864406779661017
1 0.2830508474576271 0.7 0.025423728813559324 0.0423728813559322
1 0.05084745762711865 0.9457627118644067 0.061016949152542375 0.10847457627118644
1 0.14576271186440679 0.7127118644067797 0.059322033898305086 0.059322033898305086
1 0.2330508474576271 0.7203389830508474 0.0711864406779661 0.08135593220338982
1 0.025423728813559324 0.7237288135593221 0.03728813559322034 0.07288135593220339
1 0.10762711864406779 0.7076271186440678 0.04745762711864407 0.04745762711864407
1 0.10762711864406779 0.7042372881355933 0.03728813559322034 0.04067796610169491
1 0.13728813559322034 0.7050847457627119 0.03898305084745763 0.04406779661016949
1 0.16271186440677965 0.7042372881355933 0.04576271186440678 0.04406779661016949
1 0.28135593220338984 0.7152542372881356 0.030508474576271188 0.07457627118644068
1 0.2576271186440678 0.7 0.03220338983050847 0.0423728813559322
1 0.288135593220339 0.6957627118644067 0.015254237288135594 0.03389830508474576