1 0.01440677966101695 0.3016949152542373 0.0288135593220339 0.22033898305084745
1 0.6644067796610169 0.3 0.6559322033898305 0.5864406779661017
1 0.2423728813559322 0.7567796610169492 0.0711864406779661 0.17966101694915254
1 0.19152542372881357 0.7788135593220339 0.05084745762711865 0.16101694915254236
1 0.13644067796610168 0.773728813559322 0.06779661016949153 0.1440677966101695
1 0.07542372881355933 0.7567796610169492 0.05254237288135593 0.1423728813559322
1 0.19576271186440677 0.635593220338983 0.07288135593220339 0.07457627118644068
1 0.1271186440677966 0.6338983050847458 0.05084745762711865 0.06779661016949153
1 0.07627118644067797 0.6313559322033898 0.04745762711864407 0.0576271186440678
1 0.0288135593220339 0.6508474576271186 0.05084745762711865 0.09322033898305085
1 0.016101694915254237 0.6559322033898305 0.025423728813559324 0.1016949152542373
1 0.07372881355932204 0.6644067796610169 0.07288135593220339 0.12372881355932204
1 0.1847457627118644 0.6237288135593221 0.04067796610169491 0.05084745762711865
1 0.2559322033898305 0.6567796610169492 0.07457627118644068 0.12203389830508475
1 0.3288135593220339 0.6449152542372881 0.061016949152542375 0.10338983050847457
1 0.3364406779661017 0.6220338983050847 0.03559322033898305 0.0576271186440678
1 0.3152542372881356 0.6559322033898305 0.06779661016949153 0.12372881355932204
1 0.2542372881355932 0.635593220338983 0.06271186440677966 0.07966101694915254
1 0.19745762711864406 0.65 0.05593220338983051 0.10338983050847457
1 0.15677966101694915 0.6567796610169492 0.04576271186440678 0.1152542372881356
1 0.34576271186440677 0.6983050847457627 0.03220338983050847 0.12372881355932204
1 0.3398305084745763 0.8745762711864407 0.059322033898305086 0.25084745762711863
1 0.2796610169491525 0.8652542372881356 0.05084745762711865 0.14576271186440679
1 0.23220338983050848 0.8779661016949153 0.04576271186440678 0.12033898305084746
1 0.04576271186440678 0.8084745762711865 0.03728813559322034 0.1016949152542373
1 0.02288135593220339 0.7313559322033898 0.03389830508474576 0.09830508474576272
1 0.016101694915254237 0.8 0.015254237288135594 0.08135593220338982
1 0.19152542372881357 0.9432203389830508 0.03728813559322034 0.1135593220338983
1 0.13559322033898305 0.8754237288135593 0.04915254237288136 0.08644067796610169
1 0.05593220338983051 0.8932203389830509 0.03559322033898305 0.08135593220338982
1 0.043220338983050846 0.9423728813559322 0.03559322033898305 0.0711864406779661
1 0.023728813559322035 0.9567796610169491 0.020338983050847456 0.08644067796610169
1 0.0788135593220339 0.9576271186440678 0.03559322033898305 0.0847457627118644
1 0.12033898305084746 0.9525423728813559 0.05084745762711865 0.09491525423728814
1 0.15 0.9576271186440678 0.04915254237288136 0.0847457627118644
1 0.24491525423728813 0.9669491525423729 0.05254237288135593 0.06610169491525424
1 0.28728813559322036 0.9694915254237289 0.03898305084745763 0.061016949152542375
1 0.03728813559322034 0.9957627118644068 0.03728813559322034 0.00847457627118644
1 0.788135593220339 0.6084745762711864 0.07796610169491526 0.06440677966101695
1 0.8389830508474576 0.6279661016949153 0.06440677966101695 0.10508474576271186
1 0.788135593220339 0.7161016949152542 0.1 0.2796610169491525
1 0.6457627118644068 0.7889830508474577 0.28135593220338984 0.42033898305084744
1 0.9533898305084746 0.6101694915254238 0.030508474576271188 0.07796610169491526
1 0.926271186440678 0.6398305084745762 0.05423728813559322 0.13389830508474576
1 0.3974576271186441 0.7338983050847457 0.05084745762711865 0.25084745762711863
1 0.4245762711864407 0.6542372881355932 0.04745762711864407 0.1288135593220339