1 0.6837060702875399 0.8610223642172524 0.134185303514377 0.23961661341853036
1 0.365814696485623 0.7915335463258786 0.18849840255591055 0.31789137380191695
1 0.1134185303514377 0.6357827476038339 0.16932907348242812 0.305111821086262
1 0.5071884984025559 0.5766773162939297 0.1900958466453674 0.36900958466453676
1 0.8905750798722045 0.6333865814696485 0.21884984025559107 0.42012779552715657
1 0.7699680511182109 0.3985623003194888 0.08626198083067092 0.1485623003194888
1 0.8554313099041534 0.3769968051118211 0.07028753993610223 0.12939297124600638
1 0.9105431309904153 0.33226837060702874 0.08626198083067092 0.11182108626198083
1 0.9688498402555911 0.28594249201277955 0.06230031948881789 0.12460063897763578
1 0.7987220447284346 0.2755591054313099 0.06389776357827476 0.09904153354632587
1 0.7260383386581469 0.31230031948881787 0.06070287539936102 0.11980830670926518
1 0.6677316293929713 0.2715654952076677 0.06869009584664537 0.10063897763578275
1 0.6134185303514377 0.3977635782747604 0.09424920127795527 0.1182108626198083
1 0.46006389776357826 0.3738019169329074 0.07348242811501597 0.1134185303514377
1 0.5279552715654952 0.34824281150159747 0.05591054313099041 0.09744408945686901
1 0.5998402555910544 0.29233226837060705 0.06070287539936102 0.10223642172523961
1 0.7523961661341853 0.21805111821086262 0.051118210862619806 0.07827476038338659
1 0.7931309904153354 0.19728434504792333 0.036741214057507986 0.07667731629392971
1 0.8458466453674122 0.13178913738019168 0.06070287539936102 0.08945686900958466
1 0.4073482428115016 0.23722044728434505 0.04952076677316294 0.08945686900958466
1 0.49121405750798725 0.22284345047923323 0.036741214057507986 0.07987220447284345
1 0.38817891373801916 0.17492012779552715 0.04153354632587859 0.08466453674121406
1 0.329073482428115 0.31629392971246006 0.0926517571884984 0.15335463258785942
1 0.26038338658146964 0.4416932907348243 0.19169329073482427 0.2971246006389776
1 0.15894568690095848 0.41054313099041534 0.08146964856230032 0.1485623003194888
1 0.08306709265175719 0.35782747603833864 0.09904153354632587 0.1869009584664537
1 0.2292332268370607 0.29472843450479236 0.05750798722044728 0.1389776357827476
1 0.1597444089456869 0.24600638977635783 0.052715654952076675 0.09584664536741214
1 0.023961661341853034 0.2707667731629393 0.04792332268370607 0.10063897763578275
1 0.011980830670926517 0.2292332268370607 0.023961661341853034 0.09744408945686901
1 0.06309904153354633 0.1805111821086262 0.04313099041533546 0.06549520766773163
1 0.00878594249201278 0.13498402555910544 0.01757188498402556 0.06230031948881789
1 0.03274760383386582 0.10463258785942492 0.03514376996805112 0.06869009584664537
1 0.1062300319488818 0.152555910543131 0.04313099041533546 0.07028753993610223
1 0.48722044728434505 0.051916932907348244 0.06230031948881789 0.0926517571884984
1 0.2755591054313099 0.08706070287539937 0.04153354632587859 0.06549520766773163
1 0.33865814696485624 0.19488817891373802 0.038338658146964855 0.07188498402555911