1 0.699685534591195 0.8514150943396226 0.139937106918239 0.24056603773584906
1 0.38443396226415094 0.7940251572327044 0.19654088050314467 0.3191823899371069
1 0.13050314465408805 0.6501572327044025 0.17767295597484276 0.30660377358490565
1 0.5157232704402516 0.5778301886792453 0.19968553459119498 0.3694968553459119
1 0.889937106918239 0.6210691823899371 0.22012578616352202 0.42138364779874216
1 0.7680817610062893 0.3938679245283019 0.08962264150943396 0.14937106918238993
1 0.8514150943396226 0.3694968553459119 0.07389937106918239 0.1289308176100629
1 0.9040880503144654 0.3238993710691824 0.0880503144654088 0.11320754716981132
1 0.9599056603773585 0.2759433962264151 0.0660377358490566 0.12421383647798742
1 0.7924528301886793 0.2720125786163522 0.0660377358490566 0.09905660377358491
1 0.7224842767295597 0.31053459119496857 0.06446540880503145 0.11949685534591195
1 0.6635220125786163 0.2727987421383648 0.07075471698113207 0.10062893081761007
1 0.6147798742138365 0.39858490566037735 0.09748427672955975 0.11949685534591195
1 0.4630503144654088 0.3805031446540881 0.07547169811320754 0.11477987421383648
1 0.5283018867924528 0.3529874213836478 0.05817610062893082 0.09748427672955975
1 0.5974842767295597 0.29559748427672955 0.06289308176100629 0.10220125786163523
1 0.7452830188679245 0.2169811320754717 0.05345911949685535 0.07861635220125786
1 0.7845911949685535 0.1949685534591195 0.03930817610062893 0.0770440251572327
1 0.8341194968553459 0.1289308176100629 0.06289308176100629 0.08962264150943396
1 0.40644654088050314 0.24764150943396226 0.05188679245283019 0.08962264150943396
1 0.4882075471698113 0.23034591194968554 0.03930817610062893 0.08018867924528301
1 0.38522012578616355 0.1871069182389937 0.0440251572327044 0.08490566037735849
1 0.33176100628930816 0.3278301886792453 0.0959119496855346 0.1540880503144654
1 0.2688679245283019 0.45361635220125784 0.19811320754716982 0.29874213836477986
1 0.16745283018867924 0.4268867924528302 0.08490566037735849 0.14937106918238993
1 0.09119496855345911 0.37735849056603776 0.10377358490566038 0.1871069182389937
1 0.23270440251572327 0.31053459119496857 0.06132075471698113 0.13836477987421383
1 0.16273584905660377 0.264937106918239 0.055031446540880505 0.0959119496855346
1 0.02908805031446541 0.294811320754717 0.05345911949685535 0.10062893081761007
1 0.014937106918238994 0.2531446540880503 0.029874213836477988 0.09748427672955975
1 0.0660377358490566 0.20361635220125787 0.0440251572327044 0.0660377358490566
1 0.010220125786163521 0.16037735849056603 0.020440251572327043 0.06289308176100629
1 0.0330188679245283 0.12971698113207547 0.036163522012578615 0.06918238993710692
1 0.1069182389937107 0.17452830188679244 0.04559748427672956 0.07075471698113207
1 0.47877358490566035 0.06289308176100629 0.06446540880503145 0.09276729559748427
1 0.27122641509433965 0.10455974842767296 0.04245283018867924 0.0660377358490566
1 0.33726415094339623 0.20833333333333334 0.040880503144654086 0.07232704402515723