1 0.75 0.8625429553264605 0.15292096219931273 0.26288659793814434
1 0.4054982817869416 0.7998281786941581 0.21477663230240548 0.3487972508591065
1 0.12886597938144329 0.6417525773195877 0.19415807560137457 0.33505154639175255
1 0.5498281786941581 0.563573883161512 0.218213058419244 0.40378006872852235
1 0.9192439862542955 0.6116838487972509 0.16151202749140894 0.4570446735395189
1 0.8256013745704467 0.36254295532646047 0.0979381443298969 0.16323024054982818
1 0.9166666666666666 0.33591065292096217 0.08075601374570447 0.140893470790378
1 0.9604810996563574 0.2860824742268041 0.06872852233676977 0.12199312714776632
1 0.8513745704467354 0.22938144329896906 0.07216494845360824 0.10824742268041238
1 0.7749140893470791 0.27147766323024053 0.070446735395189 0.13058419243986255
1 0.7104810996563574 0.22938144329896906 0.07731958762886598 0.10996563573883161
1 0.6572164948453608 0.36769759450171824 0.10652920962199312 0.13058419243986255
1 0.49140893470790376 0.3470790378006873 0.08247422680412371 0.1254295532646048
1 0.563573883161512 0.3170103092783505 0.06357388316151202 0.10652920962199312
1 0.6383161512027491 0.2542955326460481 0.06872852233676977 0.11168384879725086
1 0.7998281786941581 0.16924398625429554 0.058419243986254296 0.0859106529209622
1 0.8427835051546392 0.14518900343642613 0.0429553264604811 0.08419243986254296
1 0.8969072164948454 0.07302405498281787 0.06872852233676977 0.0979381443298969
1 0.42955326460481097 0.2027491408934708 0.05670103092783505 0.0979381443298969
1 0.5189003436426117 0.18384879725085912 0.0429553264604811 0.08762886597938144
1 0.4063573883161512 0.13659793814432988 0.048109965635738834 0.09278350515463918
1 0.3479381443298969 0.29037800687285226 0.10481099656357389 0.16838487972508592
1 0.27920962199312716 0.42783505154639173 0.21649484536082475 0.32646048109965636
1 0.16924398625429554 0.39776632302405496 0.09278350515463918 0.16323024054982818
1 0.08505154639175258 0.3445017182130584 0.1134020618556701 0.20446735395189003
1 0.24054982817869416 0.2706185567010309 0.06701030927835051 0.15120274914089346
1 0.16323024054982818 0.22079037800687284 0.06013745704467354 0.10481099656357389
1 0.023195876288659795 0.25257731958762886 0.04639175257731959 0.10996563573883161
1 0.009450171821305841 0.20790378006872853 0.018900343642611683 0.10652920962199312
1 0.05756013745704467 0.15463917525773196 0.048109965635738834 0.07216494845360824
1 0.003436426116838488 0.10738831615120274 0.006872852233676976 0.06701030927835051
1 0.02147766323024055 0.07388316151202749 0.03951890034364261 0.07560137457044673
1 0.10223367697594501 0.12285223367697594 0.04982817869415808 0.07731958762886598
1 0.5085910652920962 0.02491408934707904 0.06872852233676977 0.04982817869415808
1 0.281786941580756 0.04639175257731959 0.04639175257731959 0.07216494845360824
1 0.3539518900343643 0.15979381443298968 0.044673539518900345 0.07903780068728522