1 0.6644295302013423 0.14681208053691275 0.15436241610738255 0.25838926174496646
1 0.3347315436241611 0.23741610738255034 0.21476510067114093 0.34395973154362414
1 0.08808724832214765 0.412751677852349 0.1761744966442953 0.3288590604026846
1 0.4949664429530201 0.4546979865771812 0.2197986577181208 0.3976510067114094
1 0.8833892617449665 0.375 0.2332214765100671 0.4513422818791946
1 0.7802013422818792 0.62751677852349 0.09899328859060402 0.1610738255033557
1 0.8716442953020134 0.6451342281879194 0.08053691275167785 0.13926174496644295
1 0.9320469798657718 0.6887583892617449 0.09731543624161074 0.12248322147651007
1 0.9790268456375839 0.7340604026845637 0.04194630872483222 0.1325503355704698
1 0.8171140939597316 0.7550335570469798 0.07214765100671142 0.10738255033557047
1 0.7390939597315436 0.7197986577181208 0.07046979865771812 0.13087248322147652
1 0.6803691275167785 0.7659395973154363 0.07718120805369127 0.10906040268456375
1 0.6166107382550335 0.636744966442953 0.10570469798657718 0.12919463087248323
1 0.45721476510067116 0.6703020134228188 0.08389261744966443 0.12080536912751678
1 0.5293624161073825 0.6929530201342282 0.06375838926174497 0.10570469798657718
1 0.6082214765100671 0.7483221476510067 0.06879194630872483 0.11073825503355705
1 0.7718120805369127 0.8179530201342282 0.0587248322147651 0.08557046979865772
1 0.8162751677852349 0.837248322147651 0.04194630872483222 0.08221476510067115
1 0.875 0.9026845637583892 0.06879194630872483 0.09899328859060402
1 0.40939597315436244 0.8162751677852349 0.05704697986577181 0.09731543624161074
1 0.4974832214765101 0.8271812080536913 0.0436241610738255 0.08557046979865772
1 0.3926174496644295 0.8825503355704698 0.04865771812080537 0.09060402684563758
1 0.32298657718120805 0.7374161073825504 0.10570469798657718 0.16778523489932887
1 0.24328859060402686 0.6098993288590604 0.2181208053691275 0.3221476510067114
1 0.13926174496644295 0.6484899328859061 0.09395973154362416 0.1610738255033557
1 0.06208053691275168 0.7080536912751678 0.11409395973154363 0.20134228187919462
1 0.21895973154362416 0.7659395973154363 0.06879194630872483 0.1493288590604027
1 0.14848993288590603 0.8204697986577181 0.06040268456375839 0.1040268456375839
1 0.022651006711409395 0.799496644295302 0.020134228187919462 0.10570469798657718
1 0.051174496644295304 0.8951342281879194 0.04865771812080537 0.07046979865771812
1 0.031879194630872486 0.9697986577181208 0.020134228187919462 0.06040268456375839
1 0.09815436241610738 0.9219798657718121 0.04865771812080537 0.07550335570469799
1 0.5 0.9773489932885906 0.06711409395973154 0.04530201342281879
1 0.2785234899328859 0.9731543624161074 0.04697986577181208 0.053691275167785234
1 0.3389261744966443 0.8649328859060402 0.0436241610738255 0.07718120805369127