1 0.6660714285714285 0.09910714285714285 0.15357142857142858 0.1982142857142857
1 0.31160714285714286 0.16428571428571428 0.21607142857142858 0.325
1 0.06428571428571428 0.325 0.12857142857142856 0.34285714285714286
1 0.47410714285714284 0.38392857142857145 0.21964285714285714 0.4160714285714286
1 0.8866071428571428 0.31339285714285714 0.22678571428571428 0.4732142857142857
1 0.7714285714285715 0.5785714285714286 0.1 0.16785714285714284
1 0.8669642857142857 0.6008928571428571 0.08035714285714286 0.14642857142857144
1 0.9294642857142857 0.65 0.09821428571428571 0.12678571428571428
1 0.9794642857142857 0.7 0.04107142857142857 0.1392857142857143
1 0.8053571428571429 0.7151785714285714 0.07321428571428572 0.1125
1 0.7232142857142857 0.6758928571428572 0.06964285714285715 0.1375
1 0.6589285714285714 0.7223214285714286 0.07857142857142857 0.11428571428571428
1 0.5964285714285714 0.5821428571428572 0.10714285714285714 0.13392857142857142
1 0.425 0.6116071428571429 0.08392857142857142 0.12678571428571428
1 0.5017857142857143 0.6392857142857142 0.06428571428571428 0.11071428571428571
1 0.5830357142857143 0.7 0.06964285714285715 0.11607142857142858
1 0.7553571428571428 0.7803571428571429 0.05892857142857143 0.08928571428571429
1 0.8008928571428572 0.8026785714285715 0.04285714285714286 0.08571428571428572
1 0.8607142857142858 0.875 0.06964285714285715 0.10357142857142858
1 0.36875 0.7660714285714286 0.05714285714285714 0.10178571428571428
1 0.4625 0.7803571428571429 0.04285714285714286 0.08928571428571429
1 0.34910714285714284 0.8357142857142857 0.048214285714285716 0.09464285714285714
1 0.2794642857142857 0.6785714285714286 0.10714285714285714 0.175
1 0.20089285714285715 0.5401785714285714 0.21964285714285714 0.3357142857142857
1 0.0875 0.5767857142857142 0.09464285714285714 0.16785714285714284
1 0.03125 0.6357142857142857 0.060714285714285714 0.21071428571428572
1 0.16875 0.7053571428571429 0.06785714285714285 0.15714285714285714
1 0.09196428571428572 0.7607142857142857 0.060714285714285714 0.10892857142857143
1 0.033928571428571426 0.8660714285714286 0.05 0.07857142857142857
1 0.4607142857142857 0.9589285714285715 0.07142857142857142 0.08214285714285714
1 0.22410714285714287 0.9357142857142857 0.048214285714285716 0.07321428571428572
1 0.29285714285714287 0.8142857142857143 0.044642857142857144 0.08035714285714286