1 0.7241071428571428 0.8883928571428571 0.16964285714285715 0.22321428571428573
1 0.37589285714285714 0.8089285714285714 0.24107142857142858 0.3732142857142857
1 0.10982142857142857 0.6107142857142858 0.21785714285714286 0.35714285714285715
1 0.5544642857142857 0.5839285714285715 0.24821428571428572 0.42857142857142855
1 0.9160714285714285 0.6785714285714286 0.16785714285714284 0.4785714285714286
1 0.8642857142857143 0.4107142857142857 0.11071428571428571 0.1732142857142857
1 0.9580357142857143 0.39553571428571427 0.08392857142857142 0.15178571428571427
1 0.9866071428571429 0.34732142857142856 0.026785714285714284 0.12678571428571428
1 0.9089285714285714 0.2767857142857143 0.08035714285714286 0.11607142857142858
1 0.8241071428571428 0.3107142857142857 0.07857142857142857 0.1392857142857143
1 0.7633928571428571 0.2598214285714286 0.08571428571428572 0.11964285714285715
1 0.6901785714285714 0.39464285714285713 0.11607142857142858 0.14107142857142857
1 0.5214285714285715 0.3535714285714286 0.09285714285714286 0.13392857142857142
1 0.6 0.33125 0.07142857142857142 0.11428571428571428
1 0.6857142857142857 0.27589285714285716 0.07678571428571429 0.11964285714285715
1 0.8625 0.2080357142857143 0.06428571428571428 0.09285714285714286
1 0.9098214285714286 0.18928571428571428 0.048214285714285716 0.08928571428571429
1 0.9678571428571429 0.12053571428571429 0.06428571428571428 0.10535714285714286
1 0.4767857142857143 0.19553571428571428 0.06428571428571428 0.10357142857142858
1 0.5714285714285714 0.18839285714285714 0.048214285714285716 0.09285714285714286
1 0.4607142857142857 0.125 0.055357142857142855 0.09821428571428571
1 0.38125 0.27589285714285716 0.11785714285714285 0.18035714285714285
1 0.29285714285714287 0.4089285714285714 0.24285714285714285 0.35
1 0.18303571428571427 0.36428571428571427 0.10535714285714286 0.1732142857142857
1 0.10357142857142858 0.2982142857142857 0.12857142857142856 0.21785714285714286
1 0.27232142857142855 0.24285714285714285 0.07678571428571429 0.16071428571428573
1 0.2 0.18125 0.06785714285714285 0.1125
1 0.049107142857142856 0.19642857142857142 0.05714285714285714 0.11607142857142858
1 0.039285714285714285 0.14910714285714285 0.030357142857142857 0.11071428571428571
1 0.09821428571428571 0.09910714285714285 0.05357142857142857 0.07678571428571429
1 0.045535714285714284 0.04375 0.019642857142857142 0.07142857142857142
1 0.07142857142857142 0.025892857142857145 0.04642857142857143 0.05178571428571429
1 0.14910714285714285 0.07232142857142858 0.055357142857142855 0.08214285714285714
1 0.5803571428571429 0.026785714285714284 0.07321428571428572 0.048214285714285716
1 0.3419642857142857 0.026785714285714284 0.05178571428571429 0.05357142857142857
1 0.4044642857142857 0.1419642857142857 0.05 0.08392857142857142