1 0.3155737704918033 0.8852459016393442 0.14918032786885246 0.22950819672131148
1 0.6377049180327868 0.809016393442623 0.2098360655737705 0.3360655737704918
1 0.8877049180327868 0.6352459016393442 0.1901639344262295 0.32131147540983607
1 0.48114754098360657 0.5959016393442623 0.21475409836065573 0.3885245901639344
1 0.10737704918032787 0.6729508196721311 0.21475409836065573 0.44098360655737706
1 0.20245901639344263 0.4278688524590164 0.09672131147540984 0.15737704918032788
1 0.1139344262295082 0.41065573770491803 0.07704918032786885 0.1360655737704918
1 0.05491803278688524 0.36721311475409835 0.09508196721311475 0.11967213114754098
1 0.013934426229508197 0.3221311475409836 0.027868852459016394 0.12950819672131147
1 0.16639344262295083 0.30327868852459017 0.07049180327868852 0.10491803278688525
1 0.24262295081967214 0.3368852459016393 0.07049180327868852 0.12622950819672132
1 0.3 0.29180327868852457 0.07540983606557378 0.10655737704918032
1 0.36311475409836064 0.41885245901639345 0.10327868852459017 0.12622950819672132
1 0.5188524590163934 0.3860655737704918 0.08196721311475409 0.11967213114754098
1 0.44754098360655736 0.36311475409836064 0.06229508196721312 0.10327868852459017
1 0.37131147540983606 0.30983606557377047 0.06721311475409836 0.10819672131147541
1 0.21065573770491802 0.24180327868852458 0.05737704918032787 0.08360655737704918
1 0.1680327868852459 0.22295081967213115 0.040983606557377046 0.08032786885245902
1 0.11065573770491803 0.1581967213114754 0.06721311475409836 0.09508196721311475
1 0.5655737704918032 0.24262295081967214 0.05737704918032787 0.09508196721311475
1 0.4786885245901639 0.23278688524590163 0.04262295081967213 0.08360655737704918
1 0.5819672131147541 0.1778688524590164 0.047540983606557376 0.08852459016393442
1 0.65 0.319672131147541 0.10327868852459017 0.16229508196721312
1 0.7270491803278688 0.44426229508196724 0.21475409836065573 0.31475409836065577
1 0.8295081967213115 0.40737704918032785 0.09344262295081968 0.15737704918032788
1 0.9040983606557377 0.34918032786885245 0.11147540983606558 0.19672131147540983
1 0.7508196721311475 0.29262295081967216 0.06721311475409836 0.14590163934426228
1 0.819672131147541 0.23852459016393443 0.05901639344262295 0.10163934426229508
1 0.9614754098360656 0.2573770491803279 0.05737704918032787 0.10655737704918032
1 0.9713114754098361 0.21311475409836064 0.03278688524590164 0.10163934426229508
1 0.9147540983606557 0.16639344262295083 0.047540983606557376 0.06885245901639345
1 0.969672131147541 0.11639344262295082 0.02459016393442623 0.06557377049180328
1 0.9418032786885245 0.08688524590163935 0.03934426229508197 0.07213114754098361
1 0.8696721311475409 0.14016393442622951 0.047540983606557376 0.07377049180327869
1 0.4737704918032787 0.05737704918032787 0.06721311475409836 0.09836065573770492
1 0.6926229508196722 0.08196721311475409 0.047540983606557376 0.06885245901639345
1 0.6336065573770492 0.1959016393442623 0.04262295081967213 0.07540983606557378