1 0.39219330855018586 0.8894052044609665 0.16728624535315986 0.2211895910780669
1 0.758364312267658 0.8122676579925651 0.2379182156133829 0.36059479553903345
1 0.9674721189591078 0.6273234200743495 0.06505576208178439 0.3587360594795539
1 0.5817843866171004 0.5817843866171004 0.24349442379182157 0.44052044609665425
1 0.13940520446096655 0.671003717472119 0.2788104089219331 0.5018587360594795
1 0.2648698884758364 0.3903345724907063 0.10966542750929369 0.17843866171003717
1 0.16449814126394052 0.370817843866171 0.08736059479553904 0.15427509293680297
1 0.09758364312267657 0.3215613382899628 0.10780669144981413 0.13568773234200743
1 0.03345724907063197 0.27137546468401486 0.06691449814126393 0.14869888475836432
1 0.22397769516728624 0.24907063197026022 0.07992565055762081 0.11895910780669144
1 0.31133828996282525 0.2871747211895911 0.07992565055762081 0.14312267657992564
1 0.3763940520446097 0.23698884758364314 0.08550185873605948 0.120817843866171
1 0.44702602230483274 0.38011152416356875 0.1171003717472119 0.14312267657992564
1 0.6236059479553904 0.3429368029739777 0.09293680297397769 0.13568773234200743
1 0.5436802973977695 0.31691449814126393 0.07063197026022305 0.1171003717472119
1 0.4563197026022305 0.25650557620817843 0.0762081784386617 0.12267657992565056
1 0.275092936802974 0.17936802973977695 0.06505576208178439 0.09479553903345725
1 0.2258364312267658 0.1579925650557621 0.046468401486988845 0.09107806691449814
1 0.1607806691449814 0.0845724907063197 0.0762081784386617 0.10780669144981413
1 0.6765799256505576 0.1812267657992565 0.06505576208178439 0.10780669144981413
1 0.5780669144981413 0.1691449814126394 0.048327137546468404 0.09479553903345725
1 0.6951672862453532 0.10687732342007435 0.05390334572490706 0.10037174721189591
1 0.7723048327137546 0.26765799256505574 0.1171003717472119 0.18401486988847585
1 0.8596654275092936 0.40985130111524165 0.24349442379182157 0.35687732342007433
1 0.9600371747211895 0.3671003717472119 0.0762081784386617 0.17657992565055763
1 0.887546468401487 0.23698884758364314 0.0762081784386617 0.1654275092936803
1 0.95817843866171 0.17657992565055763 0.055762081784386616 0.11338289962825279
1 0.5734200743494424 0.012081784386617101 0.0724907063197026 0.024163568773234202
1 0.8215613382899628 0.01858736059479554 0.05204460966542751 0.03717472118959108
1 0.7537174721189591 0.12732342007434944 0.048327137546468404 0.08550185873605948