1 0.6890034364261168 0.10051546391752578 0.15807560137457044 0.20103092783505155
1 0.35309278350515466 0.17353951890034364 0.22508591065292097 0.34192439862542956
1 0.0979381443298969 0.35223367697594504 0.1958762886597938 0.3402061855670103
1 0.520618556701031 0.3865979381443299 0.23195876288659795 0.4106529209621993
1 0.8969072164948454 0.29896907216494845 0.20618556701030927 0.4639175257731959
1 0.8161512027491409 0.5584192439862543 0.10309278350515463 0.16666666666666666
1 0.9089347079037801 0.5747422680412371 0.0859106529209622 0.14432989690721648
1 0.9604810996563574 0.6176975945017182 0.07903780068728522 0.1254295532646048
1 0.8556701030927835 0.6881443298969072 0.07560137457044673 0.11168384879725086
1 0.7749140893470791 0.6537800687285223 0.07388316151202749 0.13402061855670103
1 0.7156357388316151 0.7018900343642611 0.08075601374570447 0.1134020618556701
1 0.647766323024055 0.570446735395189 0.10996563573883161 0.13402061855670103
1 0.4853951890034364 0.6082474226804123 0.08762886597938144 0.1254295532646048
1 0.5601374570446735 0.6305841924398625 0.06701030927835051 0.10824742268041238
1 0.6408934707903781 0.6847079037800687 0.07216494845360824 0.1134020618556701
1 0.8101374570446735 0.7534364261168385 0.06013745704467354 0.08762886597938144
1 0.8556701030927835 0.7723367697594502 0.044673539518900345 0.08419243986254296
1 0.9175257731958762 0.8384879725085911 0.07216494845360824 0.10309278350515463
1 0.43900343642611683 0.7585910652920962 0.06013745704467354 0.09965635738831616
1 0.5300687285223368 0.7671821305841925 0.044673539518900345 0.08762886597938144
1 0.422680412371134 0.8264604810996563 0.05154639175257732 0.09450171821305842
1 0.3487972508591065 0.679553264604811 0.11168384879725086 0.17353951890034364
1 0.2654639175257732 0.5498281786941581 0.22852233676975944 0.3333333333333333
1 0.15893470790378006 0.5910652920962199 0.0979381443298969 0.16494845360824742
1 0.08161512027491409 0.6529209621993127 0.12027491408934708 0.20790378006872853
1 0.24312714776632302 0.7096219931271478 0.07216494845360824 0.15292096219931273
1 0.17268041237113402 0.7671821305841925 0.06357388316151202 0.10652920962199312
1 0.03350515463917526 0.7491408934707904 0.041237113402061855 0.10996563573883161
1 0.07388316151202749 0.845360824742268 0.05154639175257732 0.07388316151202749
1 0.04725085910652921 0.9286941580756014 0.041237113402061855 0.07560137457044673
1 0.12199312714776632 0.8719931271477663 0.05154639175257732 0.07903780068728522
1 0.5369415807560137 0.9484536082474226 0.07388316151202749 0.10309278350515463
1 0.3084192439862543 0.929553264604811 0.04982817869415808 0.07388316151202749
1 0.36855670103092786 0.8092783505154639 0.04639175257731959 0.08075601374570447