1 0.20396825396825397 0.3134920634920635 0.28888888888888886 0.5746031746031746
1 0.6634920634920635 0.020634920634920634 0.044444444444444446 0.04126984126984127
1 0.7484126984126984 0.030952380952380953 0.05555555555555555 0.06190476190476191
1 0.796031746031746 0.01904761904761905 0.03333333333333333 0.0380952380952381
1 0.9230158730158731 0.029365079365079365 0.03650793650793651 0.05873015873015873
1 0.6666666666666666 0.03492063492063492 0.044444444444444446 0.06984126984126984
1 0.6944444444444444 0.024603174603174603 0.03650793650793651 0.049206349206349205
1 0.7484126984126984 0.023015873015873017 0.03650793650793651 0.046031746031746035
1 0.8261904761904761 0.02619047619047619 0.04285714285714286 0.05238095238095238
1 0.7642857142857142 0.0380952380952381 0.03650793650793651 0.0761904761904762
1 0.5452380952380952 0.03333333333333333 0.046031746031746035 0.06666666666666667
1 0.4087301587301587 0.02857142857142857 0.03650793650793651 0.047619047619047616
1 0.35793650793650794 0.0373015873015873 0.03492063492063492 0.05873015873015873
1 0.319047619047619 0.029365079365079365 0.022222222222222223 0.0380952380952381
1 0.5428571428571428 0.11190476190476191 0.03492063492063492 0.15396825396825398
1 0.5865079365079365 0.04126984126984127 0.03333333333333333 0.08253968253968254
1 0.3896825396825397 0.03888888888888889 0.046031746031746035 0.06825396825396825
1 0.3261904761904762 0.05555555555555555 0.03650793650793651 0.09047619047619047
1 0.4103174603174603 0.14047619047619048 0.026984126984126985 0.12857142857142856
1 0.44682539682539685 0.05793650793650794 0.03333333333333333 0.1126984126984127
1 0.584920634920635 0.03333333333333333 0.049206349206349205 0.06666666666666667
1 0.6087301587301587 0.03888888888888889 0.04285714285714286 0.07777777777777778
1 0.7325396825396825 0.2261904761904762 0.026984126984126985 0.11904761904761904
1 0.8579365079365079 0.02142857142857143 0.05873015873015873 0.04285714285714286
1 0.9174603174603174 0.2619047619047619 0.049206349206349205 0.1380952380952381
1 0.6357142857142857 0.176984126984127 0.049206349206349205 0.13015873015873017
1 0.16666666666666666 0.7936507936507936 0.32063492063492066 0.4126984126984127
1 0.5190476190476191 0.7158730158730159 0.2873015873015873 0.3047619047619048
1 0.7880952380952381 0.5738095238095238 0.031746031746031744 0.04285714285714286
1 0.8746031746031746 0.5841269841269842 0.025396825396825397 0.0761904761904762
1 0.8571428571428571 0.5833333333333334 0.020634920634920634 0.07142857142857142
1 0.9142857142857143 0.5968253968253968 0.05555555555555555 0.10793650793650794
1 0.9904761904761905 0.6023809523809524 0.01904761904761905 0.12857142857142856
1 0.9515873015873015 0.584920634920635 0.031746031746031744 0.0873015873015873