1 0.18081180811808117 0.5627306273062731 0.36162361623616235 0.6273062730627307
1 0.6734317343173432 0.4354243542435424 0.6531365313653137 0.8708487084870848
1 0.8108856088560885 0.9188191881918819 0.05904059040590406 0.11254612546125461
1 0.6549815498154982 0.9464944649446494 0.042435424354243544 0.1014760147601476
1 0.4114391143911439 0.9243542435424354 0.05719557195571956 0.1088560885608856
1 0.3763837638376384 0.9898523985239852 0.025830258302583026 0.02029520295202952
1 0.4714022140221402 0.9123616236162362 0.05904059040590406 0.08671586715867159
1 0.3736162361623616 0.9261992619926199 0.02214022140221402 0.11070110701107011
1 0.7509225092250923 0.9252767527675276 0.04981549815498155 0.12177121771217712
1 0.3726937269372694 0.9354243542435424 0.02214022140221402 0.12915129151291513
1 0.3763837638376384 0.9640221402214022 0.025830258302583026 0.07195571955719557
1 0.8846863468634686 0.959409594095941 0.05719557195571956 0.07011070110701106
1 0.3874538745387454 0.9354243542435424 0.03690036900369004 0.12915129151291513
1 0.37915129151291516 0.9354243542435424 0.03505535055350553 0.12915129151291513
1 0.3773062730627306 0.9354243542435424 0.03136531365313653 0.12915129151291513
1 0.5904059040590406 0.9326568265682657 0.07195571955719557 0.13284132841328414
1 0.38099630996309963 0.9308118081180812 0.03690036900369004 0.11992619926199262