1 0.19334532374100719 0.1789568345323741 0.03597122302158273 0.08273381294964029
1 0.8633093525179856 0.5935251798561151 0.07913669064748201 0.26258992805755393
1 0.5269784172661871 0.4712230215827338 0.0737410071942446 0.13848920863309352
1 0.19424460431654678 0.09442446043165467 0.04316546762589928 0.08633093525179857
1 0.6528776978417267 0.48651079136690645 0.046762589928057555 0.11510791366906475
1 0.10341726618705036 0.2077338129496403 0.02697841726618705 0.052158273381294966
1 0.1564748201438849 0.13848920863309352 0.03237410071942446 0.08812949640287769
1 0.9919064748201439 0.5341726618705036 0.01618705035971223 0.10431654676258993
1 0.6016187050359713 0.45593525179856115 0.046762589928057555 0.13489208633093525
1 0.7113309352517986 0.4982014388489209 0.046762589928057555 0.1564748201438849
1 0.015287769784172662 0.4595323741007194 0.030575539568345324 0.1420863309352518
1 0.9847122302158273 0.6393884892086331 0.030575539568345324 0.17805755395683454
1 0.9550359712230215 0.5755395683453237 0.052158273381294966 0.15827338129496402
1 0.16097122302158273 0.5422661870503597 0.07194244604316546 0.1366906474820144
1 0.46402877697841727 0.24190647482014388 0.03597122302158273 0.0539568345323741
1 0.5656474820143885 0.8273381294964028 0.1223021582733813 0.2787769784172662
1 0.8444244604316546 0.3830935251798561 0.0341726618705036 0.07913669064748201
1 0.4658273381294964 0.37050359712230213 0.044964028776978415 0.08992805755395683
1 0.045863309352517985 0.05935251798561151 0.044964028776978415 0.0683453237410072
1 0.12769784172661872 0.14838129496402877 0.03776978417266187 0.07553956834532374
1 0.02877697841726619 0.14658273381294964 0.025179856115107913 0.0683453237410072
1 0.46492805755395683 0.5620503597122302 0.09712230215827339 0.18345323741007194
1 0.637589928057554 0.6178057553956835 0.08812949640287769 0.20863309352517986
1 0.011690647482014389 0.22841726618705036 0.023381294964028777 0.11510791366906475
1 0.0710431654676259 0.25359712230215825 0.03597122302158273 0.07194244604316546
1 0.2868705035971223 0.6232014388489209 0.08992805755395683 0.2392086330935252
1 0.37410071942446044 0.5683453237410072 0.08633093525179857 0.2014388489208633
1 0.7859712230215827 0.42535971223021585 0.08273381294964029 0.30755395683453235
1 0.11061151079136691 0.6214028776978417 0.09172661870503597 0.17446043165467626
1 0.18974820143884893 0.7643884892086331 0.10251798561151079 0.18884892086330934
1 0.08902877697841727 0.8767985611510791 0.09712230215827339 0.2356115107913669
1 0.09892086330935251 0.3767985611510791 0.0737410071942446 0.31115107913669066
1 0.16007194244604317 0.3129496402877698 0.06474820143884892 0.25539568345323743
1 0.8516187050359713 0.23111510791366907 0.0539568345323741 0.11151079136690648
1 0.9136690647482014 0.8758992805755396 0.17266187050359713 0.22302158273381295
1 0.38489208633093525 0.8480215827338129 0.07913669064748201 0.22841726618705036
1 0.4721223021582734 0.8201438848920863 0.09172661870503597 0.210431654676259
1 0.02877697841726619 0.8606115107913669 0.04136690647482014 0.2392086330935252
1 0.012589928057553957 0.6178057553956835 0.025179856115107913 0.24280575539568344
1 0.6429856115107914 0.3723021582733813 0.050359712230215826 0.16007194244604317
1 0.7050359712230215 0.3597122302158273 0.04136690647482014 0.15467625899280577
1 0.5215827338129496 0.35881294964028776 0.048561151079136694 0.11870503597122302