1 0.21308724832214765 0.875 0.030201342281879196 0.07550335570469799
1 0.8238255033557047 0.4664429530201342 0.06543624161073826 0.24496644295302014
1 0.514261744966443 0.5914429530201343 0.06375838926174497 0.12751677852348994
1 0.21644295302013422 0.9538590604026845 0.03691275167785235 0.07885906040268456
1 0.6308724832214765 0.572986577181208 0.040268456375838924 0.10570469798657718
1 0.12835570469798657 0.8506711409395973 0.02348993288590604 0.050335570469798654
1 0.17953020134228187 0.9135906040268457 0.026845637583892617 0.08053691275167785
1 0.9639261744966443 0.5167785234899329 0.04697986577181208 0.09731543624161074
1 0.014261744966442953 0.9798657718120806 0.028523489932885907 0.040268456375838924
1 0.584731543624161 0.6031879194630873 0.03859060402684564 0.12416107382550336
1 0.6854026845637584 0.5604026845637584 0.03859060402684564 0.14429530201342283
1 0.03271812080536913 0.6191275167785235 0.03523489932885906 0.13087248322147652
1 0.9521812080536913 0.41946308724832215 0.053691275167785234 0.1644295302013423
1 0.910234899328859 0.4798657718120805 0.0436241610738255 0.14597315436241612
1 0.17114093959731544 0.5369127516778524 0.06208053691275168 0.12583892617449666
1 0.46308724832214765 0.8070469798657718 0.031879194630872486 0.04697986577181208
1 0.5385906040268457 0.25838926174496646 0.10570469798657718 0.25838926174496646
1 0.8129194630872483 0.6635906040268457 0.030201342281879196 0.07214765100671142
1 0.46057046979865773 0.6870805369127517 0.03859060402684564 0.08221476510067115
1 0.01174496644295302 0.889261744966443 0.02348993288590604 0.10067114093959731
1 0.07885906040268456 0.9798657718120806 0.040268456375838924 0.040268456375838924
1 0.15268456375838926 0.9052013422818792 0.03355704697986577 0.06879194630872483
1 0.06040268456375839 0.910234899328859 0.02181208053691275 0.06375838926174497
1 0.4538590604026846 0.5083892617449665 0.08557046979865772 0.16946308724832215
1 0.6124161073825504 0.4513422818791946 0.07550335570469799 0.1912751677852349
1 0.9815436241610739 0.5989932885906041 0.03691275167785235 0.06208053691275168
1 0.028523489932885907 0.8338926174496645 0.04865771812080537 0.10570469798657718
1 0.0964765100671141 0.8087248322147651 0.031879194630872486 0.06375838926174497
1 0.28523489932885904 0.45721476510067116 0.07550335570469799 0.2214765100671141
1 0.36828859060402686 0.5058724832214765 0.0738255033557047 0.18624161073825504
1 0.7575503355704698 0.6258389261744967 0.06711409395973154 0.28523489932885904
1 0.12164429530201343 0.46476510067114096 0.08053691275167785 0.1610738255033557
1 0.19043624161073824 0.3288590604026846 0.08892617449664429 0.174496644295302
1 0.09312080536912752 0.2273489932885906 0.08389261744966443 0.21644295302013422
1 0.11828859060402684 0.6929530201342282 0.0587248322147651 0.28859060402684567
1 0.17701342281879195 0.7508389261744967 0.05201342281879195 0.23657718120805368
1 0.8246644295302014 0.8045302013422819 0.04697986577181208 0.1040268456375839
1 0.8674496644295302 0.15100671140939598 0.1644295302013423 0.30201342281879195
1 0.3699664429530201 0.24496644295302014 0.06711409395973154 0.21140939597315436
1 0.4521812080536913 0.2676174496644295 0.07885906040268456 0.1912751677852349
1 0.026006711409395974 0.24328859060402686 0.05201342281879195 0.2214765100671141
1 0.01929530201342282 0.46895973154362414 0.03859060402684564 0.22651006711409397
1 0.6258389261744967 0.6795302013422819 0.04194630872483222 0.1476510067114094
1 0.6837248322147651 0.6895973154362416 0.03355704697986577 0.14261744966442952
1 0.5125838926174496 0.6963087248322147 0.04194630872483222 0.10906040268456375