1 0.1866554054054054 0.18496621621621623 0.03209459459459459 0.07601351351351351
1 0.8091216216216216 0.5861486486486487 0.07094594594594594 0.24662162162162163
1 0.49493243243243246 0.4653716216216216 0.06587837837837837 0.13006756756756757
1 0.1891891891891892 0.10557432432432433 0.03885135135135135 0.07939189189189189
1 0.6131756756756757 0.4822635135135135 0.04222972972972973 0.10641891891891891
1 0.10219594594594594 0.21114864864864866 0.02533783783783784 0.048986486486486486
1 0.15287162162162163 0.14695945945945946 0.028716216216216218 0.08108108108108109
1 0.9493243243243243 0.5329391891891891 0.048986486486486486 0.09797297297297297
1 0.5658783783783784 0.4527027027027027 0.04054054054054054 0.125
1 0.6680743243243243 0.49408783783783783 0.04054054054054054 0.14527027027027026
1 0.014358108108108109 0.44594594594594594 0.028716216216216218 0.13175675675675674
1 0.9391891891891891 0.6309121621621622 0.057432432432432436 0.16722972972972974
1 0.8961148648648649 0.5709459459459459 0.0472972972972973 0.14695945945945946
1 0.15033783783783783 0.5261824324324325 0.06418918918918919 0.12837837837837837
1 0.44003378378378377 0.2491554054054054 0.033783783783783786 0.048986486486486486
1 0.5253378378378378 0.8006756756756757 0.11148648648648649 0.26013513513513514
1 0.7947635135135135 0.3876689189189189 0.03209459459459459 0.07263513513513513
1 0.4391891891891892 0.36993243243243246 0.04054054054054054 0.08277027027027027
1 0.04983108108108108 0.07094594594594594 0.04222972972972973 0.0625
1 0.1258445945945946 0.15625 0.03547297297297297 0.06925675675675676
1 0.032939189189189186 0.15287162162162163 0.02364864864864865 0.06418918918918919
1 0.4358108108108108 0.549831081081081 0.08952702702702703 0.17060810810810811
1 0.5962837837837838 0.6047297297297297 0.07939189189189189 0.19425675675675674
1 0.9653716216216216 0.44932432432432434 0.03885135135135135 0.0625
1 0.01266891891891892 0.22888513513513514 0.02533783783783784 0.10641891891891891
1 0.07094594594594594 0.25422297297297297 0.033783783783783786 0.06587837837837837
1 0.2668918918918919 0.6047297297297297 0.07939189189189189 0.22466216216216217
1 0.34966216216216217 0.5540540540540541 0.0777027027027027 0.1891891891891892
1 0.7398648648648649 0.4265202702702703 0.07263513513513513 0.28885135135135137
1 0.10219594594594594 0.5996621621621622 0.08445945945945946 0.16216216216216217
1 0.17398648648648649 0.7356418918918919 0.0929054054054054 0.17567567567567569
1 0.0777027027027027 0.839527027027027 0.08783783783783784 0.2195945945945946
1 0.0945945945945946 0.36993243243243246 0.06418918918918919 0.2922297297297297
1 0.15287162162162163 0.3108108108108108 0.05574324324324324 0.23986486486486486
1 0.8040540540540541 0.24577702702702703 0.048986486486486486 0.10304054054054054
1 0.8581081081081081 0.8724662162162162 0.16891891891891891 0.24662162162162163
1 0.3564189189189189 0.816722972972973 0.07094594594594594 0.21452702702702703
1 0.43834459459459457 0.7922297297297297 0.08277027027027027 0.19594594594594594
1 0.021114864864864864 0.8226351351351351 0.033783783783783786 0.22297297297297297
1 0.010135135135135136 0.5954391891891891 0.02027027027027027 0.22804054054054054
1 0.6055743243243243 0.375 0.04560810810810811 0.14864864864864866
1 0.6638513513513513 0.3640202702702703 0.03547297297297297 0.14358108108108109
1 0.49155405405405406 0.3597972972972973 0.04391891891891892 0.1097972972972973