1 0.06023102310231023 0.528052805280528 0.12046204620462046 0.5643564356435643
1 0.2665016501650165 0.5 0.132013201320132 0.5379537953795379
1 0.35973597359735976 0.4975247524752475 0.12706270627062707 0.5693069306930693
1 0.15924092409240925 0.509075907590759 0.15676567656765678 0.5495049504950495
1 0.7103960396039604 0.4612211221122112 0.12706270627062707 0.570957095709571
1 0.8176567656765676 0.4546204620462046 0.1551155115511551 0.5775577557755776
1 0.45544554455445546 0.4991749174917492 0.1419141914191419 0.5759075907590759
1 0.518976897689769 0.4834983498349835 0.132013201320132 0.5165016501650165
1 0.5973597359735974 0.4570957095709571 0.14686468646864687 0.5577557755775577
1 0.9315181518151815 0.4471947194719472 0.13696369636963696 0.5742574257425742
1 0.10808580858085809 0.5206270627062707 0.18316831683168316 0.47854785478547857
1 0.9777227722772277 0.4537953795379538 0.04455445544554455 0.6072607260726073