1 0.4171875 0.32265625 0.08125 0.3296875
1 0.3421875 0.31953125 0.103125 0.3515625
1 0.03046875 0.35 0.0609375 0.346875
1 0.025 0.34765625 0.05 0.3515625
1 0.2515625 0.32109375 0.1171875 0.365625
1 0.1921875 0.3453125 0.1109375 0.328125
1 0.1171875 0.3515625 0.121875 0.328125
1 0.0203125 0.34609375 0.040625 0.3515625
1 0.015625 0.33203125 0.03125 0.3828125
1 0.46171875 0.4609375 0.015625 0.0453125
1 0.05859375 0.97421875 0.0421875 0.0515625
1 0.05859375 0.98515625 0.0390625 0.0296875
1 0.1421875 0.92109375 0.225 0.1578125
1 0.28671875 0.96171875 0.0484375 0.0765625
1 0.37734375 0.9578125 0.1328125 0.084375
1 0.42265625 0.9375 0.0765625 0.125
1 0.48046875 0.9578125 0.0453125 0.084375
1 0.43828125 0.86953125 0.0734375 0.0890625
1 0.3390625 0.8609375 0.11875 0.1546875
1 0.225 0.8171875 0.0984375 0.1421875
1 0.29921875 0.7703125 0.1015625 0.1796875
1 0.4703125 0.78671875 0.0421875 0.1671875
1 0.40546875 0.7734375 0.090625 0.134375
1 0.32734375 0.6484375 0.078125 0.1421875
1 0.41953125 0.65546875 0.0671875 0.1125
1 0.46484375 0.665625 0.025 0.096875
1 0.40859375 0.565625 0.0703125 0.1046875
1 0.38046875 0.52109375 0.053125 0.0671875
1 0.41796875 0.5 0.021875 0.028125
1 0.3875 0.50078125 0.015625 0.0234375
1 0.26953125 0.6203125 0.05625 0.121875
1 0.23046875 0.6578125 0.0375 0.084375
1 0.1171875 0.7859375 0.065625 0.1671875
1 0.13828125 0.7234375 0.0359375 0.0953125
1 0.17265625 0.765625 0.0578125 0.121875
1 0.22109375 0.71953125 0.078125 0.0828125
1 0.1328125 0.63828125 0.084375 0.15
1 0.1859375 0.6515625 0.040625 0.071875
1 0.21640625 0.58203125 0.05625 0.1078125
1 0.1734375 0.58203125 0.0421875 0.09375
1 0.04375 0.81171875 0.046875 0.1359375
1 0.028125 0.7296875 0.025 0.0609375
1 0.06171875 0.74375 0.065625 0.1453125
1 0.04921875 0.94609375 0.03125 0.084375
1 0.0484375 0.8828125 0.0421875 0.11875
1 0.040625 0.81328125 0.0359375 0.0828125
1 0.028125 0.76171875 0.01875 0.059375
1 0.0328125 0.7640625 0.0328125 0.10625
1 0.0390625 0.61328125 0.0484375 0.103125
1 0.07890625 0.64140625 0.04375 0.096875
1 0.13828125 0.54375 0.034375 0.065625
1 0.09921875 0.56796875 0.046875 0.078125
1 0.071875 0.546875 0.04375 0.0625
1 0.0296875 0.74296875 0.028125 0.084375
1 0.04453125 0.91171875 0.03125 0.1234375
1 0.0375 0.821875 0.028125 0.08125
1 0.05390625 0.93671875 0.0453125 0.1265625
1 0.04375 0.934375 0.0234375 0.084375
1 0.04140625 0.85625 0.0328125 0.10625
1 0.040625 0.8515625 0.03125 0.0875
1 0.03125 0.778125 0.025 0.0859375
1 0.0265625 0.71796875 0.028125 0.115625
1 0.03046875 0.70625 0.0359375 0.096875
1 0.0421875 0.79453125 0.053125 0.203125
1 0.0328125 0.81171875 0.0234375 0.090625
1 0.05703125 0.90625 0.05625 0.1203125
1 0.03984375 0.86015625 0.0265625 0.0703125
1 0.03046875 0.77265625 0.025 0.09375
1 0.028125 0.6953125 0.034375 0.0921875
1 0.02109375 0.6203125 0.034375 0.1171875
1 0.02109375 0.61015625 0.0359375 0.10625
1 0.01875 0.65390625 0.01875 0.05625
1 0.025 0.653125 0.0359375 0.1015625
1 0.025 0.66484375 0.0328125 0.096875
1 0.02421875 0.7109375 0.0203125 0.0640625
1 0.02421875 0.6765625 0.0328125 0.1203125
1 0.01640625 0.5765625 0.03125 0.0953125
1 0.0109375 0.55 0.021875 0.05625
1 0.0109375 0.54375 0.021875 0.04375
1 0.01484375 0.58125 0.028125 0.11875
1 0.0203125 0.64140625 0.0265625 0.08125
1 0.0171875 0.6453125 0.0171875 0.053125
1 0.0203125 0.684375 0.015625 0.0421875
1 0.01171875 0.54140625 0.0234375 0.0390625
1 0.01328125 0.5453125 0.025 0.046875
1 0.03125 0.54609375 0.046875 0.053125
1 0.1140625 0.52890625 0.0296875 0.0328125
1 0.20390625 0.5234375 0.034375 0.0390625
1 0.24453125 0.5203125 0.03125 0.0375
1 0.2828125 0.53828125 0.0765625 0.0859375
1 0.35 0.52578125 0.0375 0.06875
1 0.95859375 0.62421875 0.0828125 0.3765625
1 0.8328125 0.63046875 0.2 0.3734375
1 0.65078125 0.6546875 0.171875 0.3859375
1 0.5109375 0.6703125 0.10625 0.3859375
1 0.49921875 0.6703125 0.0828125 0.3828125