1 0.625 0.1315359477124183 0.05065359477124183 0.2630718954248366
1 0.29411764705882354 0.14133986928104575 0.08660130718954248 0.27124183006535946
1 0.18872549019607843 0.14624183006535948 0.11437908496732026 0.27450980392156865
1 0.548202614379085 0.13480392156862744 0.09967320261437909 0.2696078431372549
1 0.48366013071895425 0.12173202614379085 0.09477124183006536 0.2434640522875817
1 0.40522875816993464 0.13398692810457516 0.10784313725490197 0.2647058823529412
1 0.07516339869281045 0.14950980392156862 0.09640522875816994 0.272875816993464
1 0.013888888888888888 0.16176470588235295 0.027777777777777776 0.2908496732026144
1 0.8186274509803921 0.21568627450980393 0.3562091503267974 0.43137254901960786
1 0.22875816993464052 0.7197712418300654 0.45751633986928103 0.5604575163398693
1 0.7540849673202614 0.5433006535947712 0.19607843137254902 0.23529411764705882