1 0.051174496644295304 0.4337248322147651 0.10234899328859061 0.5721476510067114
1 0.2634228187919463 0.43456375838926176 0.11577181208053691 0.5453020134228188
1 0.3573825503355705 0.44546979865771813 0.10906040268456375 0.5771812080536913
1 0.15436241610738255 0.4286912751677852 0.14093959731543623 0.5553691275167785
1 0.7156040268456376 0.45805369127516776 0.10906040268456375 0.5788590604026845
1 0.8246644295302014 0.4672818791946309 0.13758389261744966 0.5855704697986577
1 0.45302013422818793 0.46057046979865773 0.12416107382550336 0.5822147651006712
1 0.5201342281879194 0.4538590604026846 0.11577181208053691 0.5234899328859061
1 0.6023489932885906 0.43791946308724833 0.12919463087248323 0.5654362416107382
1 0.9404362416107382 0.47567114093959734 0.11912751677852348 0.5822147651006712
1 0.10067114093959731 0.4337248322147651 0.17114093959731544 0.4815436241610738