1 0.0231629392971246 0.20926517571884984 0.0463258785942492 0.4185303514376997
1 0.04472843450479233 0.19808306709265175 0.08626198083067092 0.3961661341853035
1 0.13258785942492013 0.20926517571884984 0.08306709265175719 0.4185303514376997
1 0.029552715654952075 0.19968051118210864 0.05591054313099041 0.3993610223642173
1 0.4680511182108626 0.21006389776357828 0.07348242811501597 0.42012779552715657
1 0.2244408945686901 0.21565495207667731 0.09744408945686901 0.43130990415335463
1 0.28833865814696485 0.19808306709265175 0.09105431309904154 0.3961661341853035
1 0.365814696485623 0.1988817891373802 0.10223642172523961 0.3977635782747604
1 0.037539936102236424 0.1853035143769968 0.07188498402555911 0.3706070287539936
1 0.7484025559105432 0.25559105431309903 0.5031948881789138 0.5111821086261981
1 0.038338658146964855 0.7635782747603834 0.07667731629392971 0.23322683706070288
1 0.7428115015974441 0.7835463258785943 0.5111821086261981 0.4329073482428115