1 0.5559105431309904 0.24600638977635783 0.10223642172523961 0.49201277955271566
1 0.347444089456869 0.24201277955271566 0.10063897763578275 0.4840255591054313
1 0.2571884984025559 0.24041533546325877 0.0926517571884984 0.48083067092651754
1 0.4504792332268371 0.24440894568690097 0.12460063897763578 0.48881789137380194
1 0.01757188498402556 0.2356230031948882 0.03514376996805112 0.4712460063897764
1 0.02476038338658147 0.2364217252396166 0.04952076677316294 0.4728434504792332
1 0.1645367412140575 0.2388178913738019 0.10543130990415335 0.4776357827476038
1 0.10223642172523961 0.2388178913738019 0.10063897763578275 0.4744408945686901
1 0.04073482428115016 0.2364217252396166 0.08146964856230032 0.4728434504792332
1 0.019968051118210862 0.2356230031948882 0.039936102236421724 0.4712460063897764
1 0.5007987220447284 0.26437699680511184 0.15495207667731628 0.4536741214057508
1 0.015175718849840255 0.2356230031948882 0.03035143769968051 0.4712460063897764
1 0.8753993610223643 0.20287539936102236 0.24920127795527156 0.38977635782747605
1 0.4520766773162939 0.8234824281150159 0.2715654952076677 0.35303514376996803
1 0.8099041533546326 0.7468051118210862 0.3801916932907348 0.5063897763578274
1 0.6277955271565495 0.5319488817891374 0.07188498402555911 0.07827476038338659
1 0.7452076677316294 0.5279552715654952 0.09105431309904154 0.06389776357827476