1 0.9603174603174603 0.515079365079365 0.07936507936507936 0.5380952380952381
1 0.7555555555555555 0.5246031746031746 0.08253968253968254 0.5126984126984127
1 0.6658730158730158 0.5190476190476191 0.0746031746031746 0.5428571428571428
1 0.8587301587301587 0.5246031746031746 0.10634920634920635 0.5206349206349207
1 0.326984126984127 0.5246031746031746 0.0746031746031746 0.5444444444444444
1 0.22380952380952382 0.5214285714285715 0.10158730158730159 0.5492063492063493
1 0.5746031746031746 0.5095238095238095 0.0873015873015873 0.5476190476190477
1 0.5119047619047619 0.5190476190476191 0.08412698412698413 0.49206349206349204
1 0.43492063492063493 0.5380952380952381 0.09523809523809523 0.5301587301587302
1 0.11349206349206349 0.5190476190476191 0.08412698412698413 0.5476190476190477
1 0.9087301587301587 0.5174603174603175 0.1380952380952381 0.4492063492063492
1 0.03253968253968254 0.5063492063492063 0.06349206349206349 0.5857142857142857