1 0.014285714285714285 0.2515873015873016 0.02857142857142857 0.2968253968253968
1 0.014285714285714285 0.25317460317460316 0.02857142857142857 0.29365079365079366
1 0.011904761904761904 0.24841269841269842 0.023809523809523808 0.30317460317460315
1 0.01984126984126984 0.2507936507936508 0.03968253968253968 0.2984126984126984
1 0.11984126984126985 0.24523809523809523 0.0746031746031746 0.30952380952380953
1 0.22380952380952382 0.24523809523809523 0.10158730158730159 0.30952380952380953
1 0.015873015873015872 0.2515873015873016 0.031746031746031744 0.2968253968253968
1 0.014285714285714285 0.2611111111111111 0.02857142857142857 0.2777777777777778
1 0.03015873015873016 0.24206349206349206 0.06031746031746032 0.31587301587301586
1 0.31746031746031744 0.24682539682539684 0.050793650793650794 0.30634920634920637
1 0.027777777777777776 0.2722222222222222 0.05555555555555555 0.25555555555555554
1 0.6460317460317461 0.2984126984126984 0.17142857142857143 0.20317460317460317
1 0.3126984126984127 0.7944444444444444 0.04285714285714286 0.10476190476190476
1 0.33015873015873015 0.573015873015873 0.025396825396825397 0.15555555555555556
1 0.326984126984127 0.4492063492063492 0.031746031746031744 0.09841269841269841
1 0.2857142857142857 0.4373015873015873 0.047619047619047616 0.0746031746031746
1 0.3261904761904762 0.9285714285714286 0.03333333333333333 0.14285714285714285
1 0.21746031746031746 0.6896825396825397 0.08253968253968254 0.17936507936507937
1 0.173015873015873 0.5531746031746032 0.08412698412698413 0.12857142857142856
1 0.11984126984126985 0.8738095238095238 0.1365079365079365 0.11428571428571428
1 0.1126984126984127 0.6944444444444444 0.09523809523809523 0.1761904761904762
1 0.12222222222222222 0.4603174603174603 0.13333333333333333 0.12063492063492064
1 0.23015873015873015 0.4396825396825397 0.05714285714285714 0.07936507936507936
1 0.023015873015873017 0.5047619047619047 0.046031746031746035 0.1619047619047619
1 0.06825396825396825 0.6095238095238096 0.09841269841269841 0.12380952380952381
1 0.03888888888888889 0.7134920634920635 0.07777777777777778 0.11904761904761904
1 0.2396825396825397 0.9674603174603175 0.05396825396825397 0.06507936507936508
1 0.2753968253968254 0.553968253968254 0.04285714285714286 0.10952380952380952
1 0.5055555555555555 0.7071428571428572 0.3253968253968254 0.4142857142857143