1 0.9410714285714286 0.45982142857142855 0.11785714285714285 0.6089285714285714
1 0.7125 0.4607142857142857 0.12321428571428572 0.5803571428571429
1 0.6125 0.47232142857142856 0.11607142857142858 0.6142857142857143
1 0.8285714285714286 0.45535714285714285 0.15 0.5910714285714286
1 0.23125 0.48660714285714285 0.11607142857142858 0.6160714285714286
1 0.11517857142857142 0.49642857142857144 0.14642857142857144 0.6232142857142857
1 0.5098214285714285 0.48839285714285713 0.13035714285714287 0.6196428571428572
1 0.4392857142857143 0.48214285714285715 0.12321428571428572 0.5571428571428572
1 0.3517857142857143 0.46517857142857144 0.1375 0.6017857142857143
1 0.026785714285714284 0.5017857142857143 0.05357142857142857 0.6178571428571429
1 0.8848214285714285 0.45982142857142855 0.18214285714285713 0.5125