1 0.963258785942492 0.48482428115015974 0.07348242811501597 0.5415335463258786
1 0.7603833865814696 0.4752396166134185 0.08306709265175719 0.5159744408945687
1 0.6701277955271565 0.48083067092651754 0.07507987220447285 0.5463258785942492
1 0.8642172523961661 0.4752396166134185 0.10702875399361023 0.5239616613418531
1 0.329073482428115 0.4752396166134185 0.07507987220447285 0.547923322683706
1 0.22523961661341854 0.4784345047923323 0.10223642172523961 0.5527156549520766
1 0.5782747603833865 0.4904153354632588 0.0878594249201278 0.5511182108626198
1 0.5151757188498403 0.48083067092651754 0.08466453674121406 0.4952076677316294
1 0.43769968051118213 0.46166134185303515 0.09584664536741214 0.5335463258785943
1 0.11421725239616613 0.48083067092651754 0.08466453674121406 0.5511182108626198
1 0.9145367412140575 0.48242811501597443 0.1389776357827476 0.4520766773162939
1 0.03274760383386582 0.4936102236421725 0.06389776357827476 0.5894568690095847