1 0.40491803278688526 0.3188524590163934 0.06721311475409836 0.3442622950819672
1 0.32704918032786884 0.31065573770491806 0.09016393442622951 0.36721311475409835
1 0.010655737704918032 0.3237704918032787 0.021311475409836064 0.3590163934426229
1 0.2319672131147541 0.3073770491803279 0.10327868852459017 0.380327868852459
1 0.1680327868852459 0.3295081967213115 0.09836065573770492 0.34098360655737703
1 0.08934426229508197 0.3319672131147541 0.10983606557377049 0.34098360655737703
1 0.44508196721311477 0.46557377049180326 0.014754098360655738 0.04590163934426229
1 0.10245901639344263 0.9262295081967213 0.1819672131147541 0.14754098360655737
1 0.2319672131147541 0.9704918032786886 0.04426229508196721 0.05901639344262295
1 0.32704918032786884 0.9704918032786886 0.13278688524590163 0.05901639344262295
1 0.3770491803278688 0.9491803278688524 0.07213114754098361 0.10163934426229508
1 0.43524590163934423 0.9721311475409836 0.040983606557377046 0.05573770491803279
1 0.3975409836065574 0.8926229508196721 0.07213114754098361 0.09016393442622951
1 0.2942622950819672 0.8778688524590164 0.11639344262295082 0.1557377049180328
1 0.17704918032786884 0.8262295081967214 0.09672131147540984 0.14426229508196722
1 0.2573770491803279 0.7811475409836065 0.09836065573770492 0.18524590163934426
1 0.43524590163934423 0.8073770491803278 0.036065573770491806 0.17540983606557378
1 0.3680327868852459 0.7901639344262295 0.08852459016393442 0.1377049180327869
1 0.29262295081967216 0.6549180327868852 0.07377049180327869 0.14590163934426228
1 0.38934426229508196 0.6672131147540984 0.06393442622950819 0.11475409836065574
1 0.43688524590163935 0.680327868852459 0.021311475409836064 0.1
1 0.38278688524590165 0.5721311475409836 0.06885245901639345 0.10655737704918032
1 0.3557377049180328 0.5245901639344263 0.05245901639344262 0.06721311475409836
1 0.3959016393442623 0.5040983606557377 0.022950819672131147 0.027868852459016394
1 0.36475409836065575 0.5032786885245901 0.014754098360655738 0.022950819672131147
1 0.23442622950819672 0.6221311475409836 0.05245901639344262 0.12622950819672132
1 0.1918032786885246 0.659016393442623 0.036065573770491806 0.08688524590163935
1 0.06557377049180328 0.7877049180327869 0.060655737704918035 0.1737704918032787
1 0.09098360655737706 0.7237704918032787 0.03278688524590164 0.1
1 0.12459016393442623 0.7688524590163934 0.054098360655737705 0.12622950819672132
1 0.1778688524590164 0.7237704918032787 0.07868852459016394 0.08360655737704918
1 0.08934426229508197 0.6336065573770492 0.08032786885245902 0.1540983606557377
1 0.14508196721311475 0.65 0.03934426229508197 0.07377049180327869
1 0.18032786885245902 0.5795081967213115 0.05245901639344262 0.11147540983606558
1 0.13524590163934427 0.5770491803278689 0.03934426229508197 0.09672131147540984
1 0.022950819672131147 0.739344262295082 0.03442622950819672 0.14918032786885246
1 0.009016393442622951 0.6008196721311475 0.014754098360655738 0.10491803278688525
1 0.03278688524590164 0.6336065573770492 0.040983606557377046 0.1
1 0.10081967213114754 0.5344262295081967 0.03114754098360656 0.06885245901639345
1 0.05819672131147541 0.5581967213114755 0.04590163934426229 0.08032786885245902
1 0.03114754098360656 0.5344262295081967 0.04262295081967213 0.06393442622950819
1 0.005737704918032787 0.530327868852459 0.011475409836065573 0.05245901639344262
1 0.07622950819672131 0.5180327868852459 0.029508196721311476 0.03442622950819672
1 0.17049180327868851 0.5172131147540984 0.03442622950819672 0.03934426229508197
1 0.21311475409836064 0.5155737704918033 0.03114754098360656 0.03934426229508197
1 0.25245901639344265 0.5377049180327869 0.07704918032786885 0.08688524590163935
1 0.3237704918032787 0.5278688524590164 0.03442622950819672 0.07049180327868852
1 0.9606557377049181 0.6639344262295082 0.07868852459016394 0.3901639344262295
1 0.8237704918032787 0.6639344262295082 0.1901639344262295 0.3836065573770492
1 0.6319672131147541 0.6795081967213115 0.15901639344262294 0.3983606557377049
1 0.48442622950819675 0.6877049180327869 0.09016393442622951 0.4016393442622951
1 0.4721311475409836 0.6868852459016394 0.06557377049180328 0.4