1 0.55390625 0.24921875 0.0828125 0.4796875
1 0.35 0.25078125 0.08125 0.4765625
1 0.26171875 0.24609375 0.0734375 0.4859375
1 0.45078125 0.2484375 0.1046875 0.48125
1 0.01796875 0.24453125 0.0359375 0.4890625
1 0.025 0.24453125 0.05 0.4890625
1 0.17109375 0.24921875 0.0859375 0.4796875
1 0.11015625 0.25859375 0.0828125 0.4609375
1 0.040625 0.24453125 0.08125 0.4890625
1 0.0203125 0.24453125 0.040625 0.4890625
1 0.50078125 0.26953125 0.1359375 0.4390625
1 0.015625 0.24453125 0.03125 0.4890625
1 0.86796875 0.19296875 0.2359375 0.384375
1 0.47265625 0.8203125 0.2546875 0.340625
1 0.82109375 0.74453125 0.3578125 0.5109375
1 0.63359375 0.5265625 0.0671875 0.075
1 0.7484375 0.51875 0.0875 0.059375