1 0.08191126279863481 0.2977815699658703 0.16382252559726962 0.5580204778156996
1 0.5025597269624573 0.34982935153583616 0.20477815699658702 0.4112627986348123
1 0.8703071672354948 0.2235494880546075 0.08703071672354949 0.18771331058020477
1 0.24061433447098976 0.34726962457337884 0.19965870307167236 0.44368600682593856
1 0.659556313993174 0.23378839590443687 0.09044368600682594 0.2781569965870307
1 0.4052901023890785 0.05546075085324232 0.06313993174061433 0.10580204778156997
1 0.7090443686006825 0.18686006825938567 0.07679180887372014 0.189419795221843
1 0.7986348122866894 0.21928327645051193 0.08191126279863481 0.1962457337883959
1 0.9206484641638225 0.22781569965870307 0.08191126279863481 0.19283276450511946
1 0.8344709897610921 0.22184300341296928 0.09897610921501707 0.21331058020477817
1 0.9726962457337884 0.2380546075085324 0.040955631399317405 0.2167235494880546
1 0.9479522184300341 0.22184300341296928 0.08703071672354949 0.19112627986348124
1 0.07337883959044368 0.6023890784982935 0.06484641638225255 0.06143344709897611
1 0.03924914675767918 0.7448805460750854 0.06143344709897611 0.13310580204778158
1 0.16296928327645052 0.7286689419795221 0.02218430034129693 0.11433447098976109
1 0.11092150170648464 0.7278156996587031 0.06143344709897611 0.09385665529010238
1 0.08959044368600683 0.9658703071672355 0.04607508532423208 0.06825938566552901
1 0.028156996587030716 0.606655290102389 0.04948805460750853 0.06313993174061433
1 0.1348122866894198 0.6476109215017065 0.06484641638225255 0.08532423208191127
1 0.014505119453924915 0.6706484641638225 0.015358361774744027 0.07167235494880546
1 0.04436860068259386 0.9726962457337884 0.04436860068259386 0.05460750853242321
1 0.06569965870307168 0.6655290102389079 0.051194539249146756 0.09726962457337884
1 0.09556313993174062 0.8139931740614335 0.052901023890784986 0.09556313993174062
1 0.07764505119453925 0.8626279863481229 0.05631399317406143 0.09556313993174062
1 0.1612627986348123 0.9863481228668942 0.04948805460750853 0.027303754266211604
1 0.17747440273037543 0.9377133105802048 0.013651877133105802 0.06655290102389079
1 0.04863481228668942 0.9351535836177475 0.052901023890784986 0.08873720136518772
1 0.13310580204778158 0.5998293515358362 0.05460750853242321 0.06143344709897611
1 0.13395904436860068 0.8720136518771331 0.04778156996587031 0.10068259385665529
1 0.015358361774744027 0.6006825938566553 0.023890784982935155 0.04948805460750853
1 0.15699658703071673 0.6015358361774744 0.020477815699658702 0.06484641638225255
1 0.026450511945392493 0.5870307167235495 0.04607508532423208 0.023890784982935155