1 0.10303514376996806 0.26357827476038337 0.20607028753993611 0.5271565495207667
1 0.5135782747603834 0.3570287539936102 0.19169329073482427 0.38498402555910544
1 0.8682108626198083 0.2755591054313099 0.08146964856230032 0.1757188498402556
1 0.2707667731629393 0.329073482428115 0.1869009584664537 0.41533546325878595
1 0.6717252396166135 0.26437699680511184 0.08466453674121406 0.26038338658146964
1 0.4520766773162939 0.06389776357827476 0.06070287539936102 0.1182108626198083
1 0.7220447284345048 0.22523961661341854 0.07188498402555911 0.17731629392971246
1 0.8027156549520766 0.26437699680511184 0.07667731629392971 0.18370607028753994
1 0.9153354632587859 0.28434504792332266 0.07667731629392971 0.1805111821086262
1 0.8362619808306709 0.2707667731629393 0.0926517571884984 0.19968051118210864
1 0.9712460063897763 0.2987220447284345 0.05750798722044728 0.20447284345047922
1 0.944888178913738 0.2819488817891374 0.08945686900958466 0.17891373801916932
1 0.08945686900958466 0.5503194888178914 0.06070287539936102 0.05750798722044728
1 0.003993610223642172 0.8362619808306709 0.007987220447284345 0.10383386581469649
1 0.00718849840255591 0.6693290734824281 0.01437699680511182 0.07348242811501597
1 0.010383386581469648 0.8586261980830671 0.020766773162939296 0.12300319488817892
1 0.003993610223642172 0.7707667731629393 0.007987220447284345 0.10063897763578275
1 0.04233226837060703 0.6797124600638977 0.06070287539936102 0.12460063897763578
1 0.009584664536741214 0.6549520766773163 0.019169329073482427 0.0926517571884984
1 0.003993610223642172 0.6733226837060703 0.007987220447284345 0.09424920127795527
1 0.16134185303514376 0.6765175718849841 0.020766773162939296 0.10702875399361023
1 0.004792332268370607 0.6054313099041534 0.009584664536741214 0.07987220447284345
1 0.005591054313099041 0.6853035143769968 0.011182108626198083 0.08945686900958466
1 0.009584664536741214 0.9416932907348243 0.019169329073482427 0.06549520766773163
1 0.004792332268370607 0.7404153354632588 0.009584664536741214 0.08146964856230032
1 0.11261980830670927 0.670926517571885 0.05750798722044728 0.0878594249201278
1 0.004792332268370607 0.6222044728434505 0.009584664536741214 0.06230031948881789
1 0.0023961661341853034 0.7460063897763578 0.004792332268370607 0.09584664536741214
1 0.06789137380191693 0.9001597444089456 0.04313099041533546 0.08306709265175719
1 0.04472843450479233 0.549520766773163 0.051118210862619806 0.06070287539936102
1 0.14297124600638977 0.5982428115015974 0.06070287539936102 0.07987220447284345
1 0.003993610223642172 0.8083067092651757 0.007987220447284345 0.12140575079872204
1 0.01757188498402556 0.6062300319488818 0.03514376996805112 0.06869009584664537
1 0.006389776357827476 0.5982428115015974 0.012779552715654952 0.07827476038338659
1 0.003194888178913738 0.9305111821086262 0.006389776357827476 0.0878594249201278
1 0.00878594249201278 0.6006389776357828 0.01757188498402556 0.08945686900958466
1 0.023961661341853034 0.9201277955271565 0.04792332268370607 0.11182108626198083
1 0.07667731629392971 0.6078274760383386 0.04792332268370607 0.09105431309904154
1 0.005591054313099041 0.5559105431309904 0.011182108626198083 0.06389776357827476
1 0.001597444089456869 0.5886581469648562 0.003194888178913738 0.05910543130990415
1 0.08945686900958466 0.75 0.04952076677316294 0.08945686900958466
1 0.06789137380191693 0.792332268370607 0.052715654952076675 0.08945686900958466
1 0.003993610223642172 0.597444089456869 0.007987220447284345 0.06389776357827476
1 0.003993610223642172 0.5934504792332268 0.007987220447284345 0.0463258785942492
1 0.00878594249201278 0.542332268370607 0.01757188498402556 0.04952076677316294
1 0.005591054313099041 0.5543130990415336 0.011182108626198083 0.05750798722044728
1 0.001597444089456869 0.6661341853035144 0.003194888178913738 0.0670926517571885
1 0.08706070287539937 0.9592651757188498 0.04952076677316294 0.04313099041533546
1 0.13258785942492013 0.9432907348242812 0.04792332268370607 0.07827476038338659
1 0.15415335463258786 0.8730031948881789 0.012779552715654952 0.06230031948881789
1 0.034345047923322686 0.8578274760383386 0.04952076677316294 0.08306709265175719
1 0.14536741214057508 0.5535143769968051 0.051118210862619806 0.05750798722044728
1 0.012779552715654952 0.6365814696485623 0.025559105431309903 0.1134185303514377
1 0.0023961661341853034 0.7268370607028753 0.004792332268370607 0.05750798722044728
1 0.006389776357827476 0.7028753993610224 0.012779552715654952 0.0926517571884984
1 0.00718849840255591 0.5471246006389776 0.01437699680511182 0.05591054313099041
1 0.003194888178913738 0.6629392971246006 0.006389776357827476 0.12779552715654952
1 0.11980830670926518 0.8075079872204473 0.04472843450479233 0.09424920127795527
1 0.005591054313099041 0.5766773162939297 0.011182108626198083 0.07028753993610223
1 0.005591054313099041 0.5591054313099042 0.011182108626198083 0.07667731629392971
1 0.0231629392971246 0.5415335463258786 0.0463258785942492 0.04792332268370607
1 0.16773162939297126 0.5575079872204473 0.019169329073482427 0.06070287539936102
1 0.004792332268370607 0.5335463258785943 0.009584664536741214 0.03194888178913738
1 0.001597444089456869 0.6661341853035144 0.003194888178913738 0.054313099041533544
1 0.001597444089456869 0.5854632587859425 0.003194888178913738 0.039936102236421724
1 0.003194888178913738 0.6230031948881789 0.006389776357827476 0.02875399361022364
1 0.003194888178913738 0.5750798722044729 0.006389776357827476 0.038338658146964855
1 0.003194888178913738 0.560702875399361 0.006389776357827476 0.03194888178913738
1 0.0007987220447284345 0.542332268370607 0.001597444089456869 0.023961661341853034
1 0.004792332268370607 0.5343450479233227 0.009584664536741214 0.03354632587859425
1 0.0023961661341853034 0.5615015974440895 0.004792332268370607 0.020766773162939296
1 0.001597444089456869 0.5439297124600639 0.003194888178913738 0.020766773162939296
1 0.001597444089456869 0.5223642172523961 0.003194888178913738 0.009584664536741214
1 0.004792332268370607 0.542332268370607 0.009584664536741214 0.03354632587859425
1 0.0023961661341853034 0.5359424920127795 0.004792332268370607 0.036741214057507986
1 0.001597444089456869 0.5351437699680511 0.003194888178913738 0.022364217252396165
1 0.003194888178913738 0.5231629392971247 0.006389776357827476 0.011182108626198083
1 0.003194888178913738 0.5255591054313099 0.006389776357827476 0.01597444089456869
1 0.001597444089456869 0.5231629392971247 0.003194888178913738 0.011182108626198083
1 0.001597444089456869 0.5247603833865815 0.003194888178913738 0.01437699680511182
1 0.003194888178913738 0.5247603833865815 0.006389776357827476 0.01437699680511182
1 0.0023961661341853034 0.5255591054313099 0.004792332268370607 0.01597444089456869
1 0.003993610223642172 0.5287539936102237 0.007987220447284345 0.022364217252396165
1 0.037539936102236424 0.5311501597444089 0.06230031948881789 0.023961661341853034
1 0.006389776357827476 0.5335463258785943 0.012779552715654952 0.02875399361022364
1 0.003993610223642172 0.5319488817891374 0.007987220447284345 0.02875399361022364
1 0.003993610223642172 0.5239616613418531 0.007987220447284345 0.012779552715654952
1 0.003194888178913738 0.5279552715654952 0.006389776357827476 0.020766773162939296
1 0.005591054313099041 0.5239616613418531 0.011182108626198083 0.009584664536741214
1 0.011182108626198083 0.5375399361022364 0.022364217252396165 0.039936102236421724
1 0.005591054313099041 0.5271565495207667 0.011182108626198083 0.01597444089456869
1 0.006389776357827476 0.536741214057508 0.012779552715654952 0.03514376996805112
1 0.003993610223642172 0.5351437699680511 0.007987220447284345 0.03514376996805112
1 0.003993610223642172 0.555111821086262 0.007987220447284345 0.04952076677316294
1 0.004792332268370607 0.5559105431309904 0.009584664536741214 0.038338658146964855
1 0.00718849840255591 0.5311501597444089 0.01437699680511182 0.027156549520766772
1 0.003993610223642172 0.5255591054313099 0.007987220447284345 0.01597444089456869
1 0.003194888178913738 0.5287539936102237 0.006389776357827476 0.022364217252396165
1 0.005591054313099041 0.5303514376996805 0.011182108626198083 0.022364217252396165
1 0.003194888178913738 0.5263578274760383 0.006389776357827476 0.01757188498402556
1 0.003194888178913738 0.5239616613418531 0.006389776357827476 0.012779552715654952
1 0.003993610223642172 0.5263578274760383 0.007987220447284345 0.01757188498402556
1 0.0023961661341853034 0.5231629392971247 0.004792332268370607 0.011182108626198083
1 0.003194888178913738 0.5295527156549521 0.006389776357827476 0.023961661341853034
1 0.0023961661341853034 0.5247603833865815 0.004792332268370607 0.01437699680511182
1 0.0023961661341853034 0.5239616613418531 0.004792332268370607 0.012779552715654952
1 0.005591054313099041 0.5351437699680511 0.011182108626198083 0.03194888178913738
1 0.0007987220447284345 0.5295527156549521 0.001597444089456869 0.01757188498402556