1 0.7837837837837838 0.23902027027027026 0.05574324324324324 0.10810810810810811
1 0.6402027027027027 0.27449324324324326 0.04054054054054054 0.12331081081081081
1 0.3108108108108108 0.39949324324324326 0.05405405405405406 0.1266891891891892
1 0.4214527027027027 0.14442567567567569 0.057432432432432436 0.19763513513513514
1 0.23310810810810811 0.3420608108108108 0.052364864864864864 0.14358108108108109
1 0.06672297297297297 0.3623310810810811 0.05912162162162162 0.14358108108108109
1 0.47550675675675674 0.16131756756756757 0.057432432432432436 0.1570945945945946
1 0.4248310810810811 0.38006756756756754 0.048986486486486486 0.13682432432432431
1 0.47719594594594594 0.38091216216216217 0.06756756756756757 0.15878378378378377
1 0.7297297297297297 0.23226351351351351 0.048986486486486486 0.13682432432432431
1 0.04307432432432432 0.22888513513513514 0.04222972972972973 0.14020270270270271
1 0.16047297297297297 0.30236486486486486 0.048986486486486486 0.16216216216216217
1 0.8462837837837838 0.35050675675675674 0.057432432432432436 0.20270270270270271
1 0.3969594594594595 0.2483108108108108 0.037162162162162164 0.14695945945945946
1 0.34375 0.2719594594594595 0.06418918918918919 0.24324324324324326
1 0.5802364864864865 0.28125 0.07263513513513513 0.23479729729729729
1 0.19172297297297297 0.17229729729729729 0.07094594594594594 0.21621621621621623