1 0.9163961038961039 0.4212662337662338 0.1672077922077922 0.702922077922078
1 0.8027597402597403 0.4099025974025974 0.08928571428571429 0.5438311688311688
1 0.640422077922078 0.4699675324675325 0.1396103896103896 0.788961038961039
1 0.5446428571428571 0.23133116883116883 0.05844155844155844 0.237012987012987
1 0.974025974025974 0.17532467532467533 0.04220779220779221 0.11363636363636363
1 0.5454545454545454 0.5194805194805194 0.060064935064935064 0.3977272727272727
1 0.474025974025974 0.2564935064935065 0.0633116883116883 0.3912337662337662
1 0.3977272727272727 0.20535714285714285 0.060064935064935064 0.28733766233766234
1 0.3457792207792208 0.12012987012987013 0.03409090909090909 0.125
1 0.37094155844155846 0.5316558441558441 0.07954545454545454 0.29383116883116883
1 0.2962662337662338 0.4180194805194805 0.15097402597402598 0.5909090909090909
1 0.16233766233766234 0.19724025974025974 0.05032467532467533 0.2305194805194805
1 0.0633116883116883 0.200487012987013 0.06493506493506493 0.21103896103896103
1 0.12012987012987013 0.4383116883116883 0.20616883116883117 0.7483766233766234