1 0.606401384083045 0.2690311418685121 0.13321799307958476 0.5380622837370242
1 0.5051903114186851 0.2560553633217993 0.09342560553633218 0.5121107266435986
1 0.3313148788927336 0.27249134948096887 0.14359861591695502 0.5415224913494809
1 0.2301038062283737 0.08044982698961937 0.06055363321799308 0.15397923875432526
1 0.2301038062283737 0.3356401384083045 0.06401384083044982 0.4186851211072664
1 0.15570934256055363 0.13581314878892733 0.0657439446366782 0.26124567474048443
1 0.07352941176470588 0.08217993079584775 0.06055363321799308 0.15051903114186851
1 0.01903114186851211 0.018166089965397925 0.03460207612456748 0.01903114186851211
1 0.04411764705882353 0.35207612456747406 0.0847750865051903 0.31314878892733566
1 0.02249134948096886 0.2768166089965398 0.04498269896193772 0.5363321799307958
1 0.02768166089965398 0.27768166089965396 0.05536332179930796 0.5415224913494809
1 0.7032871972318339 0.10034602076124567 0.07785467128027682 0.157439446366782
1 0.6955017301038062 0.4186851211072664 0.050173010380622836 0.1245674740484429
1 0.305363321799308 0.6911764705882353 0.2975778546712803 0.30103806228373703
1 0.606401384083045 0.5605536332179931 0.031141868512110725 0.04498269896193772
1 0.7534602076124568 0.7794117647058824 0.157439446366782 0.4342560553633218