1 0.38563829787234044 0.38120567375886527 0.15425531914893617 0.74822695035461
1 0.2907801418439716 0.17109929078014185 0.08156028368794327 0.26063829787234044
1 0.31382978723404253 0.4849290780141844 0.09574468085106383 0.43617021276595747
1 0.21631205673758866 0.2198581560283688 0.09574468085106383 0.3953900709219858
1 0.12943262411347517 0.1702127659574468 0.0851063829787234 0.28191489361702127
1 0.06648936170212766 0.0851063829787234 0.044326241134751775 0.10106382978723404
1 0.12411347517730496 0.5115248226950354 0.1099290780141844 0.324468085106383
1 0.06914893617021277 0.39184397163120566 0.13829787234042554 0.6524822695035462
1 0.7109929078014184 0.49024822695035464 0.5780141843971631 0.5124113475177305
1 0.42907801418439717 0.8705673758865248 0.1099290780141844 0.24645390070921985
1 0.1773049645390071 0.8421985815602837 0.13297872340425532 0.15070921985815602
1 0.11436170212765957 0.8359929078014184 0.09219858156028368 0.12411347517730496
1 0.5939716312056738 0.8625886524822695 0.2624113475177305 0.274822695035461
1 0.8218085106382979 0.8448581560283688 0.2978723404255319 0.2801418439716312
1 0.4929078014184397 0.8031914893617021 0.06028368794326241 0.12056737588652482
1 0.9583333333333334 0.7934397163120568 0.08333333333333333 0.19326241134751773
1 0.5079787234042553 0.8519503546099291 0.08865248226950355 0.22163120567375885