1 0.8890625 0.4046875 0.2109375 0.684375
1 0.77578125 0.40078125 0.121875 0.5265625
1 0.62421875 0.46875 0.1875 0.765625
1 0.51640625 0.24609375 0.071875 0.2296875
1 0.9296875 0.1625 0.059375 0.1140625
1 0.53671875 0.52265625 0.084375 0.384375
1 0.45 0.275 0.0875 0.378125
1 0.37265625 0.23125 0.0765625 0.278125
1 0.3171875 0.153125 0.0421875 0.121875
1 0.36875 0.54609375 0.096875 0.2859375
1 0.290625 0.4421875 0.184375 0.5765625
1 0.146875 0.2390625 0.0640625 0.225
1 0.05234375 0.24921875 0.0765625 0.20625
1 0.12265625 0.4734375 0.2453125 0.73125