1 0.9083601286173634 0.4670418006430868 0.1832797427652733 0.702572347266881
1 0.8062700964630225 0.4453376205787781 0.1157556270096463 0.5418006430868167
1 0.6406752411575563 0.4903536977491961 0.18006430868167203 0.7861736334405145
1 0.5667202572347267 0.24678456591639872 0.06913183279742766 0.23633440514469453
1 0.9855305466237942 0.2282958199356913 0.028938906752411574 0.1157556270096463
1 0.542604501607717 0.5313504823151125 0.08038585209003216 0.3954983922829582
1 0.49437299035369775 0.2652733118971061 0.08360128617363344 0.3890675241157556
1 0.42363344051446944 0.20819935691318328 0.07395498392282958 0.2861736334405145
1 0.38022508038585207 0.1197749196141479 0.04019292604501608 0.12540192926045016
1 0.36897106109324757 0.5281350482315113 0.0932475884244373 0.2942122186495177
1 0.3054662379421222 0.409967845659164 0.18006430868167203 0.5916398713826366
1 0.19292604501607716 0.18006430868167203 0.06270096463022508 0.2315112540192926
1 0.09485530546623794 0.1752411575562701 0.07556270096463022 0.21061093247588425
1 0.12942122186495178 0.41479099678456594 0.2427652733118971 0.7491961414790996