1 0.9709677419354839 0.13064516129032258 0.05806451612903226 0.2161290322580645
1 0.9629032258064516 0.26048387096774195 0.05161290322580645 0.11129032258064517
1 0.9870967741935484 0.3387096774193548 0.025806451612903226 0.11935483870967742
1 0.6830645161290323 0.1064516129032258 0.06935483870967742 0.19838709677419356
1 0.6951612903225807 0.21129032258064517 0.0532258064516129 0.17096774193548386
1 0.7346774193548387 0.2725806451612903 0.07096774193548387 0.23225806451612904
1 0.5129032258064516 0.03870967741935484 0.041935483870967745 0.07741935483870968
1 0.5959677419354839 0.11048387096774194 0.09838709677419355 0.2161290322580645
1 0.5258064516129032 0.15725806451612903 0.054838709677419356 0.19032258064516128
1 0.5556451612903226 0.2524193548387097 0.027419354838709678 0.08064516129032258
1 0.5951612903225807 0.3709677419354839 0.043548387096774194 0.14677419354838708
1 0.6483870967741936 0.2411290322580645 0.035483870967741936 0.11774193548387096
1 0.5846774193548387 0.25725806451612904 0.041935483870967745 0.1032258064516129
1 0.6395161290322581 0.357258064516129 0.05161290322580645 0.16612903225806452
1 0.667741935483871 0.40725806451612906 0.05161290322580645 0.16612903225806452
1 0.739516129032258 0.45 0.06290322580645161 0.1403225806451613
1 0.8935483870967742 0.34596774193548385 0.07580645161290323 0.2854838709677419
1 0.9443548387096774 0.38629032258064516 0.04838709677419355 0.12741935483870967
1 0.9314516129032258 0.45806451612903226 0.04032258064516129 0.1
1 0.975 0.4717741935483871 0.05 0.1532258064516129
1 0.8435483870967742 0.25806451612903225 0.027419354838709678 0.09032258064516129
1 0.832258064516129 0.39838709677419354 0.06129032258064516 0.22096774193548388
1 0.8927419354838709 0.5129032258064516 0.027419354838709678 0.07580645161290323
1 0.8661290322580645 0.47338709677419355 0.03064516129032258 0.11451612903225807
1 0.9451612903225807 0.5370967741935484 0.037096774193548385 0.12903225806451613
1 0.9870967741935484 0.5306451612903226 0.025806451612903226 0.10967741935483871
1 0.967741935483871 0.5782258064516129 0.02903225806451613 0.08225806451612903
1 0.910483870967742 0.5645161290322581 0.037096774193548385 0.12258064516129032
1 0.9354838709677419 0.6024193548387097 0.027419354838709678 0.06935483870967742
1 0.8733870967741936 0.5967741935483871 0.03387096774193549 0.0935483870967742
1 0.9362903225806452 0.65 0.03225806451612903 0.06290322580645161
1 0.9612903225806452 0.6580645161290323 0.025806451612903226 0.07096774193548387
1 0.9064516129032258 0.6338709677419355 0.025806451612903226 0.05
1 0.9225806451612903 0.6814516129032258 0.02258064516129032 0.04838709677419355
1 0.9024193548387097 0.6733870967741935 0.01935483870967742 0.04516129032258064
1 0.967741935483871 0.7120967741935483 0.024193548387096774 0.06451612903225806
1 0.8935483870967742 0.7895161290322581 0.024193548387096774 0.043548387096774194
1 0.9516129032258065 0.8048387096774193 0.016129032258064516 0.0467741935483871
1 0.9653225806451613 0.7903225806451613 0.016129032258064516 0.04032258064516129
1 0.4217741935483871 0.06532258064516129 0.06612903225806452 0.13064516129032258
1 0.47661290322580646 0.04838709677419355 0.043548387096774194 0.0967741935483871
1 0.4798387096774194 0.13548387096774195 0.05161290322580645 0.12419354838709677
1 0.36532258064516127 0.020967741935483872 0.037096774193548385 0.041935483870967745
1 0.32016129032258067 0.012903225806451613 0.037096774193548385 0.025806451612903226
1 0.32903225806451614 0.12580645161290321 0.05806451612903226 0.16612903225806452
1 0.36612903225806454 0.1314516129032258 0.037096774193548385 0.12741935483870967
1 0.3951612903225806 0.14112903225806453 0.04032258064516129 0.12096774193548387
1 0.42983870967741933 0.19838709677419356 0.03870967741935484 0.11290322580645161
1 0.4846774193548387 0.29516129032258065 0.04032258064516129 0.12580645161290321
1 0.5233870967741936 0.317741935483871 0.04032258064516129 0.10967741935483871
1 0.2887096774193548 0.05887096774193548 0.03870967741935484 0.11774193548387096
1 0.26048387096774195 0.04758064516129032 0.02903225806451613 0.08709677419354839
1 0.2032258064516129 0.09758064516129032 0.08870967741935484 0.18387096774193548
1 0.27903225806451615 0.15 0.03225806451612903 0.11935483870967742
1 0.22983870967741934 0.19838709677419356 0.054838709677419356 0.12096774193548387
1 0.29274193548387095 0.2903225806451613 0.05806451612903226 0.1532258064516129
1 0.3895161290322581 0.25967741935483873 0.04032258064516129 0.13548387096774195
1 0.3532258064516129 0.24516129032258063 0.0467741935483871 0.11129032258064517
1 0.4241935483870968 0.307258064516129 0.043548387096774194 0.13225806451612904
1 0.4588709677419355 0.3620967741935484 0.03870967741935484 0.11451612903225807
1 0.5379032258064517 0.3943548387096774 0.05806451612903226 0.12903225806451613
1 0.5766129032258065 0.4661290322580645 0.04516129032258064 0.0935483870967742
1 0.742741935483871 0.5298387096774193 0.06451612903225806 0.11774193548387096
1 0.7911290322580645 0.6451612903225806 0.024193548387096774 0.1338709677419355
1 0.8096774193548387 0.7032258064516129 0.02903225806451613 0.11451612903225807
1 0.8274193548387097 0.742741935483871 0.025806451612903226 0.08387096774193549
1 0.04435483870967742 0.09274193548387097 0.054838709677419356 0.16129032258064516
1 0.13629032258064516 0.028225806451612902 0.03064516129032258 0.056451612903225805
1 0.17338709677419356 0.25564516129032255 0.0532258064516129 0.12903225806451613
1 0.22419354838709676 0.31048387096774194 0.024193548387096774 0.08709677419354839
1 0.25 0.3185483870967742 0.025806451612903226 0.07419354838709677
1 0.34758064516129034 0.3524193548387097 0.041935483870967745 0.1532258064516129
1 0.38306451612903225 0.375 0.04516129032258064 0.12419354838709677
1 0.11774193548387096 0.16370967741935483 0.0967741935483871 0.19838709677419356
1 0.02661290322580645 0.21693548387096775 0.02903225806451613 0.09193548387096774
1 0.07983870967741935 0.28225806451612906 0.06451612903225806 0.1629032258064516
1 0.03467741935483871 0.30483870967741933 0.037096774193548385 0.11451612903225807
1 0.12903225806451613 0.34596774193548385 0.05806451612903226 0.14677419354838708
1 0.1774193548387097 0.35 0.03064516129032258 0.07258064516129033
1 0.27983870967741936 0.5540322580645162 0.05 0.15483870967741936
1 0.4137096774193548 0.4991935483870968 0.02903225806451613 0.10483870967741936
1 0.36451612903225805 0.4653225806451613 0.035483870967741936 0.06935483870967742
1 0.3435483870967742 0.5443548387096774 0.04032258064516129 0.10483870967741936
1 0.5362903225806451 0.5201612903225806 0.03387096774193549 0.09516129032258064
1 0.5717741935483871 0.5403225806451613 0.03225806451612903 0.07419354838709677
1 0.6362903225806451 0.5741935483870968 0.02903225806451613 0.08387096774193549
1 0.6870967741935484 0.5088709677419355 0.04516129032258064 0.1064516129032258
1 0.6209677419354839 0.48870967741935484 0.037096774193548385 0.08870967741935484
1 0.4338709677419355 0.6556451612903226 0.02903225806451613 0.08387096774193549
1 0.4508064516129032 0.6959677419354838 0.024193548387096774 0.05967741935483871
1 0.6758064516129032 0.8193548387096774 0.03064516129032258 0.07741935483870968
1 0.5798387096774194 0.8411290322580646 0.02258064516129032 0.054838709677419356
1 0.5403225806451613 0.8354838709677419 0.008064516129032258 0.03387096774193549
1 0.5596774193548387 0.8233870967741935 0.012903225806451613 0.027419354838709678
1 0.532258064516129 0.832258064516129 0.00967741935483871 0.027419354838709678
1 0.5120967741935484 0.8475806451612903 0.01129032258064516 0.041935483870967745
1 0.4782258064516129 0.8524193548387097 0.014516129032258065 0.04516129032258064
1 0.48629032258064514 0.8491935483870968 0.00967741935483871 0.04032258064516129
1 0.4685483870967742 0.8459677419354839 0.0064516129032258064 0.03064516129032258
1 0.4620967741935484 0.85 0.0064516129032258064 0.027419354838709678
1 0.45403225806451614 0.8580645161290322 0.01129032258064516 0.03870967741935484
1 0.4411290322580645 0.8572580645161291 0.016129032258064516 0.041935483870967745
1 0.06774193548387097 0.3919354838709677 0.0467741935483871 0.10806451612903226
1 0.16693548387096774 0.6475806451612903 0.03064516129032258 0.10806451612903226
1 0.21935483870967742 0.4645161290322581 0.04516129032258064 0.1032258064516129
1 0.2854838709677419 0.43306451612903224 0.03064516129032258 0.09838709677419355
1 0.31048387096774194 0.45806451612903226 0.03387096774193549 0.09516129032258064
1 0.12338709677419354 0.4838709677419355 0.04516129032258064 0.1032258064516129
1 0.020161290322580645 0.36935483870967745 0.035483870967741936 0.16774193548387098
1 0.9088709677419354 0.8258064516129032 0.017741935483870968 0.043548387096774194
1 0.004838709677419355 0.6306451612903226 0.00967741935483871 0.07096774193548387
1 0.10806451612903226 0.7064516129032258 0.02903225806451613 0.08225806451612903
1 0.3370967741935484 0.8733870967741936 0.02258064516129032 0.054838709677419356
1 0.3951612903225806 0.8669354838709677 0.020967741935483872 0.06290322580645161
1 0.40403225806451615 0.6895161290322581 0.01935483870967742 0.06935483870967742
1 0.4403225806451613 0.567741935483871 0.027419354838709678 0.08225806451612903
1 0.4080645161290323 0.5975806451612903 0.02258064516129032 0.07096774193548387
1 0.4467741935483871 0.4798387096774194 0.020967741935483872 0.06290322580645161
1 0.2411290322580645 0.375 0.024193548387096774 0.07096774193548387
1 0.2645161290322581 0.4080645161290323 0.035483870967741936 0.13548387096774195
1 0.20725806451612902 0.33548387096774196 0.02903225806451613 0.09516129032258064
1 0.16774193548387098 0.41935483870967744 0.03387096774193549 0.09838709677419355
1 0.2314516129032258 0.542741935483871 0.03225806451612903 0.08387096774193549
1 0.24919354838709679 0.5491935483870968 0.027419354838709678 0.06612903225806452
1 0.225 0.6782258064516129 0.03064516129032258 0.06290322580645161
1 0.3024193548387097 0.6516129032258065 0.027419354838709678 0.07741935483870968
1 0.3362903225806452 0.6451612903225806 0.03064516129032258 0.08709677419354839
1 0.12903225806451613 0.589516129032258 0.02903225806451613 0.09193548387096774
1 0.5693548387096774 0.725 0.01935483870967742 0.05967741935483871
1 0.5209677419354839 0.7056451612903226 0.024193548387096774 0.06935483870967742
1 0.3709677419354839 0.6217741935483871 0.04032258064516129 0.10483870967741936
1 0.6701612903225806 0.8717741935483871 0.012903225806451613 0.05161290322580645
1 0.682258064516129 0.8669354838709677 0.014516129032258065 0.05161290322580645
1 0.7274193548387097 0.771774193548387 0.014516129032258065 0.035483870967741936
1 0.6919354838709677 0.6096774193548387 0.024193548387096774 0.07903225806451612
1 0.6717741935483871 0.6387096774193548 0.02258064516129032 0.06451612903225806
1 0.614516129032258 0.5661290322580645 0.027419354838709678 0.07096774193548387
1 0.5903225806451613 0.5830645161290322 0.027419354838709678 0.07580645161290323
1 0.5693548387096774 0.6096774193548387 0.027419354838709678 0.06774193548387097
1 0.5233870967741936 0.5919354838709677 0.01935483870967742 0.054838709677419356
1 0.4879032258064516 0.5435483870967742 0.03225806451612903 0.07419354838709677
1 0.49516129032258066 0.475 0.017741935483870968 0.054838709677419356
1 0.7564516129032258 0.6129032258064516 0.020967741935483872 0.05806451612903226
1 0.7435483870967742 0.6411290322580645 0.025806451612903226 0.07580645161290323
1 0.6983870967741935 0.6508064516129032 0.02258064516129032 0.0532258064516129
1 0.7161290322580646 0.6532258064516129 0.014516129032258065 0.043548387096774194
1 0.6508064516129032 0.6080645161290322 0.024193548387096774 0.07903225806451612
1 0.617741935483871 0.660483870967742 0.017741935483870968 0.07096774193548387
1 0.6838709677419355 0.6951612903225807 0.016129032258064516 0.054838709677419356
1 0.7459677419354839 0.7008064516129032 0.027419354838709678 0.0532258064516129
1 0.7443548387096774 0.7862903225806451 0.012903225806451613 0.027419354838709678
1 0.8959677419354839 0.8306451612903226 0.016129032258064516 0.04516129032258064
1 0.05403225806451613 0.47016129032258064 0.03870967741935484 0.07580645161290323
1 0.08870967741935484 0.5024193548387097 0.027419354838709678 0.07903225806451612
1 0.49274193548387096 0.632258064516129 0.020967741935483872 0.056451612903225805
1 0.4798387096774194 0.6104838709677419 0.01935483870967742 0.043548387096774194
1 0.4645161290322581 0.5798387096774194 0.025806451612903226 0.06129032258064516
1 0.4717741935483871 0.6548387096774193 0.024193548387096774 0.07258064516129033
1 0.5483870967741935 0.7782258064516129 0.016129032258064516 0.054838709677419356
1 0.4290322580645161 0.7379032258064516 0.02258064516129032 0.07741935483870968
1 0.4459677419354839 0.7524193548387097 0.020967741935483872 0.06451612903225806
1 0.6967741935483871 0.7983870967741935 0.020967741935483872 0.05
1 0.7733870967741936 0.6943548387096774 0.02258064516129032 0.08548387096774193
1 0.08790322580645162 0.6548387096774193 0.025806451612903226 0.06290322580645161
1 0.3685483870967742 0.7459677419354839 0.024193548387096774 0.08064516129032258
1 0.6370967741935484 0.7104838709677419 0.03064516129032258 0.07903225806451612
1 0.6991935483870968 0.7040322580645161 0.02258064516129032 0.05806451612903226
1 0.9903225806451613 0.65 0.008064516129032258 0.06451612903225806
1 0.9241935483870968 0.8459677419354839 0.016129032258064516 0.04032258064516129
1 0.8919354838709678 0.864516129032258 0.01129032258064516 0.037096774193548385
1 0.9701612903225807 0.839516129032258 0.014516129032258065 0.04032258064516129
1 0.9548387096774194 0.8629032258064516 0.014516129032258065 0.03870967741935484
1 0.9854838709677419 0.707258064516129 0.01129032258064516 0.06290322580645161