1 0.9772727272727273 0.08272727272727273 0.045454545454545456 0.11818181818181818
1 0.9745454545454545 0.16454545454545455 0.05090909090909091 0.12545454545454546
1 0.9954545454545455 0.25363636363636366 0.00909090909090909 0.13272727272727272
1 0.6590909090909091 0.05454545454545454 0.07272727272727272 0.09818181818181818
1 0.6763636363636364 0.11090909090909092 0.06 0.19272727272727272
1 0.7209090909090909 0.17909090909090908 0.08 0.26181818181818184
1 0.5609090909090909 0.05909090909090909 0.10363636363636364 0.11818181818181818
1 0.48363636363636364 0.07727272727272727 0.05818181818181818 0.15454545454545454
1 0.519090909090909 0.1572727272727273 0.03090909090909091 0.09090909090909091
1 0.5627272727272727 0.29 0.04909090909090909 0.16545454545454547
1 0.6236363636363637 0.14454545454545453 0.04 0.13272727272727272
1 0.5518181818181818 0.1618181818181818 0.04727272727272727 0.11636363636363636
1 0.6127272727272727 0.27454545454545454 0.05818181818181818 0.18727272727272729
1 0.6454545454545455 0.33090909090909093 0.05818181818181818 0.18727272727272729
1 0.7254545454545455 0.38 0.07090909090909091 0.15818181818181817
1 0.899090909090909 0.26272727272727275 0.08545454545454545 0.32181818181818184
1 0.9572727272727273 0.30727272727272725 0.05454545454545454 0.14363636363636365
1 0.9427272727272727 0.3881818181818182 0.045454545454545456 0.11272727272727273
1 0.980909090909091 0.4027272727272727 0.038181818181818185 0.17272727272727273
1 0.8436363636363636 0.16272727272727272 0.03090909090909091 0.10181818181818182
1 0.8309090909090909 0.32181818181818184 0.06909090909090909 0.24909090909090909
1 0.8981818181818182 0.4509090909090909 0.03090909090909091 0.08545454545454545
1 0.8690909090909091 0.40545454545454546 0.034545454545454546 0.1290909090909091
1 0.9581818181818181 0.4772727272727273 0.04181818181818182 0.14545454545454545
1 0.9945454545454545 0.47 0.01090909090909091 0.12181818181818181
1 0.9827272727272728 0.5245454545454545 0.03272727272727273 0.09272727272727273
1 0.9181818181818182 0.5081818181818182 0.04181818181818182 0.13818181818181818
1 0.9472727272727273 0.5518181818181818 0.03090909090909091 0.07818181818181819
1 0.8772727272727273 0.5454545454545454 0.038181818181818185 0.10545454545454545
1 0.9481818181818182 0.6045454545454545 0.03636363636363636 0.07090909090909091
1 0.9754545454545455 0.6145454545454545 0.02909090909090909 0.08
1 0.9145454545454546 0.5863636363636363 0.02909090909090909 0.056363636363636366
1 0.9327272727272727 0.64 0.025454545454545455 0.05454545454545454
1 0.91 0.6318181818181818 0.02181818181818182 0.05090909090909091
1 0.9818181818181818 0.6736363636363636 0.023636363636363636 0.07272727272727272
1 0.9 0.7618181818181818 0.02727272727272727 0.04909090909090909
1 0.9654545454545455 0.7790909090909091 0.01818181818181818 0.05272727272727273
1 0.98 0.7627272727272727 0.016363636363636365 0.045454545454545456
1 0.43 0.04727272727272727 0.056363636363636366 0.09454545454545454
1 0.26 0.05454545454545454 0.06181818181818182 0.10909090909090909
1 0.3018181818181818 0.045454545454545456 0.04 0.09090909090909091
1 0.33636363636363636 0.04909090909090909 0.04363636363636364 0.09818181818181818
1 0.37727272727272726 0.09545454545454546 0.04363636363636364 0.12727272727272726
1 0.4390909090909091 0.20454545454545456 0.045454545454545456 0.14181818181818182
1 0.4818181818181818 0.2309090909090909 0.045454545454545456 0.12363636363636364
1 0.11636363636363636 0.04181818181818182 0.09454545454545454 0.08363636363636363
1 0.20727272727272728 0.053636363636363635 0.03636363636363636 0.10727272727272727
1 0.15181818181818182 0.09545454545454546 0.06181818181818182 0.13636363636363635
1 0.22272727272727272 0.2 0.06545454545454546 0.17272727272727273
1 0.33181818181818185 0.16545454545454547 0.045454545454545456 0.15272727272727274
1 0.2909090909090909 0.1481818181818182 0.05272727272727273 0.12545454545454546
1 0.3709090909090909 0.21818181818181817 0.04909090909090909 0.14909090909090908
1 0.41 0.28 0.04363636363636364 0.1290909090909091
1 0.4990909090909091 0.31727272727272726 0.06545454545454546 0.14545454545454545
1 0.5427272727272727 0.3972727272727273 0.05090909090909091 0.10545454545454545
1 0.73 0.4690909090909091 0.07272727272727272 0.13272727272727272
1 0.7845454545454545 0.6 0.02727272727272727 0.1509090909090909
1 0.8054545454545454 0.6654545454545454 0.03272727272727273 0.1290909090909091
1 0.8245454545454546 0.7090909090909091 0.02909090909090909 0.09454545454545454
1 0.08818181818181818 0.16090909090909092 0.06 0.14545454545454545
1 0.14454545454545453 0.22181818181818183 0.02727272727272727 0.09818181818181818
1 0.17454545454545456 0.2318181818181818 0.02909090909090909 0.08363636363636363
1 0.28454545454545455 0.2690909090909091 0.04727272727272727 0.17272727272727273
1 0.3245454545454545 0.29545454545454547 0.05090909090909091 0.14
1 0.046363636363636364 0.08363636363636363 0.06 0.16727272727272727
1 0.03909090909090909 0.26181818181818184 0.06363636363636363 0.16363636363636364
1 0.09272727272727273 0.26636363636363636 0.034545454545454546 0.08181818181818182
1 0.2081818181818182 0.49636363636363634 0.056363636363636366 0.17454545454545456
1 0.35909090909090907 0.4354545454545454 0.03272727272727273 0.11818181818181818
1 0.30363636363636365 0.3972727272727273 0.04 0.07818181818181819
1 0.2790909090909091 0.48545454545454547 0.045454545454545456 0.11818181818181818
1 0.49636363636363634 0.4590909090909091 0.038181818181818185 0.10727272727272727
1 0.5363636363636364 0.4809090909090909 0.03636363636363636 0.08363636363636363
1 0.61 0.519090909090909 0.03272727272727273 0.09454545454545454
1 0.6663636363636364 0.44636363636363635 0.05090909090909091 0.12
1 0.5927272727272728 0.42272727272727273 0.04181818181818182 0.1
1 0.3809090909090909 0.610909090909091 0.03272727272727273 0.09454545454545454
1 0.4009090909090909 0.6572727272727272 0.02727272727272727 0.06727272727272728
1 0.6536363636363637 0.7954545454545454 0.034545454545454546 0.08727272727272728
1 0.5463636363636364 0.82 0.025454545454545455 0.06181818181818182
1 0.5018181818181818 0.8145454545454546 0.00909090909090909 0.038181818181818185
1 0.5236363636363637 0.8009090909090909 0.014545454545454545 0.03090909090909091
1 0.4918181818181818 0.81 0.01090909090909091 0.03090909090909091
1 0.47 0.8281818181818181 0.012727272727272728 0.04727272727272727
1 0.4318181818181818 0.8336363636363636 0.016363636363636365 0.05090909090909091
1 0.4409090909090909 0.8290909090909091 0.01090909090909091 0.045454545454545456
1 0.42 0.8254545454545454 0.007272727272727273 0.034545454545454546
1 0.41363636363636364 0.8309090909090909 0.007272727272727273 0.03090909090909091
1 0.4036363636363636 0.8390909090909091 0.012727272727272728 0.04363636363636364
1 0.3890909090909091 0.8381818181818181 0.01818181818181818 0.04727272727272727
1 0.0809090909090909 0.6018181818181818 0.034545454545454546 0.12181818181818181
1 0.1390909090909091 0.39545454545454545 0.05090909090909091 0.11636363636363636
1 0.21454545454545454 0.36 0.034545454545454546 0.11090909090909092
1 0.24272727272727274 0.3881818181818182 0.038181818181818185 0.10727272727272727
1 0.031818181818181815 0.4172727272727273 0.05090909090909091 0.11636363636363636
1 0.9163636363636364 0.8027272727272727 0.02 0.04909090909090909
1 0.015454545454545455 0.6681818181818182 0.03090909090909091 0.09272727272727273
1 0.2727272727272727 0.8563636363636363 0.025454545454545455 0.06181818181818182
1 0.3381818181818182 0.8490909090909091 0.023636363636363636 0.07090909090909091
1 0.3472727272727273 0.649090909090909 0.02181818181818182 0.07818181818181819
1 0.3890909090909091 0.5127272727272727 0.03090909090909091 0.09272727272727273
1 0.3518181818181818 0.5463636363636364 0.025454545454545455 0.08
1 0.39636363636363636 0.4127272727272727 0.023636363636363636 0.07090909090909091
1 0.16363636363636364 0.29454545454545455 0.02727272727272727 0.08
1 0.19 0.33181818181818185 0.04 0.15272727272727274
1 0.12636363636363637 0.25 0.03272727272727273 0.10727272727272727
1 0.0809090909090909 0.34545454545454546 0.038181818181818185 0.11090909090909092
1 0.15272727272727274 0.48363636363636364 0.03636363636363636 0.09454545454545454
1 0.17363636363636364 0.4909090909090909 0.03090909090909091 0.07454545454545454
1 0.14636363636363636 0.6372727272727273 0.034545454545454546 0.07090909090909091
1 0.23272727272727273 0.6072727272727273 0.03090909090909091 0.08727272727272728
1 0.2718181818181818 0.5990909090909091 0.034545454545454546 0.09818181818181818
1 0.03727272727272727 0.5363636363636364 0.03272727272727273 0.10363636363636364
1 0.5336363636363637 0.6890909090909091 0.02181818181818182 0.06727272727272728
1 0.47909090909090907 0.6672727272727272 0.02727272727272727 0.07818181818181819
1 0.3109090909090909 0.5727272727272728 0.045454545454545456 0.11818181818181818
1 0.6481818181818182 0.8545454545454545 0.014545454545454545 0.05818181818181818
1 0.6618181818181819 0.85 0.016363636363636365 0.05818181818181818
1 0.7118181818181818 0.7427272727272727 0.016363636363636365 0.04
1 0.6727272727272727 0.5590909090909091 0.02727272727272727 0.0890909090909091
1 0.65 0.5927272727272728 0.025454545454545455 0.07272727272727272
1 0.5854545454545454 0.51 0.03090909090909091 0.08
1 0.5572727272727273 0.5290909090909091 0.03090909090909091 0.08545454545454545
1 0.5345454545454545 0.5590909090909091 0.03090909090909091 0.07636363636363637
1 0.4827272727272727 0.5390909090909091 0.02181818181818182 0.06181818181818182
1 0.44272727272727275 0.48545454545454547 0.03636363636363636 0.08363636363636363
1 0.45 0.4072727272727273 0.02 0.06181818181818182
1 0.7454545454545455 0.5627272727272727 0.023636363636363636 0.06545454545454546
1 0.730909090909091 0.5945454545454546 0.02909090909090909 0.08545454545454545
1 0.6790909090909091 0.6054545454545455 0.025454545454545455 0.06
1 0.7 0.6090909090909091 0.016363636363636365 0.04909090909090909
1 0.6263636363636363 0.5572727272727273 0.02727272727272727 0.0890909090909091
1 0.5881818181818181 0.6163636363636363 0.02 0.08
1 0.6627272727272727 0.6563636363636364 0.01818181818181818 0.06181818181818182
1 0.7336363636363636 0.6627272727272727 0.03090909090909091 0.06
1 0.730909090909091 0.759090909090909 0.014545454545454545 0.03090909090909091
1 0.9027272727272727 0.8090909090909091 0.01818181818181818 0.05090909090909091
1 0.4481818181818182 0.5845454545454546 0.023636363636363636 0.06363636363636363
1 0.43272727272727274 0.56 0.02181818181818182 0.04909090909090909
1 0.41545454545454547 0.5254545454545455 0.02909090909090909 0.06909090909090909
1 0.42454545454545456 0.610909090909091 0.02727272727272727 0.08181818181818182
1 0.5109090909090909 0.7490909090909091 0.01818181818181818 0.06181818181818182
1 0.37636363636363634 0.7036363636363636 0.025454545454545455 0.08727272727272728
1 0.39454545454545453 0.72 0.023636363636363636 0.07272727272727272
1 0.6781818181818182 0.7727272727272727 0.023636363636363636 0.056363636363636366
1 0.7636363636363637 0.6545454545454545 0.025454545454545455 0.09636363636363636
1 0.0027272727272727275 0.6090909090909091 0.005454545454545455 0.06909090909090909
1 0.30727272727272725 0.7127272727272728 0.02727272727272727 0.09090909090909091
1 0.61 0.6736363636363636 0.034545454545454546 0.0890909090909091
1 0.6809090909090909 0.6663636363636364 0.025454545454545455 0.06545454545454546
1 0.9345454545454546 0.8263636363636364 0.01818181818181818 0.045454545454545456
1 0.8981818181818182 0.8463636363636363 0.012727272727272728 0.04181818181818182
1 0.980909090909091 0.8172727272727273 0.007272727272727273 0.045454545454545456
1 0.9690909090909091 0.8454545454545455 0.016363636363636365 0.04363636363636364