1 0.9642857142857143 0.9078073089700996 0.04817275747508306 0.18438538205980065
1 0.9692691029900332 0.792358803986711 0.044850498338870434 0.11461794019933555
1 0.670265780730897 0.9119601328903655 0.0681063122923588 0.1760797342192691
1 0.6926910299003323 0.8189368770764119 0.053156146179401995 0.1760797342192691
1 0.7383720930232558 0.7599667774086378 0.06976744186046512 0.23754152823920266
1 0.489202657807309 0.96843853820598 0.04152823920265781 0.06312292358803986
1 0.5813953488372093 0.9019933554817275 0.09634551495016612 0.19601328903654486
1 0.5141196013289037 0.8596345514950167 0.053156146179401995 0.19601328903654486
1 0.553156146179402 0.7641196013289037 0.026578073089700997 0.08139534883720931
1 0.6038205980066446 0.6461794019933554 0.04152823920265781 0.1511627906976744
1 0.6470099667774086 0.7840531561461794 0.03488372093023256 0.1212624584717608
1 0.5830564784053156 0.7624584717607974 0.04152823920265781 0.10631229235880399
1 0.6478405315614618 0.6644518272425249 0.05149501661129568 0.17109634551495018
1 0.6818936877076412 0.6162790697674418 0.05149501661129568 0.17109634551495018
1 0.7591362126245847 0.5780730897009967 0.06312292358803986 0.14285714285714285
1 0.9078073089700996 0.6985049833887044 0.07308970099667775 0.292358803986711
1 0.9642857142857143 0.6627906976744186 0.04817275747508306 0.13122923588039867
1 0.957641196013289 0.5872093023255814 0.03986710963455149 0.10299003322259136
1 0.989202657807309 0.5755813953488372 0.02159468438538206 0.15614617940199335
1 0.8488372093023255 0.7848837209302325 0.026578073089700997 0.09136212624584718
1 0.8496677740863787 0.6395348837209303 0.059800664451827246 0.22757475083056478
1 0.9219269102990033 0.5274086378737541 0.02823920265780731 0.07641196013289037
1 0.8920265780730897 0.5664451827242525 0.02823920265780731 0.11794019933554817
1 0.978405315614618 0.5074750830564784 0.036544850498338874 0.132890365448505
1 0.9950166112956811 0.4659468438538206 0.009966777408637873 0.08471760797342193
1 0.9443521594684385 0.47674418604651164 0.036544850498338874 0.12624584717607973
1 0.9742524916943521 0.4393687707641196 0.026578073089700997 0.06976744186046512
1 0.9102990033222591 0.4393687707641196 0.03322259136212625 0.09634551495016612
1 0.979235880398671 0.3911960132890365 0.03156146179401993 0.06478405315614617
1 0.9958471760797342 0.38289036544850497 0.008305647840531562 0.07142857142857142
1 0.946843853820598 0.4053156146179402 0.024916943521594685 0.04983388704318937
1 0.967607973421927 0.3579734219269103 0.02159468438538206 0.04817275747508306
1 0.946843853820598 0.3637873754152824 0.019933554817275746 0.044850498338870434
1 0.9476744186046512 0.2441860465116279 0.024916943521594685 0.04318936877076412
1 0.3995016611295681 0.9368770764119602 0.06478405315614617 0.1212624584717608
1 0.4543189368770764 0.957641196013289 0.04318936877076412 0.08305647840531562
1 0.4642857142857143 0.877906976744186 0.05149501661129568 0.12790697674418605
1 0.3380398671096346 0.979235880398671 0.036544850498338874 0.03322259136212625
1 0.2898671096345515 0.9850498338870431 0.036544850498338874 0.018272425249169437
1 0.3089700996677741 0.8737541528239202 0.05813953488372093 0.17109634551495018
1 0.34717607973421927 0.872093023255814 0.036544850498338874 0.13122923588039867
1 0.3787375415282392 0.8646179401993356 0.03986710963455149 0.12292358803986711
1 0.41943521594684385 0.8089700996677741 0.036544850498338874 0.11627906976744186
1 0.48421926910299 0.7142857142857143 0.03986710963455149 0.12956810631229235
1 0.5257475083056479 0.6943521594684385 0.03986710963455149 0.11295681063122924
1 0.26245847176079734 0.9352159468438538 0.036544850498338874 0.11461794019933555
1 0.23089700996677742 0.9476744186046512 0.02823920265780731 0.08637873754152824
1 0.17691029900332225 0.8920265780730897 0.08803986710963455 0.1893687707641196
1 0.2599667774086379 0.8446843853820598 0.03156146179401993 0.12292358803986711
1 0.21428571428571427 0.7906976744186046 0.054817275747508304 0.12458471760797342
1 0.2865448504983389 0.7018272425249169 0.05647840531561462 0.15614617940199335
1 0.38372093023255816 0.7416943521594684 0.03986710963455149 0.13953488372093023
1 0.3446843853820598 0.7541528239202658 0.044850498338870434 0.11461794019933555
1 0.42358803986710963 0.696843853820598 0.04318936877076412 0.1362126245847176
1 0.4634551495016611 0.643687707641196 0.036544850498338874 0.11794019933554817
1 0.5473421926910299 0.617109634551495 0.05813953488372093 0.13122923588039867
1 0.5938538205980066 0.5473421926910299 0.044850498338870434 0.09634551495016612
1 0.7699335548172758 0.49667774086378735 0.06312292358803986 0.11960132890365449
1 0.829734219269103 0.38289036544850497 0.023255813953488372 0.1378737541528239
1 0.8546511627906976 0.32475083056478404 0.026578073089700997 0.11627906976744186
1 0.8754152823920266 0.2865448504983389 0.024916943521594685 0.08471760797342193
1 0.019933554817275746 0.8820598006644518 0.03986710963455149 0.16611295681063123
1 0.10215946843853821 0.957641196013289 0.029900332225913623 0.059800664451827246
1 0.1611295681063123 0.7267441860465116 0.053156146179401995 0.13122923588039867
1 0.21760797342192692 0.675249169435216 0.023255813953488372 0.08803986710963455
1 0.24584717607973422 0.6686046511627907 0.026578073089700997 0.07475083056478406
1 0.3488372093023256 0.643687707641196 0.03986710963455149 0.15614617940199335
1 0.38704318936877075 0.6229235880398671 0.044850498338870434 0.12790697674418605
1 0.09551495016611296 0.8164451827242525 0.09634551495016612 0.2026578073089701
1 0.009966777408637873 0.7516611295681063 0.019933554817275746 0.0946843853820598
1 0.0681063122923588 0.6910299003322259 0.06312292358803986 0.16611295681063123
1 0.023255813953488372 0.6636212624584718 0.03488372093023256 0.11960132890365449
1 0.12375415282392027 0.6303986710963455 0.05647840531561462 0.1478405315614618
1 0.17358803986710963 0.6303986710963455 0.029900332225913623 0.07308970099667775
1 0.2973421926910299 0.43023255813953487 0.04817275747508306 0.15946843853820597
1 0.42940199335548174 0.4983388704318937 0.02823920265780731 0.10631229235880399
1 0.37624584717607973 0.5290697674418605 0.03488372093023256 0.07142857142857142
1 0.36129568106312293 0.44601328903654486 0.03986710963455149 0.1079734219269103
1 0.5573089700996677 0.48754152823920266 0.03322259136212625 0.09800664451827243
1 0.5946843853820598 0.47093023255813954 0.03322259136212625 0.07641196013289037
1 0.665282392026578 0.4418604651162791 0.02823920265780731 0.08471760797342193
1 0.7109634551495017 0.5132890365448505 0.044850498338870434 0.10963455149501661
1 0.6411960132890365 0.5282392026578073 0.036544850498338874 0.09136212624584718
1 0.4642857142857143 0.33970099667774084 0.02823920265780731 0.08471760797342193
1 0.4850498338870432 0.29983388704318936 0.023255813953488372 0.059800664451827246
1 0.7267441860465116 0.19352159468438537 0.03156146179401993 0.07973421926910298
1 0.6303986710963455 0.16279069767441862 0.02159468438538206 0.054817275747508304
1 0.5897009966777409 0.16528239202657807 0.008305647840531562 0.03488372093023256
1 0.6088039867109635 0.17857142857142858 0.013289036544850499 0.02823920265780731
1 0.5805647840531561 0.16777408637873753 0.009966777408637873 0.02823920265780731
1 0.5622923588039868 0.14950166112956811 0.011627906976744186 0.04318936877076412
1 0.5274086378737541 0.1420265780730897 0.014950166112956811 0.046511627906976744
1 0.5357142857142857 0.1461794019933555 0.009966777408637873 0.04152823920265781
1 0.5166112956810631 0.1478405315614618 0.006644518272425249 0.03156146179401993
1 0.510797342192691 0.14285714285714285 0.006644518272425249 0.02823920265780731
1 0.5024916943521595 0.1345514950166113 0.011627906976744186 0.03986710963455149
1 0.489202657807309 0.13372093023255813 0.016611295681063124 0.04318936877076412
1 0.06478405315614617 0.5780730897009967 0.046511627906976744 0.11129568106312292
1 0.1893687707641196 0.32475083056478404 0.029900332225913623 0.10963455149501661
1 0.22674418604651161 0.5174418604651163 0.044850498338870434 0.10631229235880399
1 0.292358803986711 0.5548172757475083 0.029900332225913623 0.10132890365448505
1 0.32059800664451826 0.53156146179402 0.03322259136212625 0.09800664451827243
1 0.1303986710963455 0.4883720930232558 0.044850498338870434 0.1079734219269103
1 0.015780730897009966 0.5963455149501661 0.03156146179401993 0.17275747508305647
1 0.9667774086378738 0.20764119601328904 0.018272425249169437 0.044850498338870434
1 0.015780730897009966 0.3272425249169435 0.023255813953488372 0.07308970099667775
1 0.1345514950166113 0.25830564784053156 0.02823920265780731 0.08305647840531562
1 0.3845514950166113 0.1079734219269103 0.02159468438538206 0.054817275747508304
1 0.4435215946843854 0.11960132890365449 0.019933554817275746 0.06312292358803986
1 0.436046511627907 0.3023255813953488 0.018272425249169437 0.07142857142857142
1 0.4634551495016611 0.43023255813953487 0.026578073089700997 0.08305647840531562
1 0.4318936877076412 0.39700996677740863 0.023255813953488372 0.07308970099667775
1 0.46179401993355484 0.521594684385382 0.019933554817275746 0.06312292358803986
1 0.24086378737541528 0.6104651162790697 0.023255813953488372 0.07142857142857142
1 0.26827242524916944 0.5789036544850499 0.03488372093023256 0.13953488372093023
1 0.20348837209302326 0.6486710963455149 0.02823920265780731 0.09634551495016612
1 0.16943521594684385 0.5581395348837209 0.03322259136212625 0.10132890365448505
1 0.24584717607973422 0.4377076411960133 0.03156146179401993 0.08637873754152824
1 0.26578073089701 0.43272425249169433 0.026578073089700997 0.0664451827242525
1 0.2516611295681063 0.2973421926910299 0.029900332225913623 0.0664451827242525
1 0.3289036544850498 0.33222591362126247 0.02823920265780731 0.07807308970099668
1 0.3637873754152824 0.34219269102990035 0.029900332225913623 0.09136212624584718
1 0.14534883720930233 0.3803986710963455 0.02823920265780731 0.09302325581395349
1 0.6088039867109635 0.2807308970099668 0.018272425249169437 0.061461794019933555
1 0.5581395348837209 0.29651162790697677 0.023255813953488372 0.06976744186046512
1 0.3961794019933555 0.3696013289036545 0.03986710963455149 0.1079734219269103
1 0.7259136212624585 0.13953488372093023 0.011627906976744186 0.053156146179401995
1 0.7383720930232558 0.14534883720930233 0.013289036544850499 0.053156146179401995
1 0.7757475083056479 0.24667774086378738 0.014950166112956811 0.036544850498338874
1 0.7250830564784053 0.41029900332225916 0.024916943521594685 0.07973421926910298
1 0.7068106312292359 0.3787375415282392 0.02159468438538206 0.06478405315614617
1 0.6411960132890365 0.4485049833887043 0.026578073089700997 0.07142857142857142
1 0.6179401993355482 0.42857142857142855 0.02823920265780731 0.07641196013289037
1 0.5988372093023255 0.3995016611295681 0.026578073089700997 0.0681063122923588
1 0.5506644518272426 0.41362126245847175 0.018272425249169437 0.05647840531561462
1 0.5099667774086378 0.45930232558139533 0.03322259136212625 0.07807308970099668
1 0.510797342192691 0.5307308970099668 0.016611295681063124 0.05647840531561462
1 0.7915282392026578 0.4127906976744186 0.019933554817275746 0.05813953488372093
1 0.7807308970099668 0.38289036544850497 0.026578073089700997 0.07475083056478406
1 0.7350498338870431 0.3687707641196013 0.02159468438538206 0.05149501661129568
1 0.7541528239202658 0.36794019933554817 0.014950166112956811 0.044850498338870434
1 0.6827242524916943 0.40863787375415284 0.024916943521594685 0.07973421926910298
1 0.6528239202657807 0.35132890365448505 0.018272425249169437 0.07308970099667775
1 0.7242524916943521 0.32142857142857145 0.014950166112956811 0.05647840531561462
1 0.7890365448504983 0.32142857142857145 0.026578073089700997 0.053156146179401995
1 0.7940199335548173 0.23338870431893688 0.013289036544850499 0.02823920265780731
1 0.9543189368770764 0.20182724252491693 0.016611295681063124 0.046511627906976744
1 0.05813953488372093 0.4958471760797342 0.03986710963455149 0.07641196013289037
1 0.09634551495016612 0.4659468438538206 0.02823920265780731 0.07973421926910298
1 0.5232558139534884 0.3696013289036545 0.019933554817275746 0.05647840531561462
1 0.5074750830564784 0.3903654485049834 0.019933554817275746 0.04318936877076412
1 0.4883720930232558 0.420265780730897 0.024916943521594685 0.061461794019933555
1 0.5033222591362126 0.3438538205980066 0.024916943521594685 0.07308970099667775
1 0.5930232558139535 0.22508305647840532 0.014950166112956811 0.05647840531561462
1 0.46677740863787376 0.2549833887043189 0.023255813953488372 0.07641196013289037
1 0.4850498338870432 0.24169435215946844 0.019933554817275746 0.06478405315614617
1 0.7466777408637874 0.21677740863787376 0.019933554817275746 0.05149501661129568
1 0.8156146179401993 0.33056478405315615 0.02159468438538206 0.08471760797342193
1 0.10963455149501661 0.30980066445182725 0.024916943521594685 0.06312292358803986
1 0.4053156146179402 0.24169435215946844 0.023255813953488372 0.08139534883720931
1 0.6769102990033222 0.3014950166112957 0.03156146179401993 0.08305647840531562
1 0.7408637873754153 0.313953488372093 0.02159468438538206 0.05813953488372093
1 0.9842192691029901 0.18853820598006646 0.016611295681063124 0.04152823920265781
1 0.9526578073089701 0.1669435215946844 0.011627906976744186 0.03820598006644518