1 0.9800664451827242 0.8970099667774086 0.03986710963455149 0.1893687707641196
1 0.979235880398671 0.7774086378737541 0.04152823920265781 0.11295681063122924
1 0.6893687707641196 0.9111295681063123 0.06478405315614617 0.17275747508305647
1 0.7059800664451827 0.8189368770764119 0.04983388704318937 0.1744186046511628
1 0.7483388704318937 0.7574750830564784 0.06478405315614617 0.23754152823920266
1 0.5116279069767442 0.9742524916943521 0.04152823920265781 0.05149501661129568
1 0.6004983388704319 0.904485049833887 0.09302325581395349 0.1893687707641196
1 0.5299003322259136 0.8679401993355482 0.04983388704318937 0.19435215946843853
1 0.563953488372093 0.771594684385382 0.024916943521594685 0.08139534883720931
1 0.6079734219269103 0.6511627906976745 0.03986710963455149 0.14950166112956811
1 0.6586378737541528 0.7865448504983389 0.03156146179401993 0.11960132890365449
1 0.5938538205980066 0.7674418604651163 0.03986710963455149 0.10465116279069768
1 0.6536544850498339 0.6669435215946844 0.04817275747508306 0.16943521594684385
1 0.6843853820598007 0.6162790697674418 0.04817275747508306 0.16943521594684385
1 0.7599667774086378 0.574750830564784 0.059800664451827246 0.14285714285714285
1 0.9144518272425249 0.6868770764119602 0.0681063122923588 0.292358803986711
1 0.96843853820598 0.6478405315614618 0.044850498338870434 0.12956810631229235
1 0.9584717607973422 0.5730897009966778 0.03820598006644518 0.10132890365448505
1 0.989202657807309 0.5598006644518272 0.02159468438538206 0.15614617940199335
1 0.8604651162790697 0.7757475083056479 0.024916943521594685 0.09136212624584718
1 0.8538205980066446 0.6312292358803987 0.054817275747508304 0.22757475083056478
1 0.9194352159468439 0.5149501661129569 0.026578073089700997 0.07641196013289037
1 0.8911960132890365 0.5556478405315615 0.026578073089700997 0.11794019933554817
1 0.9750830564784053 0.4925249169435216 0.03322259136212625 0.13122923588039867
1 0.9925249169435216 0.45099667774086377 0.014950166112956811 0.08471760797342193
1 0.9393687707641196 0.4634551495016611 0.03322259136212625 0.12458471760797342
1 0.967607973421927 0.42441860465116277 0.026578073089700997 0.06976744186046512
1 0.9036544850498339 0.42857142857142855 0.03156146179401993 0.0946843853820598
1 0.9692691029900332 0.37624584717607973 0.03156146179401993 0.06312292358803986
1 0.9900332225913622 0.36794019933554817 0.016611295681063124 0.07142857142857142
1 0.9385382059800664 0.3920265780730897 0.024916943521594685 0.04983388704318937
1 0.9568106312292359 0.3430232558139535 0.02159468438538206 0.04817275747508306
1 0.936046511627907 0.3504983388704319 0.018272425249169437 0.044850498338870434
1 0.9302325581395349 0.23089700996677742 0.023255813953488372 0.04318936877076412
1 0.989202657807309 0.21677740863787376 0.013289036544850499 0.04817275747508306
1 0.4186046511627907 0.9451827242524917 0.06312292358803986 0.10963455149501661
1 0.4742524916943522 0.9642857142857143 0.04152823920265781 0.07142857142857142
1 0.4808970099667774 0.8887043189368771 0.04817275747508306 0.12624584717607973
1 0.3596345514950166 0.9900332225913622 0.03488372093023256 0.019933554817275746
1 0.32558139534883723 0.893687707641196 0.054817275747508304 0.17109634551495018
1 0.3637873754152824 0.8895348837209303 0.03322259136212625 0.12956810631229235
1 0.3945182724252492 0.8803986710963455 0.036544850498338874 0.1212624584717608
1 0.43272425249169433 0.8222591362126246 0.03488372093023256 0.11461794019933555
1 0.4925249169435216 0.7250830564784053 0.036544850498338874 0.12790697674418605
1 0.532392026578073 0.7026578073089701 0.03820598006644518 0.11129568106312292
1 0.2815614617940199 0.9501661129568106 0.03488372093023256 0.09966777408637874
1 0.25083056478405313 0.9634551495016611 0.026578073089700997 0.07308970099667775
1 0.19352159468438537 0.9119601328903655 0.08471760797342193 0.1760797342192691
1 0.2757475083056478 0.867109634551495 0.02823920265780731 0.1212624584717608
1 0.22674418604651161 0.8156146179401993 0.05149501661129568 0.12458471760797342
1 0.29485049833887045 0.7225913621262459 0.054817275747508304 0.15614617940199335
1 0.39285714285714285 0.7574750830564784 0.036544850498338874 0.1378737541528239
1 0.3554817275747508 0.771594684385382 0.04318936877076412 0.11295681063122924
1 0.43023255813953487 0.7101328903654485 0.03986710963455149 0.1345514950166113
1 0.4676079734219269 0.6553156146179402 0.03488372093023256 0.11627906976744186
1 0.5506644518272426 0.6245847176079734 0.054817275747508304 0.13122923588039867
1 0.5930232558139535 0.5523255813953488 0.04318936877076412 0.0946843853820598
1 0.7666112956810631 0.4925249169435216 0.061461794019933555 0.11960132890365449
1 0.8197674418604651 0.3754152823920266 0.019933554817275746 0.1378737541528239
1 0.8413621262458472 0.3164451827242525 0.024916943521594685 0.11627906976744186
1 0.8604651162790697 0.276578073089701 0.023255813953488372 0.08471760797342193
1 0.03156146179401993 0.9177740863787376 0.05149501661129568 0.1644518272425249
1 0.12292358803986711 0.979235880398671 0.029900332225913623 0.04152823920265781
1 0.17026578073089702 0.7541528239202658 0.04983388704318937 0.12956810631229235
1 0.22425249169435216 0.7001661129568106 0.02159468438538206 0.08803986710963455
1 0.2516611295681063 0.6918604651162791 0.024916943521594685 0.07475083056478406
1 0.35299003322259137 0.6611295681063123 0.03820598006644518 0.15448504983388706
1 0.3903654485049834 0.6387043189368771 0.04152823920265781 0.12624584717607973
1 0.10963455149501661 0.8471760797342193 0.09302325581395349 0.2009966777408638
1 0.01744186046511628 0.7873754152823921 0.026578073089700997 0.09302325581395349
1 0.0755813953488372 0.723421926910299 0.061461794019933555 0.16611295681063123
1 0.029069767441860465 0.6985049833887044 0.03322259136212625 0.11794019933554817
1 0.12790697674418605 0.6602990033222591 0.054817275747508304 0.1478405315614618
1 0.1777408637873754 0.6578073089700996 0.029900332225913623 0.07142857142857142
1 0.29069767441860467 0.45099667774086377 0.046511627906976744 0.15780730897009967
1 0.4260797342192691 0.5124584717607974 0.026578073089700997 0.10631229235880399
1 0.3745847176079734 0.5456810631229236 0.03488372093023256 0.06976744186046512
1 0.3554817275747508 0.4634551495016611 0.03820598006644518 0.10631229235880399
1 0.553156146179402 0.4950166112956811 0.03156146179401993 0.09634551495016612
1 0.590531561461794 0.47591362126245845 0.03156146179401993 0.07475083056478406
1 0.6586378737541528 0.4435215946843854 0.026578073089700997 0.08471760797342193
1 0.707641196013289 0.5124584717607974 0.04318936877076412 0.1079734219269103
1 0.6395348837209303 0.5307308970099668 0.03488372093023256 0.08970099667774087
1 0.4526578073089701 0.3521594684385382 0.026578073089700997 0.08471760797342193
1 0.4717607973421927 0.31146179401993357 0.023255813953488372 0.059800664451827246
1 0.707641196013289 0.19269102990033224 0.029900332225913623 0.07807308970099668
1 0.6096345514950167 0.1669435215946844 0.02159468438538206 0.054817275747508304
1 0.5689368770764119 0.17026578073089702 0.006644518272425249 0.03488372093023256
1 0.5880398671096345 0.18355481727574752 0.011627906976744186 0.02823920265780731
1 0.5598006644518272 0.1744186046511628 0.008305647840531562 0.02823920265780731
1 0.5406976744186046 0.1569767441860465 0.009966777408637873 0.04318936877076412
1 0.5058139534883721 0.1511627906976744 0.013289036544850499 0.046511627906976744
1 0.5141196013289037 0.1553156146179402 0.008305647840531562 0.04152823920265781
1 0.4950166112956811 0.15780730897009967 0.0049833887043189366 0.03156146179401993
1 0.489202657807309 0.15282392026578073 0.0049833887043189366 0.02823920265780731
1 0.4808970099667774 0.14451827242524917 0.009966777408637873 0.03986710963455149
1 0.4676079734219269 0.14534883720930233 0.014950166112956811 0.04318936877076412
1 0.0664451827242525 0.6104651162790697 0.044850498338870434 0.10963455149501661
1 0.1777408637873754 0.35132890365448505 0.02823920265780731 0.1079734219269103
1 0.22508305647840532 0.5415282392026578 0.04318936877076412 0.10465116279069768
1 0.292358803986711 0.5755813953488372 0.02823920265780731 0.09966777408637874
1 0.31893687707641194 0.5514950166112956 0.03156146179401993 0.09634551495016612
1 0.1270764119601329 0.5182724252491694 0.04318936877076412 0.10631229235880399
1 0.016611295681063124 0.6320598006644518 0.03156146179401993 0.17109634551495018
1 0.9476744186046512 0.19435215946843853 0.016611295681063124 0.044850498338870434
1 0.007475083056478406 0.36212624584717606 0.014950166112956811 0.07308970099667775
1 0.11877076411960133 0.28820598006644516 0.026578073089700997 0.08305647840531562
1 0.36129568106312293 0.12458471760797342 0.02159468438538206 0.054817275747508304
1 0.420265780730897 0.13372093023255813 0.019933554817275746 0.06312292358803986
1 0.4227574750830565 0.3164451827242525 0.018272425249169437 0.07142857142857142
1 0.4568106312292359 0.4426910299003322 0.024916943521594685 0.08305647840531562
1 0.42358803986710963 0.4111295681063123 0.02159468438538206 0.07308970099667775
1 0.4601328903654485 0.5340531561461794 0.019933554817275746 0.06312292358803986
1 0.2441860465116279 0.6337209302325582 0.023255813953488372 0.07142857142857142
1 0.2691029900332226 0.6013289036544851 0.03156146179401993 0.1378737541528239
1 0.2084717607973422 0.6735880398671097 0.026578073089700997 0.09634551495016612
1 0.17026578073089702 0.5855481727574751 0.03156146179401993 0.09966777408637874
1 0.24003322259136212 0.46096345514950166 0.029900332225913623 0.08471760797342193
1 0.2591362126245847 0.45514950166112955 0.026578073089700997 0.0664451827242525
1 0.23837209302325582 0.32059800664451826 0.029900332225913623 0.06478405315614617
1 0.31727574750830567 0.35132890365448505 0.026578073089700997 0.07807308970099668
1 0.3521594684385382 0.3596345514950166 0.02823920265780731 0.08970099667774087
1 0.1362126245847176 0.40946843853820597 0.026578073089700997 0.09302325581395349
1 0.5946843853820598 0.2857142857142857 0.018272425249169437 0.061461794019933555
1 0.5440199335548173 0.30398671096345514 0.023255813953488372 0.06976744186046512
1 0.38704318936877075 0.3845514950166113 0.03820598006644518 0.10631229235880399
1 0.7034883720930233 0.13870431893687707 0.011627906976744186 0.053156146179401995
1 0.7167774086378738 0.14285714285714285 0.013289036544850499 0.053156146179401995
1 0.7591362126245847 0.24335548172757476 0.013289036544850499 0.036544850498338874
1 0.7167774086378738 0.40863787375415284 0.023255813953488372 0.07973421926910298
1 0.696843853820598 0.37790697674418605 0.02159468438538206 0.06478405315614617
1 0.6353820598006644 0.45099667774086377 0.026578073089700997 0.07142857142857142
1 0.6112956810631229 0.43272425249169433 0.026578073089700997 0.07641196013289037
1 0.590531561461794 0.40448504983388706 0.026578073089700997 0.0681063122923588
1 0.542358803986711 0.4210963455149502 0.018272425249169437 0.05647840531561462
1 0.5041528239202658 0.4692691029900332 0.03156146179401993 0.07641196013289037
1 0.5091362126245847 0.5406976744186046 0.016611295681063124 0.05647840531561462
1 0.7832225913621262 0.40780730897009965 0.019933554817275746 0.05813953488372093
1 0.770764119601329 0.37790697674418605 0.024916943521594685 0.07475083056478406
1 0.7242524916943521 0.36627906976744184 0.02159468438538206 0.05149501661129568
1 0.7433554817275747 0.3646179401993355 0.013289036544850499 0.044850498338870434
1 0.6744186046511628 0.40863787375415284 0.023255813953488372 0.07973421926910298
1 0.6420265780730897 0.3538205980066445 0.016611295681063124 0.07308970099667775
1 0.7109634551495017 0.32059800664451826 0.014950166112956811 0.05647840531561462
1 0.7757475083056479 0.3164451827242525 0.026578073089700997 0.05149501661129568
1 0.776578073089701 0.22840531561461794 0.011627906976744186 0.02823920265780731
1 0.9352159468438538 0.18853820598006646 0.014950166112956811 0.046511627906976744
1 0.05564784053156146 0.5290697674418605 0.03820598006644518 0.07475083056478406
1 0.09219269102990033 0.49750830564784054 0.026578073089700997 0.07973421926910298
1 0.5124584717607974 0.3787375415282392 0.019933554817275746 0.05647840531561462
1 0.4983388704318937 0.4003322259136213 0.018272425249169437 0.04318936877076412
1 0.48172757475083056 0.43106312292358806 0.024916943521594685 0.061461794019933555
1 0.49169435215946844 0.3538205980066445 0.023255813953488372 0.07308970099667775
1 0.574750830564784 0.23006644518272426 0.014950166112956811 0.05647840531561462
1 0.45099667774086377 0.26744186046511625 0.02159468438538206 0.07641196013289037
1 0.4684385382059801 0.25332225913621265 0.019933554817275746 0.06478405315614617
1 0.728405315614618 0.21428571428571427 0.019933554817275746 0.05149501661129568
1 0.803156146179402 0.32475083056478404 0.019933554817275746 0.08471760797342193
1 0.09717607973421927 0.34053156146179403 0.024916943521594685 0.06312292358803986
1 0.38870431893687707 0.25664451827242524 0.02159468438538206 0.08139534883720931
1 0.6636212624584718 0.303156146179402 0.029900332225913623 0.08139534883720931
1 0.7275747508305648 0.31146179401993357 0.02159468438538206 0.05813953488372093
1 0.9642857142857143 0.17358803986710963 0.014950166112956811 0.04152823920265781
1 0.9318936877076412 0.1536544850498339 0.009966777408637873 0.03820598006644518
1 0.9916943521594684 0.15780730897009967 0.0049833887043189366 0.03986710963455149