1 0.2355595667870036 0.10379061371841156 0.06678700361010831 0.2075812274368231
1 0.2157039711191336 0.2148014440433213 0.05054151624548736 0.18953068592057762
1 0.16787003610108303 0.2806859205776173 0.06678700361010831 0.2563176895306859
1 0.427797833935018 0.03790613718411552 0.04332129963898917 0.07581227436823104
1 0.3303249097472924 0.11281588447653429 0.09747292418772563 0.22563176895306858
1 0.40794223826714804 0.16425992779783394 0.05054151624548736 0.2111913357400722
1 0.36913357400722024 0.26895306859205775 0.02527075812274368 0.08844765342960288
1 0.3185920577617328 0.3989169675090253 0.039711191335740074 0.1624548736462094
1 0.26624548736462095 0.2509025270758123 0.03429602888086643 0.1299638989169675
1 0.33664259927797835 0.27256317689530685 0.04151624548736462 0.11371841155234658
1 0.26985559566787004 0.38086642599277976 0.04693140794223827 0.18411552346570398
1 0.23465703971119134 0.43501805054151627 0.048736462093862815 0.18411552346570398
1 0.15252707581227437 0.47924187725631767 0.0631768953068592 0.15342960288808663
1 0.009927797833935019 0.3528880866425993 0.019855595667870037 0.315884476534296
1 0.04693140794223827 0.2581227436823105 0.02527075812274368 0.09927797833935018
1 0.05144404332129964 0.41606498194945846 0.05595667870036101 0.24548736462093862
1 0.010830324909747292 0.4963898916967509 0.021660649819494584 0.1263537906137184
1 0.004512635379061372 0.6344765342960289 0.009025270758122744 0.10288808664259928
1 0.529783393501805 0.06949458483754513 0.06678700361010831 0.13898916967509026
1 0.4675090252707581 0.04963898916967509 0.04332129963898917 0.09927797833935018
1 0.4611913357400722 0.14259927797833935 0.05054151624548736 0.1371841155234657
1 0.5947653429602888 0.02256317689530686 0.03790613718411552 0.04512635379061372
1 0.6462093862815884 0.01444043321299639 0.039711191335740074 0.02888086642599278
1 0.6299638989169675 0.1407942238267148 0.05595667870036101 0.18411552346570398
1 0.5884476534296029 0.1444043321299639 0.03429602888086643 0.1407942238267148
1 0.5550541516245487 0.15342960288808663 0.039711191335740074 0.13357400722021662
1 0.5126353790613718 0.2157039711191336 0.036101083032490974 0.12454873646209386
1 0.44584837545126355 0.3203971119133574 0.03790613718411552 0.13898916967509026
1 0.4016245487364621 0.34386281588447654 0.039711191335740074 0.12093862815884476
1 0.6768953068592057 0.06678700361010831 0.036101083032490974 0.13357400722021662
1 0.7111913357400722 0.05685920577617329 0.02707581227436823 0.09566787003610108
1 0.7725631768953068 0.1164259927797834 0.08844765342960288 0.20216606498194944
1 0.6841155234657039 0.17057761732851986 0.02888086642599278 0.13176895306859207
1 0.7364620938628159 0.22743682310469315 0.05415162454873646 0.13357400722021662
1 0.6606498194945848 0.3267148014440433 0.05595667870036101 0.16967509025270758
1 0.5541516245487365 0.2870036101083033 0.03790613718411552 0.14981949458483754
1 0.5956678700361011 0.27256317689530685 0.04693140794223827 0.12274368231046931
1 0.5126353790613718 0.33754512635379064 0.04151624548736462 0.14620938628158844
1 0.4711191335740072 0.3971119133574007 0.036101083032490974 0.1263537906137184
1 0.38086642599277976 0.4287003610108303 0.05776173285198556 0.1407942238267148
1 0.33303249097472926 0.5063176895306859 0.04512635379061372 0.10288808664259928
1 0.14350180505415164 0.5676895306859205 0.06498194945848375 0.12815884476534295
1 0.08303249097472924 0.694043321299639 0.019855595667870037 0.14981949458483754
1 0.058664259927797835 0.7581227436823105 0.02527075812274368 0.1263537906137184
1 0.03700361010830325 0.8005415162454874 0.023465703971119134 0.09205776173285199
1 0.9530685920577617 0.12003610108303249 0.05776173285198556 0.17870036101083034
1 0.9882671480144405 0.02075812274368231 0.023465703971119134 0.04151624548736462
1 0.8492779783393501 0.03700361010830325 0.030685920577617327 0.0740072202166065
1 0.796028880866426 0.2951263537906137 0.052346570397111915 0.14259927797833935
1 0.7364620938628159 0.3528880866425993 0.021660649819494584 0.09566787003610108
1 0.7066787003610109 0.36101083032490977 0.023465703971119134 0.0812274368231047
1 0.5956678700361011 0.3925992779783393 0.039711191335740074 0.16967509025270758
1 0.5550541516245487 0.41606498194945846 0.04332129963898917 0.1371841155234657
1 0.8637184115523465 0.19494584837545126 0.09747292418772563 0.21660649819494585
1 0.9729241877256317 0.2608303249097473 0.04693140794223827 0.10108303249097472
1 0.8989169675090253 0.3303249097472924 0.0631768953068592 0.17870036101083034
1 0.9485559566787004 0.3583032490974729 0.03429602888086643 0.1263537906137184
1 0.8402527075812274 0.398014440433213 0.05595667870036101 0.16064981949458484
1 0.7861010830324909 0.39981949458483756 0.030685920577617327 0.07942238267148015
1 0.6597472924187726 0.621841155234657 0.04693140794223827 0.17148014440433212
1 0.5135379061371841 0.5532490974729242 0.02707581227436823 0.11552346570397112
1 0.5703971119133574 0.5180505415162455 0.036101083032490974 0.07581227436823104
1 0.5893501805054152 0.6074007220216606 0.039711191335740074 0.11552346570397112
1 0.37545126353790614 0.5694945848375451 0.032490974729241874 0.10469314079422383
1 0.3348375451263538 0.5893501805054152 0.032490974729241874 0.0812274368231047
1 0.259927797833935 0.6236462093862816 0.02707581227436823 0.09205776173285199
1 0.2075812274368231 0.5478339350180506 0.04512635379061372 0.11732851985559567
1 0.2824909747292419 0.5288808664259927 0.036101083032490974 0.09747292418772563
1 0.48194945848375453 0.7265342960288809 0.02707581227436823 0.09205776173285199
1 0.4602888086642599 0.7707581227436823 0.023465703971119134 0.06498194945848375
1 0.20216606498194944 0.8953068592057761 0.030685920577617327 0.08483754512635379
1 0.30776173285198555 0.9250902527075813 0.021660649819494584 0.05956678700361011
1 0.351985559566787 0.9214801444043321 0.007220216606498195 0.03790613718411552
1 0.3312274368231047 0.9070397111913358 0.01263537906137184 0.030685920577617327
1 0.361913357400722 0.9178700361010831 0.009025270758122744 0.030685920577617327
1 0.38267148014440433 0.9368231046931408 0.010830324909747292 0.04693140794223827
1 0.42057761732851984 0.944043321299639 0.01444043321299639 0.05054151624548736
1 0.41155234657039713 0.9395306859205776 0.009025270758122744 0.04512635379061372
1 0.4323104693140794 0.9368231046931408 0.005415162454873646 0.03429602888086643
1 0.43862815884476536 0.9422382671480144 0.005415162454873646 0.030685920577617327
1 0.44765342960288806 0.9512635379061372 0.009025270758122744 0.04332129963898917
1 0.4620938628158845 0.9512635379061372 0.016245487364620937 0.04693140794223827
1 0.9061371841155235 0.45306859205776173 0.04693140794223827 0.11913357400722022
1 0.7806859205776173 0.7328519855595668 0.02888086642599278 0.11913357400722022
1 0.7328519855595668 0.5252707581227437 0.04512635379061372 0.11371841155234658
1 0.6606498194945848 0.48646209386281586 0.02888086642599278 0.10830324909747292
1 0.6308664259927798 0.5126353790613718 0.032490974729241874 0.10469314079422383
1 0.8384476534296029 0.5523465703971119 0.04512635379061372 0.11371841155234658
1 0.9720216606498195 0.4305054151624549 0.05595667870036101 0.18592057761732853
1 0.9765342960288809 0.723826714801444 0.036101083032490974 0.07942238267148015
1 0.8429602888086642 0.8023465703971119 0.02707581227436823 0.09025270758122744
1 0.575812274368231 0.9729241877256317 0.021660649819494584 0.05415162454873646
1 0.5126353790613718 0.9648014440433214 0.019855595667870037 0.06859205776173286
1 0.5135379061371841 0.766245487364621 0.018050541516245487 0.0776173285198556
1 0.47924187725631767 0.628158844765343 0.023465703971119134 0.09025270758122744
1 0.5144404332129964 0.6633574007220217 0.021660649819494584 0.0776173285198556
1 0.47743682310469315 0.5288808664259927 0.019855595667870037 0.06859205776173286
1 0.7138989169675091 0.42418772563176893 0.023465703971119134 0.0776173285198556
1 0.6859205776173285 0.45938628158844763 0.032490974729241874 0.14981949458483754
1 0.7536101083032491 0.38176895306859204 0.02707581227436823 0.10469314079422383
1 0.7933212996389891 0.47833935018050544 0.032490974729241874 0.10830324909747292
1 0.7148014440433214 0.6119133574007221 0.030685920577617327 0.09205776173285199
1 0.694043321299639 0.618231046931408 0.02707581227436823 0.07220216606498195
1 0.7138989169675091 0.7644404332129964 0.030685920577617327 0.06859205776173286
1 0.6290613718411552 0.73014440433213 0.02707581227436823 0.08483754512635379
1 0.5911552346570397 0.720216606498195 0.02888086642599278 0.09566787003610108
1 0.8267148014440433 0.6705776173285198 0.02707581227436823 0.10108303249097472
1 0.3267148014440433 0.796028880866426 0.018050541516245487 0.06678700361010831
1 0.38176895306859204 0.7770758122743683 0.023465703971119134 0.07581227436823104
1 0.5541516245487365 0.6922382671480144 0.039711191335740074 0.11552346570397112
1 0.20487364620938628 0.953971119133574 0.010830324909747292 0.05776173285198556
1 0.19133574007220217 0.9485559566787004 0.01263537906137184 0.05776173285198556
1 0.14711191335740073 0.8393501805054152 0.01444043321299639 0.039711191335740074
1 0.19584837545126355 0.6597472924187726 0.023465703971119134 0.08664259927797834
1 0.21660649819494585 0.694043321299639 0.019855595667870037 0.0703971119133574
1 0.2851985559566787 0.6155234657039711 0.02707581227436823 0.0776173285198556
1 0.31137184115523464 0.6362815884476535 0.02707581227436823 0.08303249097472924
1 0.33303249097472926 0.6669675090252708 0.02707581227436823 0.0740072202166065
1 0.38537906137184114 0.6498194945848376 0.018050541516245487 0.061371841155234655
1 0.427797833935018 0.5983754512635379 0.032490974729241874 0.0812274368231047
1 0.42418772563176893 0.5207581227436823 0.01444043321299639 0.061371841155234655
1 0.12364620938628158 0.6597472924187726 0.019855595667870037 0.0631768953068592
1 0.13628158844765342 0.6922382671480144 0.02527075812274368 0.08303249097472924
1 0.18682310469314078 0.7057761732851986 0.021660649819494584 0.05776173285198556
1 0.16606498194945848 0.7075812274368231 0.016245487364620937 0.048736462093862815
1 0.24187725631768953 0.6606498194945848 0.02527075812274368 0.08664259927797834
1 0.27617328519855594 0.7211191335740073 0.016245487364620937 0.07942238267148015
1 0.2003610108303249 0.7563176895306859 0.01444043321299639 0.061371841155234655
1 0.1299638989169675 0.7590252707581228 0.02707581227436823 0.05776173285198556
1 0.1272563176895307 0.8546931407942239 0.01263537906137184 0.030685920577617327
1 0.9169675090252708 0.5415162454873647 0.039711191335740074 0.08303249097472924
1 0.8763537906137184 0.575812274368231 0.02707581227436823 0.08664259927797834
1 0.41696750902527074 0.6967509025270758 0.019855595667870037 0.061371841155234655
1 0.4332129963898917 0.6732851985559567 0.019855595667870037 0.04693140794223827
1 0.45216606498194944 0.6398916967509025 0.023465703971119134 0.06678700361010831
1 0.4395306859205776 0.723826714801444 0.023465703971119134 0.07942238267148015
1 0.34657039711191334 0.8564981949458483 0.016245487364620937 0.061371841155234655
1 0.48194945848375453 0.8185920577617328 0.021660649819494584 0.08483754512635379
1 0.4629963898916967 0.8339350180505415 0.019855595667870037 0.0703971119133574
1 0.1796028880866426 0.8709386281588448 0.019855595667870037 0.05415162454873646
1 0.10018050541516245 0.75 0.019855595667870037 0.09386281588447654
1 0.868231046931408 0.7454873646209387 0.02527075812274368 0.06859205776173286
1 0.5496389891696751 0.8312274368231047 0.021660649819494584 0.08844765342960288
1 0.2518050541516246 0.776173285198556 0.030685920577617327 0.08664259927797834
1 0.18231046931407943 0.7653429602888087 0.021660649819494584 0.0631768953068592