1 0.6728624535315985 0.9117100371747212 0.08178438661710037 0.17657992565055763
1 0.7007434944237918 0.8197026022304833 0.06505576208178439 0.19888475836431227
1 0.7546468401486989 0.7555762081784386 0.08736059479553904 0.26765799256505574
1 0.4684014869888476 0.9711895910780669 0.048327137546468404 0.05762081784386617
1 0.5743494423791822 0.8986988847583643 0.11524163568773234 0.20260223048327136
1 0.49907063197026025 0.8578066914498141 0.06691449814126393 0.2211895910780669
1 0.5464684014869888 0.7527881040892194 0.031598513011152414 0.09293680297397769
1 0.6078066914498141 0.6226765799256505 0.05204460966542751 0.1691449814126394
1 0.6505576208178439 0.7788104089219331 0.04275092936802974 0.13568773234200743
1 0.5799256505576208 0.7518587360594795 0.05018587360594796 0.11895910780669144
1 0.6570631970260223 0.6449814126394052 0.06319702602230483 0.19330855018587362
1 0.6970260223048327 0.5920074349442379 0.06319702602230483 0.19330855018587362
1 0.7843866171003717 0.5520446096654275 0.0762081784386617 0.16171003717472118
1 0.9460966542750929 0.6933085501858736 0.09293680297397769 0.32899628252788105
1 0.9907063197026023 0.5687732342007435 0.01858736059479554 0.11338289962825279
1 0.8763940520446096 0.7871747211895911 0.03345724907063197 0.10408921933085502
1 0.8838289962825279 0.6245353159851301 0.07434944237918216 0.25650557620817843
1 0.9684014869888475 0.5018587360594795 0.03345724907063197 0.08736059479553904
1 0.9330855018587361 0.5446096654275093 0.03717472118959108 0.13382899628252787
1 0.9860594795539034 0.44609665427509293 0.027881040892193308 0.1412639405204461
1 0.95817843866171 0.4033457249070632 0.040892193308550186 0.10780669144981413
1 0.9925650557620818 0.3652416356877323 0.01486988847583643 0.05762081784386617
1 0.9953531598513011 0.31970260223048325 0.00929368029739777 0.05204460966542751
1 0.9962825278810409 0.18494423791821563 0.007434944237918215 0.05018587360594796
1 0.3680297397769517 0.9321561338289963 0.0762081784386617 0.12267657992565056
1 0.4284386617100372 0.95817843866171 0.05018587360594796 0.07992565055762081
1 0.4433085501858736 0.8763940520446096 0.06133828996282528 0.1449814126394052
1 0.2983271375464684 0.9767657992565055 0.040892193308550186 0.022304832713754646
1 0.2695167286245353 0.8661710037174721 0.07063197026022305 0.19330855018587362
1 0.31226765799256506 0.8652416356877324 0.04460966542750929 0.14684014869888476
1 0.3475836431226766 0.8578066914498141 0.048327137546468404 0.137546468401487
1 0.3949814126394052 0.7973977695167286 0.046468401486988845 0.13011152416356878
1 0.4711895910780669 0.6942379182156134 0.048327137546468404 0.1449814126394052
1 0.5185873605947955 0.6737918215613383 0.05018587360594796 0.12639405204460966
1 0.21468401486988847 0.9256505576208178 0.04460966542750929 0.11338289962825279
1 0.17936802973977695 0.9377323420074349 0.03345724907063197 0.08364312267657993
1 0.120817843866171 0.8754646840148699 0.10408921933085502 0.20446096654275092
1 0.21561338289962825 0.8317843866171004 0.03903345724907063 0.137546468401487
1 0.16635687732342008 0.7695167286245354 0.06505576208178439 0.1412639405204461
1 0.25092936802973975 0.6728624535315985 0.0687732342007435 0.17657992565055763
1 0.35780669144981414 0.7211895910780669 0.05018587360594796 0.15613382899628253
1 0.3141263940520446 0.733271375464684 0.055762081784386616 0.13011152416356878
1 0.40427509293680297 0.6719330855018587 0.05390334572490706 0.1524163568773234
1 0.4507434944237918 0.6143122676579925 0.046468401486988845 0.13197026022304834
1 0.5464684014869888 0.5882899628252788 0.0687732342007435 0.14869888475836432
1 0.6003717472118959 0.5120817843866171 0.05390334572490706 0.10966542750929369
1 0.800185873605948 0.46189591078066916 0.0762081784386617 0.13568773234200743
1 0.870817843866171 0.33643122676579923 0.031598513011152414 0.15613382899628253
1 0.9005576208178439 0.27230483271375466 0.03531598513011153 0.13197026022304834
1 0.9256505576208178 0.23048327137546468 0.031598513011152414 0.09665427509293681
1 0.03531598513011153 0.9433085501858736 0.03531598513011153 0.05204460966542751
1 0.10966542750929369 0.6951672862453532 0.06319702602230483 0.14869888475836432
1 0.17565055762081785 0.6403345724907064 0.02973977695167286 0.10037174721189591
1 0.20631970260223048 0.6338289962825279 0.031598513011152414 0.08550185873605948
1 0.3224907063197026 0.6096654275092936 0.05018587360594796 0.17472118959107807
1 0.36617100371747213 0.5882899628252788 0.05390334572490706 0.14312267657992564
1 0.04553903345724907 0.7927509293680297 0.09107806691449814 0.22862453531598512
1 0.022304832713754646 0.6514869888475836 0.04460966542750929 0.18773234200743494
1 0.07156133828996282 0.5864312267657993 0.0687732342007435 0.16728624535315986
1 0.12732342007434944 0.5882899628252788 0.03717472118959108 0.08178438661710037
1 0.2732342007434944 0.36988847583643125 0.06133828996282528 0.18029739776951673
1 0.4191449814126394 0.4507434944237918 0.03531598513011153 0.120817843866171
1 0.35780669144981414 0.48234200743494426 0.04275092936802974 0.07992565055762081
1 0.3447955390334573 0.38940520446096655 0.048327137546468404 0.120817843866171
1 0.5613382899628253 0.4433085501858736 0.040892193308550186 0.10966542750929369
1 0.6050185873605948 0.42657992565055763 0.03903345724907063 0.08550185873605948
1 0.6840148698884758 0.39684014869888473 0.03531598513011153 0.09665427509293681
1 0.7323420074349443 0.47769516728624534 0.05390334572490706 0.12453531598513011
1 0.654275092936803 0.49256505576208176 0.04460966542750929 0.10223048327137546
1 0.4637546468401487 0.275092936802974 0.03531598513011153 0.09665427509293681
1 0.4888475836431227 0.23048327137546468 0.027881040892193308 0.0687732342007435
1 0.7630111524163569 0.12174721189591078 0.03717472118959108 0.08921933085501858
1 0.6570631970260223 0.08364312267657993 0.026022304832713755 0.06319702602230483
1 0.6115241635687733 0.08364312267657993 0.00929368029739777 0.03903345724907063
1 0.6310408921933085 0.10037174721189591 0.01486988847583643 0.031598513011152414
1 0.6003717472118959 0.08643122676579926 0.011152416356877323 0.031598513011152414
1 0.5808550185873605 0.06598513011152417 0.01486988847583643 0.048327137546468404
1 0.54182156133829 0.055762081784386616 0.01858736059479554 0.05204460966542751
1 0.5511152416356877 0.06133828996282528 0.013011152416356878 0.046468401486988845
1 0.5297397769516728 0.062267657992565055 0.007434944237918215 0.03531598513011153
1 0.5232342007434945 0.056691449814126396 0.007434944237918215 0.031598513011152414
1 0.5148698884758365 0.046468401486988845 0.01486988847583643 0.04460966542750929
1 0.5 0.04553903345724907 0.020446096654275093 0.05018587360594796
1 0.01858736059479554 0.525092936802974 0.03717472118959108 0.12453531598513011
1 0.1570631970260223 0.24721189591078066 0.03717472118959108 0.12267657992565056
1 0.19144981412639406 0.4637546468401487 0.05390334572490706 0.120817843866171
1 0.26301115241635686 0.508364312267658 0.03717472118959108 0.11338289962825279
1 0.2955390334572491 0.48420074349442377 0.040892193308550186 0.10966542750929369
1 0.0845724907063197 0.4284386617100372 0.05390334572490706 0.12267657992565056
1 0.09851301115241635 0.17100371747211895 0.03345724907063197 0.09479553903345725
1 0.3828996282527881 0.02137546468401487 0.026022304832713755 0.04275092936802974
1 0.44702602230483274 0.031598513011152414 0.024163568773234202 0.06319702602230483
1 0.4340148698884758 0.23141263940520446 0.024163568773234202 0.08178438661710037
1 0.4591078066914498 0.3763940520446097 0.031598513011152414 0.09479553903345725
1 0.4256505576208178 0.33736059479553904 0.027881040892193308 0.08364312267657993
1 0.4544609665427509 0.47769516728624534 0.026022304832713755 0.0724907063197026
1 0.20353159851301114 0.5687732342007435 0.02973977695167286 0.08178438661710037
1 0.23513011152416358 0.5343866171003717 0.04460966542750929 0.15613382899628253
1 0.15985130111524162 0.6096654275092936 0.03531598513011153 0.10966542750929369
1 0.12546468401486988 0.5074349442379182 0.040892193308550186 0.11338289962825279
1 0.21654275092936803 0.3754646840148699 0.03903345724907063 0.09665427509293681
1 0.2379182156133829 0.370817843866171 0.03345724907063197 0.0762081784386617
1 0.22769516728624536 0.21933085501858737 0.03717472118959108 0.07434944237918216
1 0.31226765799256506 0.26022304832713755 0.03345724907063197 0.08921933085501858
1 0.3513011152416357 0.2732342007434944 0.03717472118959108 0.10223048327137546
1 0.1050185873605948 0.3076208178438662 0.03531598513011153 0.10594795539033457
1 0.6282527881040892 0.21468401486988847 0.024163568773234202 0.07063197026022305
1 0.5697026022304833 0.23048327137546468 0.02973977695167286 0.07992565055762081
1 0.38661710037174724 0.3048327137546468 0.048327137546468404 0.120817843866171
1 0.7648698884758365 0.06133828996282528 0.01486988847583643 0.05947955390334572
1 0.7778810408921933 0.06784386617100371 0.016728624535315983 0.05947955390334572
1 0.8159851301115242 0.18308550185873607 0.01858736059479554 0.04275092936802974
1 0.7527881040892194 0.3643122676579926 0.02973977695167286 0.09107806691449814
1 0.7342007434944238 0.3271375464684015 0.027881040892193308 0.07434944237918216
1 0.6579925650557621 0.4033457249070632 0.03345724907063197 0.08178438661710037
1 0.6319702602230484 0.38011152416356875 0.03345724907063197 0.08736059479553904
1 0.612453531598513 0.3466542750929368 0.03345724907063197 0.07806691449814127
1 0.5576208178438662 0.36059479553903345 0.022304832713754646 0.06505576208178439
1 0.5102230483271375 0.4107806691449814 0.03903345724907063 0.08736059479553904
1 0.508364312267658 0.49070631970260226 0.020446096654275093 0.06505576208178439
1 0.8271375464684015 0.36895910780669144 0.024163568773234202 0.06691449814126393
1 0.8159851301115242 0.3345724907063197 0.031598513011152414 0.08550185873605948
1 0.7648698884758365 0.31691449814126393 0.026022304832713755 0.05947955390334572
1 0.7862453531598513 0.31691449814126393 0.01858736059479554 0.05018587360594796
1 0.7053903345724907 0.3596654275092937 0.02973977695167286 0.09107806691449814
1 0.6747211895910781 0.2955390334572491 0.022304832713754646 0.08364312267657993
1 0.7546468401486989 0.2648698884758364 0.01858736059479554 0.06319702602230483
1 0.8271375464684015 0.266728624535316 0.031598513011152414 0.05947955390334572
1 0.837360594795539 0.16821561338289961 0.01486988847583643 0.031598513011152414
1 0.013940520446096654 0.43308550185873607 0.026022304832713755 0.08550185873605948
1 0.047397769516728624 0.40148698884758366 0.03345724907063197 0.09107806691449814
1 0.5278810408921933 0.3104089219330855 0.024163568773234202 0.06505576208178439
1 0.5102230483271375 0.33271375464684017 0.024163568773234202 0.05018587360594796
1 0.4879182156133829 0.36617100371747213 0.031598513011152414 0.07063197026022305
1 0.5065055762081785 0.28066914498141265 0.02973977695167286 0.08364312267657993
1 0.6115241635687733 0.15055762081784388 0.01858736059479554 0.06319702602230483
1 0.47026022304832715 0.18029739776951673 0.027881040892193308 0.08736059479553904
1 0.49070631970260226 0.1654275092936803 0.026022304832713755 0.07434944237918216
1 0.7843866171003717 0.14776951672862454 0.024163568773234202 0.05947955390334572
1 0.8578066914498141 0.2778810408921933 0.027881040892193308 0.09665427509293681
1 0.06784386617100371 0.22769516728624536 0.031598513011152414 0.0724907063197026
1 0.40148698884758366 0.16263940520446096 0.027881040892193308 0.09293680297397769
1 0.7035315985130112 0.24070631970260223 0.03717472118959108 0.09293680297397769
1 0.7741635687732342 0.25650557620817843 0.026022304832713755 0.06691449814126393