1 0.019516728624535316 0.13011152416356878 0.03903345724907063 0.21189591078066913
1 0.022304832713754646 0.2611524163568773 0.04460966542750929 0.12825278810408922
1 0.3382899628252788 0.10315985130111524 0.07806691449814127 0.19330855018587362
1 0.32342007434944237 0.20631970260223048 0.06133828996282528 0.1970260223048327
1 0.2778810408921933 0.2760223048327137 0.08178438661710037 0.26765799256505574
1 0.5325278810408922 0.026022304832713755 0.046468401486988845 0.05204460966542751
1 0.4368029739776952 0.10687732342007435 0.11152416356877323 0.2137546468401487
1 0.5185873605947955 0.14312267657992564 0.06319702602230483 0.21933085501858737
1 0.48420074349442377 0.2537174721189591 0.031598513011152414 0.09293680297397769
1 0.4395910780669145 0.38940520446096655 0.05018587360594796 0.1691449814126394
1 0.37732342007434944 0.24070631970260223 0.04275092936802974 0.13568773234200743
1 0.4507434944237918 0.258364312267658 0.048327137546468404 0.11895910780669144
1 0.38847583643122674 0.3736059479553903 0.05762081784386617 0.19144981412639406
1 0.3550185873605948 0.4312267657992565 0.05947955390334572 0.19144981412639406
1 0.2732342007434944 0.48141263940520446 0.0724907063197026 0.16171003717472118
1 0.09572490706319703 0.36152416356877326 0.08736059479553904 0.32899628252788105
1 0.0362453531598513 0.4070631970260223 0.055762081784386616 0.14684014869888476
1 0.05111524163568773 0.48977695167286245 0.046468401486988845 0.11524163568773234
1 0.013940520446096654 0.5046468401486989 0.027881040892193308 0.17657992565055763
1 0.1524163568773234 0.25929368029739774 0.031598513011152414 0.10408921933085502
1 0.1654275092936803 0.42193308550185876 0.07063197026022305 0.25464684014869887
1 0.09572490706319703 0.5539033457249071 0.031598513011152414 0.08736059479553904
1 0.12639405204460966 0.5074349442379182 0.03531598513011153 0.13197026022304834
1 0.03531598513011153 0.5808550185873605 0.04275092936802974 0.14869888475836432
1 0.013940520446096654 0.6282527881040892 0.022304832713754646 0.09293680297397769
1 0.0762081784386617 0.612453531598513 0.040892193308550186 0.1412639405204461
1 0.046468401486988845 0.6570631970260223 0.031598513011152414 0.07992565055762081
1 0.11802973977695168 0.6505576208178439 0.03903345724907063 0.10780669144981413
1 0.04553903345724907 0.7109665427509294 0.03717472118959108 0.0724907063197026
1 0.020446096654275093 0.7193308550185874 0.022304832713754646 0.07992565055762081
1 0.07992565055762081 0.6923791821561338 0.02973977695167286 0.05762081784386617
1 0.06133828996282528 0.7472118959107806 0.026022304832713755 0.055762081784386616
1 0.0845724907063197 0.7388475836431226 0.022304832713754646 0.05204460966542751
1 0.017657992565055763 0.7815985130111525 0.011152416356877323 0.0724907063197026
1 0.09479553903345725 0.8717472118959108 0.027881040892193308 0.05018587360594796
1 0.027881040892193308 0.8894052044609665 0.01858736059479554 0.05390334572490706
1 0.6394052044609665 0.055762081784386616 0.07434944237918216 0.11152416356877323
1 0.5743494423791822 0.03717472118959108 0.048327137546468404 0.07434944237918216
1 0.5724907063197026 0.11802973977695168 0.05947955390334572 0.14312267657992564
1 0.7026022304832714 0.0055762081784386614 0.040892193308550186 0.011152416356877323
1 0.7453531598513011 0.10780669144981413 0.06691449814126393 0.19144981412639406
1 0.7035315985130112 0.11338289962825279 0.04275092936802974 0.14684014869888476
1 0.6691449814126395 0.12453531598513011 0.048327137546468404 0.13940520446096655
1 0.629182156133829 0.19052044609665428 0.04460966542750929 0.13011152416356878
1 0.5659851301115242 0.3020446096654275 0.046468401486988845 0.1449814126394052
1 0.5213754646840149 0.32899628252788105 0.046468401486988845 0.12639405204460966
1 0.7908921933085502 0.04925650557620818 0.04275092936802974 0.09851301115241635
1 0.8243494423791822 0.03345724907063197 0.031598513011152414 0.06691449814126393
1 0.8894052044609665 0.08921933085501858 0.10223048327137546 0.17843866171003717
1 0.8029739776951673 0.13475836431226765 0.03717472118959108 0.137546468401487
1 0.8596654275092936 0.19052044609665428 0.06319702602230483 0.13940520446096655
1 0.7871747211895911 0.29739776951672864 0.06691449814126393 0.17657992565055763
1 0.6756505576208178 0.2620817843866171 0.046468401486988845 0.15613382899628253
1 0.7174721189591078 0.24442379182156135 0.055762081784386616 0.12825278810408922
1 0.6356877323420075 0.3159851301115242 0.05018587360594796 0.1524163568773234
1 0.595724907063197 0.379182156133829 0.04460966542750929 0.13197026022304834
1 0.5046468401486989 0.41728624535315983 0.06691449814126393 0.14869888475836432
1 0.4600371747211896 0.49907063197026025 0.05204460966542751 0.10780669144981413
1 0.26858736059479554 0.5724907063197026 0.07434944237918216 0.13568773234200743
1 0.2128252788104089 0.7053903345724907 0.027881040892193308 0.15427509293680297
1 0.19144981412639406 0.7732342007434945 0.03345724907063197 0.13197026022304834
1 0.17100371747211895 0.8178438661710037 0.02973977695167286 0.09665427509293681
1 0.9628252788104089 0.013940520446096654 0.026022304832713755 0.027881040892193308
1 0.9247211895910781 0.25743494423791824 0.06133828996282528 0.14869888475836432
1 0.8661710037174721 0.31970260223048325 0.027881040892193308 0.10037174721189591
1 0.8364312267657993 0.3299256505576208 0.027881040892193308 0.08550185873605948
1 0.7239776951672863 0.3680297397769517 0.05018587360594796 0.17657992565055763
1 0.6830855018587361 0.3949814126394052 0.05204460966542751 0.14312267657992564
1 0.9600371747211895 0.1524163568773234 0.055762081784386616 0.22490706319702602
1 0.9702602230483272 0.36059479553903345 0.055762081784386616 0.16728624535315986
1 0.9200743494423792 0.3652416356877323 0.03531598513011153 0.08364312267657993
1 0.8020446096654275 0.6003717472118959 0.05762081784386617 0.17843866171003717
1 0.6477695167286245 0.5381040892193308 0.03345724907063197 0.120817843866171
1 0.7044609665427509 0.49814126394052044 0.040892193308550186 0.07992565055762081
1 0.7286245353159851 0.5892193308550185 0.046468401486988845 0.120817843866171
1 0.5074349442379182 0.5622676579925651 0.03903345724907063 0.10966542750929369
1 0.46654275092936803 0.5845724907063197 0.03717472118959108 0.08550185873605948
1 0.3912639405204461 0.6236059479553904 0.03345724907063197 0.09665427509293681
1 0.33271375464684017 0.5483271375464684 0.05204460966542751 0.12267657992565056
1 0.40892193308550184 0.525092936802974 0.04275092936802974 0.10223048327137546
1 0.6245353159851301 0.7174721189591078 0.03345724907063197 0.09665427509293681
1 0.6050185873605948 0.7639405204460966 0.027881040892193308 0.0687732342007435
1 0.3466542750929368 0.9061338289962825 0.03531598513011153 0.08921933085501858
1 0.4563197026022305 0.9312267657992565 0.026022304832713755 0.06319702602230483
1 0.5018587360594795 0.9256505576208178 0.00929368029739777 0.03903345724907063
1 0.4795539033457249 0.9117100371747212 0.01486988847583643 0.031598513011152414
1 0.5120817843866171 0.921003717472119 0.011152416356877323 0.031598513011152414
1 0.5343866171003717 0.9395910780669146 0.013011152416356878 0.048327137546468404
1 0.5734200743494424 0.9451672862453532 0.016728624535315983 0.05204460966542751
1 0.5641263940520446 0.9405204460966543 0.011152416356877323 0.046468401486988845
1 0.5855018587360595 0.9368029739776952 0.007434944237918215 0.03531598513011153
1 0.5920074349442379 0.9414498141263941 0.007434944237918215 0.031598513011152414
1 0.6022304832713755 0.9507434944237918 0.011152416356877323 0.04460966542750929
1 0.6171003717472119 0.949814126394052 0.01858736059479554 0.048327137546468404
1 0.9321561338289963 0.70817843866171 0.03531598513011153 0.12453531598513011
1 0.8717472118959108 0.4972118959107807 0.05204460966542751 0.11895910780669144
1 0.7955390334572491 0.46096654275092935 0.03531598513011153 0.11338289962825279
1 0.766728624535316 0.48977695167286245 0.03903345724907063 0.10966542750929369
1 0.9776951672862454 0.5185873605947955 0.04460966542750929 0.11895910780669144
1 0.07806691449814127 0.9135687732342007 0.020446096654275093 0.05018587360594796
1 0.991635687732342 0.7760223048327137 0.016728624535315983 0.09479553903345725
1 0.7342007434944238 0.9628252788104089 0.024163568773234202 0.05204460966542751
1 0.6682156133828996 0.95817843866171 0.024163568773234202 0.0687732342007435
1 0.6598513011152416 0.7565055762081785 0.022304832713754646 0.07992565055762081
1 0.6171003717472119 0.6171003717472119 0.02973977695167286 0.09479553903345725
1 0.6552044609665427 0.6505576208178439 0.026022304832713755 0.08178438661710037
1 0.6096654275092936 0.5148698884758365 0.024163568773234202 0.0724907063197026
1 0.8475836431226765 0.3940520446096654 0.027881040892193308 0.08178438661710037
1 0.820631970260223 0.43215613382899626 0.040892193308550186 0.15613382899628253
1 0.8856877323420075 0.34851301115241634 0.03345724907063197 0.10966542750929369
1 0.9321561338289963 0.44609665427509293 0.03903345724907063 0.11338289962825279
1 0.8578066914498141 0.587360594795539 0.03717472118959108 0.09665427509293681
1 0.837360594795539 0.5947955390334573 0.031598513011152414 0.0762081784386617
1 0.8652416356877324 0.7444237918215614 0.03531598513011153 0.0724907063197026
1 0.7760223048327137 0.7137546468401487 0.031598513011152414 0.08921933085501858
1 0.7369888475836431 0.7053903345724907 0.03531598513011153 0.10037174721189591
1 0.9767657992565055 0.6412639405204461 0.03345724907063197 0.10594795539033457
1 0.46933085501858735 0.7973977695167286 0.022304832713754646 0.0687732342007435
1 0.525092936802974 0.775092936802974 0.027881040892193308 0.07992565055762081
1 0.6970260223048327 0.6784386617100372 0.046468401486988845 0.120817843866171
1 0.35223048327137546 0.966542750929368 0.01486988847583643 0.05947955390334572
1 0.3382899628252788 0.9618959107806692 0.016728624535315983 0.05947955390334572
1 0.2862453531598513 0.8522304832713755 0.016728624535315983 0.040892193308550186
1 0.3271375464684015 0.6644981412639405 0.027881040892193308 0.09107806691449814
1 0.3503717472118959 0.6988847583643123 0.024163568773234202 0.07434944237918216
1 0.4163568773234201 0.6143122676579925 0.031598513011152414 0.08178438661710037
1 0.44423791821561337 0.6338289962825279 0.031598513011152414 0.08736059479553904
1 0.4684014869888476 0.6644981412639405 0.031598513011152414 0.07806691449814127
1 0.5213754646840149 0.6440520446096655 0.022304832713754646 0.06319702602230483
1 0.5622676579925651 0.5892193308550185 0.03717472118959108 0.08550185873605948
1 0.5548327137546468 0.5092936802973977 0.01858736059479554 0.06319702602230483
1 0.2527881040892193 0.6682156133828996 0.024163568773234202 0.06691449814126393
1 0.26765799256505574 0.7007434944237918 0.02973977695167286 0.08736059479553904
1 0.32063197026022305 0.7118959107806692 0.026022304832713755 0.06133828996282528
1 0.2992565055762082 0.7156133828996283 0.01858736059479554 0.05018587360594796
1 0.3745353159851301 0.662639405204461 0.02973977695167286 0.09107806691449814
1 0.41263940520446096 0.7230483271375465 0.020446096654275093 0.08178438661710037
1 0.33736059479553904 0.7639405204460966 0.01858736059479554 0.06319702602230483
1 0.2648698884758364 0.7704460966542751 0.031598513011152414 0.06133828996282528
1 0.266728624535316 0.8689591078066915 0.01486988847583643 0.031598513011152414
1 0.09200743494423792 0.9200743494423792 0.016728624535315983 0.05204460966542751
1 0.5566914498141264 0.6905204460966543 0.024163568773234202 0.06505576208178439
1 0.5715613382899628 0.6654275092936803 0.022304832713754646 0.05018587360594796
1 0.5892193308550185 0.6301115241635687 0.027881040892193308 0.07063197026022305
1 0.5808550185873605 0.7174721189591078 0.027881040892193308 0.08364312267657993
1 0.49256505576208176 0.8587360594795539 0.020446096654275093 0.06319702602230483
1 0.6301115241635687 0.8122676579925651 0.026022304832713755 0.08921933085501858
1 0.6115241635687733 0.828996282527881 0.024163568773234202 0.07434944237918216
1 0.3215613382899628 0.8828996282527881 0.024163568773234202 0.05762081784386617
1 0.23327137546468402 0.7620817843866171 0.026022304832713755 0.09851301115241635
1 0.699814126394052 0.8215613382899628 0.027881040892193308 0.09293680297397769
1 0.3912639405204461 0.7815985130111525 0.03531598513011153 0.09107806691449814
1 0.3187732342007435 0.7741635687732342 0.026022304832713755 0.06691449814126393
1 0.05947955390334572 0.9368029739776952 0.016728624535315983 0.046468401486988845
1 0.09665427509293681 0.95817843866171 0.013011152416356878 0.04275092936802974
1 0.02695167286245353 0.9563197026022305 0.00929368029739777 0.04460966542750929